0 0.16416666666666668 0.61625 0.29500000000000004 0.04
0 0.48750000000000004 0.61125 0.265 0.0375
0 0.8316666666666667 0.604375 0.30000000000000004 0.03625
0 0.16 0.561875 0.2833333333333333 0.03875
0 0.48750000000000004 0.5593750000000001 0.265 0.03875
0 0.8316666666666667 0.55625 0.30000000000000004 0.0325
0 0.4866666666666667 0.509375 0.26666666666666666 0.03875
0 0.155 0.513125 0.27666666666666667 0.03875
0 0.8241666666666667 0.504375 0.28833333333333333 0.03625
0 0.8250000000000001 0.4575 0.29000000000000004 0.0325
0 0.48583333333333334 0.458125 0.26166666666666666 0.03375
0 0.15833333333333335 0.45875 0.2833333333333333 0.035
0 0.4866666666666667 0.410625 0.27 0.03375
0 0.15916666666666668 0.410625 0.2816666666666667 0.03625
0 0.8183333333333334 0.41000000000000003 0.2833333333333333 0.0325
0 0.8175 0.36062500000000003 0.28500000000000003 0.03125
0 0.4916666666666667 0.36312500000000003 0.27666666666666667 0.03375
0 0.1525 0.36 0.27166666666666667 0.035
0 0.15333333333333335 0.310625 0.2733333333333334 0.03875
0 0.48583333333333334 0.313125 0.26833333333333337 0.03125
0 0.81 0.314375 0.27666666666666667 0.03375
0 0.4891666666666667 0.263125 0.2783333333333334 0.03375
0 0.14833333333333334 0.2625 0.26 0.03
0 0.8075000000000001 0.264375 0.275 0.03125
0 0.49000000000000005 0.216875 0.2833333333333333 0.03125
0 0.15083333333333335 0.216875 0.265 0.03125
0 0.8008333333333334 0.216875 0.26833333333333337 0.03625
0 0.8008333333333334 0.169375 0.26833333333333337 0.03375
0 0.48250000000000004 0.16875 0.265 0.0325
0 0.1391666666666667 0.163125 0.23833333333333334 0.03625
