0 0.15972222222222224 0.04722222222222222 0.24537037037037038 0.05694444444444444
0 0.17824074074074076 0.11840277777777779 0.28611111111111115 0.04236111111111111
0 0.1675925925925926 0.18159722222222222 0.2518518518518519 0.04513888888888889
0 0.16527777777777777 0.24618055555555557 0.24351851851851852 0.04236111111111111
0 0.14722222222222223 0.31180555555555556 0.21296296296296297 0.05694444444444444
0 0.1685185185185185 0.37569444444444444 0.27037037037037037 0.043055555555555555
0 0.17500000000000002 0.4434027777777778 0.2814814814814815 0.04652777777777778
0 0.16018518518518518 0.5013888888888889 0.2537037037037037 0.044444444444444446
0 0.17500000000000002 0.5628472222222223 0.26666666666666666 0.04791666666666667
0 0.1675925925925926 0.6215277777777778 0.2740740740740741 0.0375
0 0.17037037037037037 0.6850694444444445 0.26296296296296295 0.04652777777777778
0 0.16203703703703703 0.7489583333333334 0.2555555555555556 0.05625
0 0.16805555555555557 0.8135416666666667 0.287962962962963 0.04930555555555556
0 0.1615740740740741 0.8725694444444445 0.28611111111111115 0.052083333333333336
0 0.16296296296296298 0.9472222222222223 0.2925925925925926 0.06944444444444445
0 0.5125000000000001 0.042708333333333334 0.30092592592592593 0.03958333333333333
0 0.5180555555555556 0.115625 0.2935185185185185 0.04791666666666667
0 0.5037037037037038 0.17847222222222223 0.27222222222222225 0.059722222222222225
0 0.5083333333333333 0.24722222222222223 0.2740740740740741 0.059722222222222225
0 0.4935185185185185 0.31354166666666666 0.2351851851851852 0.05902777777777778
0 0.49768518518518523 0.37083333333333335 0.2638888888888889 0.061111111111111116
0 0.49953703703703706 0.4590277777777778 0.28425925925925927 0.05416666666666667
0 0.4962962962962963 0.5069444444444444 0.26296296296296295 0.04722222222222222
0 0.48842592592592593 0.5666666666666667 0.25462962962962965 0.061111111111111116
0 0.475462962962963 0.6364583333333333 0.23611111111111113 0.04930555555555556
0 0.5032407407407408 0.6916666666666667 0.30092592592592593 0.05277777777777778
0 0.4865740740740741 0.7600694444444445 0.2638888888888889 0.043750000000000004
0 0.48564814814814816 0.815625 0.2601851851851852 0.05347222222222223
0 0.47500000000000003 0.8770833333333333 0.2611111111111111 0.044444444444444446
0 0.48703703703703705 0.9447916666666667 0.2851851851851852 0.04791666666666667
0 0.8347222222222223 0.05277777777777778 0.22685185185185186 0.061111111111111116
0 0.8356481481481481 0.1125 0.24166666666666667 0.04861111111111111
0 0.825925925925926 0.18090277777777777 0.22777777777777777 0.052083333333333336
0 0.8305555555555556 0.24166666666666667 0.24814814814814815 0.061111111111111116
0 0.8296296296296297 0.31666666666666665 0.2574074074074074 0.07222222222222223
0 0.8212962962962963 0.3902777777777778 0.2537037037037037 0.0625
0 0.8162037037037038 0.45833333333333337 0.2601851851851852 0.0638888888888889
0 0.8023148148148148 0.5229166666666667 0.23425925925925928 0.04583333333333334
0 0.8060185185185186 0.5833333333333334 0.2490740740740741 0.058333333333333334
0 0.8111111111111111 0.6559027777777778 0.2777777777777778 0.04930555555555556
0 0.8148148148148149 0.7190972222222223 0.29814814814814816 0.06458333333333334
0 0.8097222222222222 0.7829861111111112 0.27870370370370373 0.05625
0 0.8009259259259259 0.8354166666666667 0.2777777777777778 0.04583333333333334
0 0.7740740740740741 0.8934027777777778 0.22222222222222224 0.052083333333333336
0 0.7833333333333333 0.9479166666666667 0.2537037037037037 0.05277777777777778
