0 0.12268518518518519 0.051736111111111115 0.16944444444444445 0.04236111111111111
0 0.13703703703703704 0.10972222222222222 0.2 0.04027777777777778
0 0.1375 0.16944444444444445 0.21203703703703705 0.04583333333333334
0 0.14074074074074075 0.22986111111111113 0.21666666666666667 0.05416666666666667
0 0.12962962962962962 0.2947916666666667 0.21296296296296297 0.03958333333333333
0 0.13333333333333333 0.3559027777777778 0.2388888888888889 0.043750000000000004
0 0.12916666666666668 0.41597222222222224 0.22314814814814815 0.03888888888888889
0 0.13518518518518519 0.48194444444444445 0.22222222222222224 0.04166666666666667
0 0.11388888888888889 0.5517361111111111 0.20740740740740743 0.04652777777777778
0 0.1337962962962963 0.6131944444444445 0.23055555555555557 0.04583333333333334
0 0.11157407407407408 0.6770833333333334 0.20462962962962963 0.04027777777777778
0 0.125 0.7451388888888889 0.22222222222222224 0.05277777777777778
0 0.1449074074074074 0.8072916666666667 0.2638888888888889 0.05486111111111111
0 0.12083333333333333 0.8743055555555556 0.22870370370370371 0.05416666666666667
0 0.10601851851851853 0.9392361111111112 0.2101851851851852 0.04097222222222222
0 0.4412037037037037 0.06041666666666667 0.19166666666666668 0.04861111111111111
0 0.4462962962962963 0.11944444444444445 0.19444444444444445 0.05416666666666667
0 0.4481481481481482 0.18090277777777777 0.21481481481481482 0.04930555555555556
0 0.45092592592592595 0.240625 0.2 0.04930555555555556
0 0.45555555555555555 0.296875 0.23333333333333334 0.050694444444444445
0 0.46574074074074073 0.3614583333333333 0.2388888888888889 0.03958333333333333
0 0.46851851851851856 0.42291666666666666 0.2388888888888889 0.05
0 0.44722222222222224 0.48888888888888893 0.20370370370370372 0.03888888888888889
0 0.45092592592592595 0.5493055555555556 0.22037037037037038 0.04583333333333334
0 0.4587962962962963 0.6131944444444445 0.24351851851851852 0.04722222222222222
0 0.4462962962962963 0.6788194444444444 0.21851851851851853 0.04236111111111111
0 0.4569444444444445 0.7399305555555555 0.225 0.04513888888888889
0 0.4532407407407408 0.8048611111111111 0.22314814814814815 0.044444444444444446
0 0.45416666666666666 0.8708333333333333 0.23611111111111113 0.04027777777777778
0 0.46851851851851856 0.9347222222222222 0.2518518518518519 0.05
0 0.7800925925925927 0.075 0.23796296296296296 0.04861111111111111
0 0.7648148148148148 0.13020833333333334 0.19074074074074074 0.04097222222222222
0 0.7717592592592593 0.18333333333333335 0.21574074074074076 0.043055555555555555
0 0.8009259259259259 0.246875 0.26296296296296295 0.04652777777777778
0 0.7666666666666667 0.3104166666666667 0.20185185185185187 0.043055555555555555
0 0.788425925925926 0.3715277777777778 0.23981481481481481 0.044444444444444446
0 0.7736111111111111 0.42465277777777777 0.2212962962962963 0.03958333333333333
0 0.7717592592592593 0.48506944444444444 0.21574074074074076 0.04652777777777778
0 0.7893518518518519 0.5527777777777778 0.2638888888888889 0.05277777777777778
0 0.7935185185185185 0.6062500000000001 0.2555555555555556 0.051388888888888894
0 0.7958333333333334 0.6760416666666667 0.2638888888888889 0.04236111111111111
0 0.7666666666666667 0.7368055555555556 0.2 0.036111111111111115
0 0.7902777777777779 0.7961805555555556 0.25833333333333336 0.04513888888888889
0 0.7976851851851852 0.8597222222222223 0.2675925925925926 0.043055555555555555
0 0.7833333333333333 0.9142361111111111 0.22592592592592595 0.050694444444444445
