0 0.4716666666666667 0.56 0.22 0.0325
0 0.8350000000000001 0.555625 0.2566666666666667 0.051250000000000004
0 0.14750000000000002 0.56625 0.23500000000000001 0.0525
0 0.14250000000000002 0.505625 0.225 0.043750000000000004
0 0.8316666666666667 0.501875 0.2566666666666667 0.04125
0 0.46416666666666667 0.455 0.21166666666666667 0.03
0 0.15916666666666668 0.45875 0.26166666666666666 0.035
0 0.8216666666666668 0.44625000000000004 0.24333333333333335 0.0425
0 0.4675 0.398125 0.21833333333333335 0.043750000000000004
0 0.13 0.408125 0.2 0.03625
0 0.8141666666666667 0.3925 0.23833333333333334 0.0375
0 0.4766666666666667 0.30062500000000003 0.2366666666666667 0.03875
0 0.4716666666666667 0.255625 0.22666666666666668 0.03125
0 0.45833333333333337 0.20375000000000001 0.20333333333333334 0.0375
0 0.7908333333333334 0.194375 0.21500000000000002 0.03375
0 0.7875000000000001 0.14 0.20833333333333334 0.0375
0 0.47250000000000003 0.093125 0.24500000000000002 0.043750000000000004
0 0.12916666666666668 0.111875 0.20500000000000002 0.03875
0 0.12916666666666668 0.1575 0.20500000000000002 0.0425
0 0.1391666666666667 0.210625 0.21166666666666667 0.04125
0 0.135 0.258125 0.2066666666666667 0.03875
0 0.12916666666666668 0.31125 0.195 0.045
0 0.1325 0.36 0.2016666666666667 0.0325
0 0.4516666666666667 0.14875 0.20333333333333334 0.0425
0 0.46416666666666667 0.35000000000000003 0.21166666666666667 0.0375
0 0.46416666666666667 0.504375 0.21833333333333335 0.03625
0 0.79 0.088125 0.21000000000000002 0.03875
0 0.795 0.24625 0.22 0.0375
0 0.7991666666666667 0.294375 0.21166666666666667 0.03875
0 0.8033333333333333 0.343125 0.21666666666666667 0.03875
