0 0.20925925925925926 0.07118055555555555 0.2351851851851852 0.05347222222222223
0 0.20185185185185187 0.13333333333333333 0.20370370370370372 0.04722222222222222
0 0.23287037037037037 0.19722222222222224 0.26944444444444443 0.04166666666666667
0 0.22175925925925927 0.25972222222222224 0.25833333333333336 0.04583333333333334
0 0.23148148148148148 0.31319444444444444 0.27592592592592596 0.04722222222222222
0 0.22314814814814815 0.3819444444444445 0.2351851851851852 0.044444444444444446
0 0.23842592592592593 0.44236111111111115 0.2638888888888889 0.03888888888888889
0 0.19861111111111113 0.4996527777777778 0.18425925925925926 0.050694444444444445
0 0.22731481481481483 0.5652777777777778 0.23611111111111113 0.05277777777777778
0 0.22453703703703703 0.6208333333333333 0.24351851851851852 0.04027777777777778
0 0.1925925925925926 0.6774305555555555 0.20185185185185187 0.04930555555555556
0 0.2013888888888889 0.7423611111111111 0.2064814814814815 0.058333333333333334
0 0.19444444444444445 0.8055555555555556 0.19444444444444445 0.04722222222222222
0 0.225 0.8618055555555556 0.2555555555555556 0.04583333333333334
0 0.20833333333333334 0.9281250000000001 0.2351851851851852 0.05625
0 0.5259259259259259 0.06145833333333334 0.24444444444444446 0.05486111111111111
0 0.5115740740740741 0.13402777777777777 0.20277777777777778 0.043055555555555555
0 0.5333333333333333 0.19756944444444446 0.24444444444444446 0.04652777777777778
0 0.5370370370370371 0.25798611111111114 0.23333333333333334 0.050694444444444445
0 0.5324074074074074 0.3197916666666667 0.2425925925925926 0.05625
0 0.5287037037037037 0.375 0.23703703703703705 0.044444444444444446
0 0.537962962962963 0.44097222222222227 0.2518518518518519 0.03888888888888889
0 0.538425925925926 0.5048611111111111 0.2564814814814815 0.05555555555555556
0 0.5333333333333333 0.5652777777777778 0.23148148148148148 0.051388888888888894
0 0.5412037037037037 0.6277777777777778 0.25462962962962965 0.05416666666666667
0 0.5199074074074074 0.6829861111111112 0.22314814814814815 0.043750000000000004
0 0.5240740740740741 0.7479166666666667 0.2388888888888889 0.051388888888888894
0 0.5310185185185186 0.80625 0.24722222222222223 0.04722222222222222
0 0.5314814814814816 0.8628472222222222 0.24629629629629632 0.04930555555555556
0 0.5402777777777777 0.925 0.28055555555555556 0.04583333333333334
0 0.826388888888889 0.065625 0.18055555555555555 0.05486111111111111
0 0.8490740740740741 0.13368055555555555 0.22037037037037038 0.05625
0 0.8328703703703704 0.19375 0.20277777777777778 0.05
0 0.8291666666666667 0.25243055555555555 0.19351851851851853 0.050694444444444445
0 0.8240740740740741 0.3197916666666667 0.1851851851851852 0.04652777777777778
0 0.8217592592592593 0.3840277777777778 0.18796296296296297 0.036111111111111115
0 0.8490740740740741 0.4416666666666667 0.24629629629629632 0.051388888888888894
0 0.837962962962963 0.5041666666666667 0.2351851851851852 0.044444444444444446
0 0.8398148148148148 0.5635416666666667 0.23703703703703705 0.04652777777777778
0 0.8412037037037038 0.6347222222222223 0.23240740740740742 0.044444444444444446
0 0.837962962962963 0.6916666666666667 0.24444444444444446 0.05277777777777778
0 0.8490740740740741 0.7486111111111111 0.26296296296296295 0.044444444444444446
0 0.837962962962963 0.8159722222222222 0.24444444444444446 0.043055555555555555
0 0.8189814814814815 0.8711805555555556 0.22870370370370371 0.043750000000000004
0 0.8236111111111112 0.9343750000000001 0.22870370370370371 0.043750000000000004
