0 0.2337962962962963 0.059375000000000004 0.26944444444444443 0.04791666666666667
0 0.21574074074074076 0.12986111111111112 0.22962962962962963 0.04861111111111111
0 0.22453703703703703 0.18854166666666666 0.24537037037037038 0.04791666666666667
0 0.21851851851851853 0.25243055555555555 0.24444444444444446 0.05347222222222223
0 0.20231481481481484 0.3121527777777778 0.20462962962962963 0.04513888888888889
0 0.19722222222222224 0.37222222222222223 0.20555555555555557 0.044444444444444446
0 0.21203703703703705 0.43506944444444445 0.23703703703703705 0.04097222222222222
0 0.2138888888888889 0.4930555555555556 0.23333333333333334 0.05
0 0.22824074074074074 0.5520833333333334 0.26944444444444443 0.043055555555555555
0 0.2101851851851852 0.6121527777777778 0.24074074074074076 0.052083333333333336
0 0.21851851851851853 0.6725694444444444 0.26666666666666666 0.04652777777777778
0 0.20092592592592592 0.7315972222222222 0.24629629629629632 0.04097222222222222
0 0.21574074074074076 0.7923611111111112 0.27222222222222225 0.051388888888888894
0 0.21481481481481482 0.857638888888889 0.2796296296296296 0.059722222222222225
0 0.20046296296296298 0.9180555555555556 0.2564814814814815 0.05
0 0.5300925925925926 0.06666666666666667 0.23796296296296296 0.044444444444444446
0 0.537962962962963 0.12569444444444444 0.26481481481481484 0.05
0 0.5356481481481482 0.18680555555555556 0.2657407407407408 0.05
0 0.5518518518518519 0.24722222222222223 0.29444444444444445 0.05555555555555556
0 0.5430555555555556 0.31527777777777777 0.275 0.05555555555555556
0 0.5388888888888889 0.3784722222222222 0.27037037037037037 0.04722222222222222
0 0.5023148148148149 0.4392361111111111 0.20462962962962963 0.052083333333333336
0 0.512962962962963 0.5003472222222223 0.2351851851851852 0.052083333333333336
0 0.5509259259259259 0.5642361111111112 0.3148148148148148 0.04652777777777778
0 0.524537037037037 0.6229166666666667 0.25092592592592594 0.05277777777777778
0 0.48194444444444445 0.6854166666666667 0.2064814814814815 0.058333333333333334
0 0.4986111111111111 0.74375 0.22685185185185186 0.04722222222222222
0 0.4939814814814815 0.8111111111111111 0.21574074074074076 0.05694444444444444
0 0.4847222222222222 0.873263888888889 0.2101851851851852 0.052083333333333336
0 0.5023148148148149 0.9402777777777778 0.24537037037037038 0.05694444444444444
0 0.8495370370370371 0.06701388888888889 0.23611111111111113 0.052083333333333336
0 0.8435185185185186 0.1295138888888889 0.23148148148148148 0.04513888888888889
0 0.8490740740740741 0.19409722222222223 0.24814814814814815 0.052083333333333336
0 0.8481481481481482 0.25520833333333337 0.2351851851851852 0.04652777777777778
0 0.8273148148148148 0.31701388888888893 0.2212962962962963 0.043750000000000004
0 0.8393518518518519 0.3770833333333333 0.24351851851851852 0.05277777777777778
0 0.8300925925925926 0.4451388888888889 0.23425925925925928 0.04583333333333334
0 0.8282407407407407 0.5097222222222222 0.24537037037037038 0.05416666666666667
0 0.8324074074074075 0.5725694444444445 0.24074074074074076 0.05347222222222223
0 0.8203703703703704 0.6378472222222222 0.22962962962962963 0.04652777777777778
0 0.8268518518518518 0.6947916666666667 0.2518518518518519 0.052083333333333336
0 0.8277777777777778 0.7649305555555556 0.25 0.06319444444444444
0 0.8166666666666667 0.8256944444444445 0.26296296296296295 0.051388888888888894
0 0.8185185185185185 0.890625 0.2388888888888889 0.04513888888888889
0 0.8250000000000001 0.9479166666666667 0.2611111111111111 0.051388888888888894
