0 0.18833333333333335 0.729375 0.30000000000000004 0.043750000000000004
0 0.8383333333333334 0.716875 0.30000000000000004 0.05625
0 0.19166666666666668 0.661875 0.30000000000000004 0.043750000000000004
0 0.19166666666666668 0.5975 0.30000000000000004 0.0525
0 0.19333333333333336 0.52875 0.30000000000000004 0.0425
0 0.5216666666666667 0.531875 0.30000000000000004 0.05375
0 0.8366666666666667 0.52625 0.30000000000000004 0.05
0 0.8350000000000001 0.470625 0.30000000000000004 0.05625
0 0.5233333333333333 0.465625 0.30000000000000004 0.04625
0 0.19666666666666668 0.46375 0.30000000000000004 0.0425
0 0.8300000000000001 0.4 0.30000000000000004 0.0425
0 0.525 0.4 0.30000000000000004 0.0425
0 0.2 0.4 0.30000000000000004 0.0425
0 0.8300000000000001 0.339375 0.30000000000000004 0.04125
0 0.5216666666666667 0.336875 0.30000000000000004 0.04125
0 0.2 0.33625 0.30000000000000004 0.0425
0 0.8283333333333334 0.278125 0.30000000000000004 0.04125
0 0.52 0.275 0.30000000000000004 0.0425
0 0.20333333333333334 0.27375 0.30000000000000004 0.0425
0 0.8266666666666668 0.2175 0.30000000000000004 0.04
0 0.5216666666666667 0.21375 0.30000000000000004 0.0425
0 0.20500000000000002 0.2125 0.30000000000000004 0.045
0 0.8250000000000001 0.1575 0.30000000000000004 0.04
0 0.5233333333333333 0.153125 0.30000000000000004 0.04125
0 0.20833333333333334 0.153125 0.30000000000000004 0.051250000000000004
0 0.5075000000000001 0.593125 0.28500000000000003 0.051250000000000004
0 0.5125000000000001 0.66125 0.265 0.0425
0 0.8266666666666668 0.59125 0.28 0.05
0 0.8433333333333334 0.6525 0.30333333333333334 0.0475
0 0.5066666666666667 0.72875 0.26 0.055
