0 0.18666666666666668 0.735625 0.30000000000000004 0.043750000000000004
0 0.5016666666666667 0.725 0.30000000000000004 0.0525
0 0.8133333333333334 0.7175 0.30000000000000004 0.0425
0 0.18500000000000003 0.670625 0.30000000000000004 0.043750000000000004
0 0.5 0.6625 0.30000000000000004 0.0475
0 0.81 0.654375 0.30000000000000004 0.043750000000000004
0 0.18333333333333335 0.605625 0.30000000000000004 0.043750000000000004
0 0.8066666666666668 0.5925 0.30000000000000004 0.0425
0 0.4966666666666667 0.601875 0.30000000000000004 0.05625
0 0.18666666666666668 0.5425 0.30000000000000004 0.0425
0 0.4966666666666667 0.5387500000000001 0.30000000000000004 0.05
0 0.8033333333333333 0.53125 0.30000000000000004 0.0425
0 0.18333333333333335 0.47875 0.30000000000000004 0.0425
0 0.49500000000000005 0.47500000000000003 0.30000000000000004 0.045
0 0.8033333333333333 0.469375 0.30000000000000004 0.04125
0 0.18333333333333335 0.41625 0.30000000000000004 0.0425
0 0.7983333333333333 0.40875 0.30000000000000004 0.0425
0 0.49333333333333335 0.41125 0.30000000000000004 0.0525
0 0.18666666666666668 0.35375 0.30000000000000004 0.0425
0 0.4916666666666667 0.35000000000000003 0.30000000000000004 0.0425
0 0.7966666666666667 0.349375 0.30000000000000004 0.04125
0 0.18333333333333335 0.29375 0.30000000000000004 0.0425
0 0.49000000000000005 0.29 0.30000000000000004 0.0475
0 0.18500000000000003 0.233125 0.30000000000000004 0.04125
0 0.795 0.230625 0.30000000000000004 0.04125
0 0.49000000000000005 0.23 0.30000000000000004 0.0425
0 0.7866666666666667 0.17250000000000001 0.30000000000000004 0.04
0 0.4866666666666667 0.17125 0.30000000000000004 0.0475
0 0.18500000000000003 0.17250000000000001 0.30000000000000004 0.0475
0 0.8025000000000001 0.2925 0.30833333333333335 0.0425
