0 0.18333333333333335 0.73875 0.30000000000000004 0.0425
0 0.5033333333333334 0.7375 0.30000000000000004 0.0475
0 0.8150000000000001 0.73625 0.30000000000000004 0.0425
0 0.8166666666666668 0.675625 0.30000000000000004 0.04125
0 0.5 0.675625 0.30000000000000004 0.04125
0 0.18333333333333335 0.67625 0.30000000000000004 0.0425
0 0.8166666666666668 0.615 0.30000000000000004 0.0425
0 0.5016666666666667 0.61375 0.30000000000000004 0.0425
0 0.18666666666666668 0.61375 0.30000000000000004 0.0425
0 0.8150000000000001 0.56 0.30000000000000004 0.055
0 0.5033333333333334 0.553125 0.30000000000000004 0.04125
0 0.18833333333333335 0.5525 0.30000000000000004 0.0425
0 0.8183333333333334 0.494375 0.30000000000000004 0.04125
0 0.5 0.491875 0.30000000000000004 0.04125
0 0.19166666666666668 0.49062500000000003 0.30000000000000004 0.04125
0 0.8166666666666668 0.43375 0.30000000000000004 0.04
0 0.505 0.43062500000000004 0.30000000000000004 0.04125
0 0.19166666666666668 0.42812500000000003 0.30000000000000004 0.04125
0 0.8183333333333334 0.374375 0.30000000000000004 0.04125
0 0.5066666666666667 0.369375 0.30000000000000004 0.04125
0 0.19166666666666668 0.366875 0.30000000000000004 0.04125
0 0.8150000000000001 0.314375 0.30000000000000004 0.04125
0 0.5066666666666667 0.309375 0.30000000000000004 0.04125
0 0.19666666666666668 0.306875 0.30000000000000004 0.04125
0 0.8183333333333334 0.255625 0.30000000000000004 0.04125
0 0.5083333333333334 0.25 0.30000000000000004 0.0425
0 0.19833333333333333 0.245 0.30000000000000004 0.0475
0 0.8200000000000001 0.195625 0.30000000000000004 0.04125
0 0.5083333333333334 0.19062500000000002 0.30000000000000004 0.04125
0 0.2 0.18812500000000001 0.30000000000000004 0.043750000000000004
