0 0.15166666666666667 0.885625 0.30000000000000004 0.24875
0 0.7933333333333333 0.71125 0.30000000000000004 0.0425
0 0.4866666666666667 0.70625 0.30000000000000004 0.0425
0 0.2 0.699375 0.30000000000000004 0.04125
0 0.7916666666666667 0.64875 0.30000000000000004 0.0425
0 0.48833333333333334 0.644375 0.30000000000000004 0.04125
0 0.2016666666666667 0.640625 0.30000000000000004 0.04125
0 0.7933333333333333 0.58625 0.30000000000000004 0.0425
0 0.48833333333333334 0.583125 0.30000000000000004 0.04125
0 0.2016666666666667 0.5806250000000001 0.30000000000000004 0.04125
0 0.7933333333333333 0.5231250000000001 0.30000000000000004 0.04125
0 0.49000000000000005 0.5231250000000001 0.30000000000000004 0.04125
0 0.19833333333333333 0.521875 0.30000000000000004 0.04125
0 0.2016666666666667 0.46187500000000004 0.30000000000000004 0.04125
0 0.7933333333333333 0.460625 0.30000000000000004 0.04125
0 0.48833333333333334 0.46125 0.30000000000000004 0.0425
0 0.2 0.401875 0.30000000000000004 0.04125
0 0.49000000000000005 0.4 0.30000000000000004 0.0425
0 0.795 0.3975 0.30000000000000004 0.0425
0 0.2 0.341875 0.30000000000000004 0.04125
0 0.49000000000000005 0.3375 0.30000000000000004 0.0425
0 0.7933333333333333 0.335 0.30000000000000004 0.0425
0 0.48833333333333334 0.275625 0.30000000000000004 0.04125
0 0.19666666666666668 0.281875 0.30000000000000004 0.04875
0 0.795 0.2725 0.30000000000000004 0.0425
0 0.2 0.2225 0.30000000000000004 0.04
0 0.48833333333333334 0.215625 0.30000000000000004 0.04125
0 0.795 0.21 0.30000000000000004 0.0425
0 0.20333333333333334 0.164375 0.30000000000000004 0.04125
0 0.7933333333333333 0.14625 0.30000000000000004 0.0425
0 0.49000000000000005 0.15125 0.30000000000000004 0.05
