0 0.81 0.720625 0.30000000000000004 0.043750000000000004
0 0.5066666666666667 0.716875 0.30000000000000004 0.04125
0 0.20500000000000002 0.715 0.30000000000000004 0.0425
0 0.81 0.6587500000000001 0.30000000000000004 0.0425
0 0.5066666666666667 0.655625 0.30000000000000004 0.04125
0 0.20333333333333334 0.655 0.30000000000000004 0.05
0 0.81 0.5975 0.30000000000000004 0.0425
0 0.5033333333333334 0.5962500000000001 0.30000000000000004 0.05
0 0.2066666666666667 0.591875 0.30000000000000004 0.04875
0 0.8116666666666668 0.535 0.30000000000000004 0.0425
0 0.505 0.5337500000000001 0.30000000000000004 0.0425
0 0.20500000000000002 0.5325 0.30000000000000004 0.05
0 0.8150000000000001 0.471875 0.30000000000000004 0.043750000000000004
0 0.505 0.474375 0.30000000000000004 0.05375
0 0.20333333333333334 0.474375 0.30000000000000004 0.058750000000000004
0 0.5033333333333334 0.40875 0.30000000000000004 0.0425
0 0.2016666666666667 0.41000000000000003 0.30000000000000004 0.055
0 0.8150000000000001 0.403125 0.30000000000000004 0.058750000000000004
0 0.5016666666666667 0.34500000000000003 0.30000000000000004 0.0425
0 0.8200000000000001 0.34125 0.30000000000000004 0.0425
0 0.2016666666666667 0.340625 0.30000000000000004 0.05375
0 0.2 0.28625 0.30000000000000004 0.0425
0 0.5083333333333334 0.28250000000000003 0.30000000000000004 0.0425
0 0.8166666666666668 0.275 0.30000000000000004 0.045
0 0.2016666666666667 0.22312500000000002 0.30000000000000004 0.04625
0 0.5033333333333334 0.22062500000000002 0.30000000000000004 0.051250000000000004
0 0.8216666666666668 0.20875 0.30000000000000004 0.045
0 0.2016666666666667 0.15625 0.30000000000000004 0.05
0 0.5033333333333334 0.153125 0.30000000000000004 0.04625
0 0.8200000000000001 0.139375 0.30000000000000004 0.06125
