0 0.14500000000000002 0.88625 0.2866666666666667 0.2425
0 0.5066666666666667 0.70875 0.30000000000000004 0.0425
0 0.195 0.704375 0.30000000000000004 0.04125
0 0.8333333333333334 0.64625 0.30000000000000004 0.0425
0 0.505 0.645 0.30000000000000004 0.0425
0 0.19833333333333333 0.641875 0.30000000000000004 0.04125
0 0.8333333333333334 0.58125 0.30000000000000004 0.0425
0 0.5066666666666667 0.583125 0.30000000000000004 0.04625
0 0.19833333333333333 0.579375 0.30000000000000004 0.04125
0 0.19833333333333333 0.516875 0.30000000000000004 0.04125
0 0.8333333333333334 0.51625 0.30000000000000004 0.0425
0 0.505 0.515625 0.30000000000000004 0.043750000000000004
0 0.20083333333333334 0.451875 0.3016666666666667 0.04625
0 0.5066666666666667 0.4525 0.30000000000000004 0.0425
0 0.8316666666666667 0.45 0.30000000000000004 0.0425
0 0.20083333333333334 0.385 0.3016666666666667 0.055
0 0.5033333333333334 0.3875 0.30000000000000004 0.0425
0 0.8333333333333334 0.384375 0.30000000000000004 0.043750000000000004
0 0.2 0.32937500000000003 0.30000000000000004 0.04125
0 0.505 0.321875 0.30000000000000004 0.043750000000000004
0 0.8316666666666667 0.316875 0.30000000000000004 0.043750000000000004
0 0.2016666666666667 0.268125 0.30000000000000004 0.04125
0 0.505 0.258125 0.30000000000000004 0.043750000000000004
0 0.8316666666666667 0.250625 0.30000000000000004 0.043750000000000004
0 0.2016666666666667 0.20625000000000002 0.30000000000000004 0.0425
0 0.505 0.194375 0.30000000000000004 0.04125
0 0.8316666666666667 0.183125 0.30000000000000004 0.043750000000000004
0 0.20333333333333334 0.145 0.30000000000000004 0.0425
0 0.5066666666666667 0.13125 0.30000000000000004 0.0425
0 0.8316666666666667 0.11812500000000001 0.30000000000000004 0.043750000000000004
0 0.8400000000000001 0.7125 0.29333333333333333 0.0625
