0 0.5266666666666667 0.725 0.30000000000000004 0.0425
0 0.8366666666666667 0.7212500000000001 0.30000000000000004 0.0425
0 0.5266666666666667 0.665 0.30000000000000004 0.0425
0 0.8366666666666667 0.660625 0.30000000000000004 0.04125
0 0.5266666666666667 0.601875 0.30000000000000004 0.04125
0 0.8383333333333334 0.6 0.30000000000000004 0.0425
0 0.2066666666666667 0.6012500000000001 0.30000000000000004 0.06
0 0.20500000000000002 0.541875 0.30000000000000004 0.04125
0 0.8383333333333334 0.539375 0.30000000000000004 0.04125
0 0.5266666666666667 0.534375 0.30000000000000004 0.04875
0 0.8400000000000001 0.478125 0.30000000000000004 0.04125
0 0.5266666666666667 0.47500000000000003 0.30000000000000004 0.0475
0 0.8400000000000001 0.418125 0.30000000000000004 0.04625
0 0.5283333333333333 0.415625 0.30000000000000004 0.04125
0 0.8416666666666667 0.35375 0.30000000000000004 0.0425
0 0.525 0.351875 0.30000000000000004 0.04125
0 0.8416666666666667 0.29 0.30000000000000004 0.0425
0 0.5266666666666667 0.29 0.30000000000000004 0.0425
0 0.20833333333333334 0.28875 0.30000000000000004 0.0425
0 0.8416666666666667 0.228125 0.30000000000000004 0.04125
0 0.525 0.225 0.30000000000000004 0.0525
0 0.8400000000000001 0.1675 0.30000000000000004 0.05
0 0.525 0.165 0.30000000000000004 0.045
0 0.1975 0.16375 0.2783333333333334 0.045
0 0.21500000000000002 0.229375 0.2966666666666667 0.058750000000000004
0 0.20333333333333334 0.35125 0.29333333333333333 0.0625
0 0.2041666666666667 0.41625 0.2783333333333334 0.05
0 0.1991666666666667 0.480625 0.275 0.05375
0 0.20500000000000002 0.6743750000000001 0.2866666666666667 0.05375
0 0.2025 0.7312500000000001 0.29833333333333334 0.0475
