0 0.1716666666666667 0.708125 0.30000000000000004 0.043750000000000004
0 0.505 0.705 0.30000000000000004 0.0425
0 0.8333333333333334 0.6975 0.30000000000000004 0.045
0 0.17 0.6425 0.30000000000000004 0.0425
0 0.5066666666666667 0.639375 0.30000000000000004 0.043750000000000004
0 0.16833333333333333 0.578125 0.30000000000000004 0.043750000000000004
0 0.5033333333333334 0.57375 0.30000000000000004 0.0425
0 0.8300000000000001 0.56875 0.30000000000000004 0.0425
0 0.5033333333333334 0.509375 0.30000000000000004 0.043750000000000004
0 0.17 0.51625 0.30000000000000004 0.0625
0 0.8266666666666668 0.505 0.30000000000000004 0.0425
0 0.16833333333333333 0.44625000000000004 0.30000000000000004 0.0425
0 0.8250000000000001 0.443125 0.30000000000000004 0.04125
0 0.5016666666666667 0.44375000000000003 0.30000000000000004 0.0425
0 0.8216666666666668 0.38125000000000003 0.30000000000000004 0.0425
0 0.17 0.38125000000000003 0.30000000000000004 0.0425
0 0.5016666666666667 0.38 0.30000000000000004 0.0425
0 0.8183333333333334 0.320625 0.30000000000000004 0.04125
0 0.17 0.315625 0.30000000000000004 0.043750000000000004
0 0.5 0.3125 0.30000000000000004 0.055
0 0.8133333333333334 0.26 0.30000000000000004 0.04
0 0.5 0.253125 0.30000000000000004 0.04125
0 0.1716666666666667 0.2525 0.30000000000000004 0.0425
0 0.8116666666666668 0.20125 0.30000000000000004 0.04
0 0.49833333333333335 0.19187500000000002 0.30000000000000004 0.04125
0 0.17333333333333334 0.18875 0.30000000000000004 0.0425
0 0.8083333333333333 0.144375 0.30000000000000004 0.04125
0 0.49833333333333335 0.131875 0.30000000000000004 0.04125
0 0.17500000000000002 0.129375 0.30000000000000004 0.051250000000000004
0 0.8125 0.63375 0.25833333333333336 0.05
