0 0.515 0.71125 0.30000000000000004 0.0425
0 0.8316666666666667 0.71 0.30000000000000004 0.0425
0 0.18500000000000003 0.7106250000000001 0.30000000000000004 0.043750000000000004
0 0.51 0.6475 0.30000000000000004 0.0425
0 0.8300000000000001 0.64625 0.30000000000000004 0.0425
0 0.18666666666666668 0.645 0.30000000000000004 0.0425
0 0.8316666666666667 0.583125 0.30000000000000004 0.04125
0 0.5116666666666667 0.5825 0.30000000000000004 0.0425
0 0.18500000000000003 0.58 0.30000000000000004 0.0425
0 0.8333333333333334 0.520625 0.30000000000000004 0.04125
0 0.515 0.51875 0.30000000000000004 0.0425
0 0.19166666666666668 0.51625 0.30000000000000004 0.0425
0 0.8300000000000001 0.4575 0.30000000000000004 0.0425
0 0.5116666666666667 0.45375 0.30000000000000004 0.0425
0 0.19 0.451875 0.30000000000000004 0.04125
0 0.8316666666666667 0.395625 0.30000000000000004 0.04125
0 0.5133333333333334 0.39 0.30000000000000004 0.0425
0 0.195 0.3875 0.30000000000000004 0.0425
0 0.8316666666666667 0.33375 0.30000000000000004 0.0425
0 0.5166666666666667 0.32625 0.30000000000000004 0.0425
0 0.19333333333333336 0.3225 0.30000000000000004 0.0425
0 0.8333333333333334 0.27187500000000003 0.30000000000000004 0.04125
0 0.5166666666666667 0.263125 0.30000000000000004 0.043750000000000004
0 0.195 0.25875 0.30000000000000004 0.0425
0 0.8316666666666667 0.210625 0.30000000000000004 0.04125
0 0.5166666666666667 0.2 0.30000000000000004 0.0425
0 0.19666666666666668 0.194375 0.30000000000000004 0.043750000000000004
0 0.8333333333333334 0.150625 0.30000000000000004 0.04125
0 0.5183333333333333 0.13875 0.30000000000000004 0.0425
0 0.2 0.13 0.30000000000000004 0.05
