0 0.8083333333333333 0.703125 0.30000000000000004 0.04625
0 0.4733333333333334 0.6975 0.30000000000000004 0.045
0 0.15166666666666667 0.693125 0.30000000000000004 0.043750000000000004
0 0.81 0.6325000000000001 0.30000000000000004 0.045
0 0.4733333333333334 0.62875 0.30000000000000004 0.0475
0 0.15666666666666668 0.626875 0.30000000000000004 0.043750000000000004
0 0.16333333333333333 0.561875 0.30000000000000004 0.043750000000000004
0 0.81 0.56125 0.30000000000000004 0.045
0 0.4766666666666667 0.560625 0.30000000000000004 0.05625
0 0.16833333333333333 0.4975 0.30000000000000004 0.0425
0 0.4716666666666667 0.49625 0.30000000000000004 0.0475
0 0.81 0.49125 0.30000000000000004 0.045
0 0.17 0.433125 0.30000000000000004 0.043750000000000004
0 0.4733333333333334 0.42625 0.30000000000000004 0.05
0 0.8083333333333333 0.42125 0.30000000000000004 0.045
0 0.17333333333333334 0.37 0.30000000000000004 0.0425
0 0.47250000000000003 0.35375 0.29833333333333334 0.06
0 0.8016666666666667 0.35375 0.30000000000000004 0.045
0 0.17333333333333334 0.3075 0.30000000000000004 0.0425
0 0.4766666666666667 0.29625 0.30000000000000004 0.045
0 0.17500000000000002 0.24625 0.30000000000000004 0.0425
0 0.4816666666666667 0.225625 0.3066666666666667 0.05625
0 0.8 0.21875 0.30000000000000004 0.045
0 0.17666666666666667 0.184375 0.30000000000000004 0.043750000000000004
0 0.48000000000000004 0.16125 0.3066666666666667 0.0575
0 0.7983333333333333 0.1525 0.30000000000000004 0.045
0 0.18333333333333335 0.124375 0.30000000000000004 0.04125
0 0.8033333333333333 0.089375 0.30000000000000004 0.043750000000000004
0 0.47500000000000003 0.09875 0.30000000000000004 0.0475
0 0.8166666666666668 0.288125 0.3066666666666667 0.06375
