0 0.805 0.729375 0.30000000000000004 0.043750000000000004
0 0.19 0.7175 0.30000000000000004 0.0425
0 0.49000000000000005 0.720625 0.30000000000000004 0.05375
0 0.8033333333333333 0.665 0.30000000000000004 0.045
0 0.48833333333333334 0.659375 0.30000000000000004 0.043750000000000004
0 0.18833333333333335 0.65625 0.30000000000000004 0.0425
0 0.8033333333333333 0.599375 0.30000000000000004 0.043750000000000004
0 0.48833333333333334 0.5962500000000001 0.30000000000000004 0.0425
0 0.18833333333333335 0.594375 0.30000000000000004 0.04125
0 0.8033333333333333 0.534375 0.30000000000000004 0.043750000000000004
0 0.4866666666666667 0.535 0.30000000000000004 0.0475
0 0.18666666666666668 0.5325 0.30000000000000004 0.0425
0 0.18666666666666668 0.470625 0.30000000000000004 0.04125
0 0.48833333333333334 0.46875 0.30000000000000004 0.0425
0 0.805 0.468125 0.30000000000000004 0.043750000000000004
0 0.18666666666666668 0.40875 0.30000000000000004 0.0425
0 0.48833333333333334 0.405 0.30000000000000004 0.0425
0 0.8083333333333333 0.400625 0.30000000000000004 0.043750000000000004
0 0.18500000000000003 0.34625 0.30000000000000004 0.0425
0 0.4866666666666667 0.34 0.30000000000000004 0.0425
0 0.8016666666666667 0.333125 0.30000000000000004 0.043750000000000004
0 0.18500000000000003 0.283125 0.30000000000000004 0.04125
0 0.48500000000000004 0.275 0.30000000000000004 0.0425
0 0.8033333333333333 0.26625 0.30000000000000004 0.045
0 0.18333333333333335 0.22 0.30000000000000004 0.0425
0 0.48500000000000004 0.210625 0.30000000000000004 0.043750000000000004
0 0.8033333333333333 0.19875 0.30000000000000004 0.045
0 0.18166666666666667 0.1575 0.30000000000000004 0.0425
0 0.4866666666666667 0.145 0.30000000000000004 0.0425
0 0.8033333333333333 0.13125 0.30000000000000004 0.045
