0 0.17833333333333334 0.728125 0.30000000000000004 0.043750000000000004
0 0.49500000000000005 0.724375 0.30000000000000004 0.043750000000000004
0 0.8166666666666668 0.723125 0.30000000000000004 0.043750000000000004
0 0.17666666666666667 0.664375 0.30000000000000004 0.043750000000000004
0 0.17333333333333334 0.59875 0.30000000000000004 0.0425
0 0.4916666666666667 0.594375 0.30000000000000004 0.043750000000000004
0 0.8116666666666668 0.5906250000000001 0.30000000000000004 0.043750000000000004
0 0.17333333333333334 0.534375 0.30000000000000004 0.043750000000000004
0 0.48833333333333334 0.528125 0.30000000000000004 0.043750000000000004
0 0.81 0.521875 0.30000000000000004 0.051250000000000004
0 0.1716666666666667 0.469375 0.30000000000000004 0.043750000000000004
0 0.4866666666666667 0.464375 0.30000000000000004 0.043750000000000004
0 0.8066666666666668 0.45687500000000003 0.30000000000000004 0.043750000000000004
0 0.1716666666666667 0.406875 0.30000000000000004 0.043750000000000004
0 0.48500000000000004 0.4 0.30000000000000004 0.0425
0 0.805 0.393125 0.30000000000000004 0.043750000000000004
0 0.17 0.3425 0.30000000000000004 0.0425
0 0.4866666666666667 0.335625 0.30000000000000004 0.043750000000000004
0 0.805 0.328125 0.30000000000000004 0.043750000000000004
0 0.17 0.28125 0.30000000000000004 0.0425
0 0.48500000000000004 0.273125 0.30000000000000004 0.043750000000000004
0 0.8 0.264375 0.30000000000000004 0.043750000000000004
0 0.16833333333333333 0.216875 0.30000000000000004 0.043750000000000004
0 0.48000000000000004 0.21 0.30000000000000004 0.0425
0 0.7966666666666667 0.199375 0.30000000000000004 0.043750000000000004
0 0.1716666666666667 0.15375 0.30000000000000004 0.0425
0 0.48333333333333334 0.1475 0.30000000000000004 0.0425
0 0.795 0.136875 0.30000000000000004 0.043750000000000004
