0 0.17666666666666667 0.7156250000000001 0.30000000000000004 0.043750000000000004
0 0.515 0.709375 0.30000000000000004 0.043750000000000004
0 0.8316666666666667 0.700625 0.30000000000000004 0.043750000000000004
0 0.17833333333333334 0.650625 0.30000000000000004 0.043750000000000004
0 0.5133333333333334 0.645625 0.30000000000000004 0.043750000000000004
0 0.8316666666666667 0.64 0.30000000000000004 0.0425
0 0.18000000000000002 0.5856250000000001 0.30000000000000004 0.043750000000000004
0 0.51 0.583125 0.30000000000000004 0.043750000000000004
0 0.8333333333333334 0.58 0.30000000000000004 0.0425
0 0.18000000000000002 0.52125 0.30000000000000004 0.0425
0 0.8333333333333334 0.519375 0.30000000000000004 0.04125
0 0.5133333333333334 0.52 0.30000000000000004 0.0475
0 0.8333333333333334 0.45875 0.30000000000000004 0.0425
0 0.5116666666666667 0.45687500000000003 0.30000000000000004 0.043750000000000004
0 0.18000000000000002 0.45687500000000003 0.30000000000000004 0.043750000000000004
0 0.8300000000000001 0.398125 0.30000000000000004 0.04125
0 0.5116666666666667 0.39375 0.30000000000000004 0.0425
0 0.18166666666666667 0.39187500000000003 0.30000000000000004 0.043750000000000004
0 0.8300000000000001 0.33875 0.30000000000000004 0.0425
0 0.5116666666666667 0.33125 0.30000000000000004 0.0425
0 0.18000000000000002 0.32875 0.30000000000000004 0.0425
0 0.8300000000000001 0.27875 0.30000000000000004 0.0425
0 0.5116666666666667 0.27 0.30000000000000004 0.0425
0 0.18333333333333335 0.264375 0.30000000000000004 0.043750000000000004
0 0.8266666666666668 0.21937500000000001 0.30000000000000004 0.04125
0 0.5116666666666667 0.20875 0.30000000000000004 0.0425
0 0.18333333333333335 0.201875 0.30000000000000004 0.043750000000000004
0 0.8266666666666668 0.16 0.30000000000000004 0.0425
0 0.515 0.1475 0.30000000000000004 0.0425
0 0.18500000000000003 0.14 0.30000000000000004 0.0425
