0 0.2066666666666667 0.7025 0.30000000000000004 0.045
0 0.5433333333333333 0.694375 0.30000000000000004 0.043750000000000004
0 0.8475 0.6825 0.25833333333333336 0.05
0 0.20500000000000002 0.634375 0.30000000000000004 0.043750000000000004
0 0.54 0.628125 0.30000000000000004 0.043750000000000004
0 0.8466666666666667 0.6225 0.26666666666666666 0.0525
0 0.20500000000000002 0.565625 0.30000000000000004 0.043750000000000004
0 0.5383333333333333 0.5625 0.30000000000000004 0.0425
0 0.8366666666666667 0.55375 0.25 0.0475
0 0.2066666666666667 0.499375 0.30000000000000004 0.043750000000000004
0 0.5416666666666667 0.49562500000000004 0.30000000000000004 0.043750000000000004
0 0.8416666666666667 0.49312500000000004 0.26 0.04125
0 0.20333333333333334 0.43125 0.30000000000000004 0.0425
0 0.54 0.43 0.30000000000000004 0.0425
0 0.8400000000000001 0.43375 0.2566666666666667 0.0525
0 0.8408333333333334 0.36875 0.255 0.0475
0 0.5383333333333333 0.36375 0.30000000000000004 0.0425
0 0.20333333333333334 0.364375 0.30000000000000004 0.043750000000000004
0 0.8441666666666667 0.30312500000000003 0.27166666666666667 0.043750000000000004
0 0.5366666666666667 0.29875 0.30000000000000004 0.0425
0 0.2066666666666667 0.29812500000000003 0.30000000000000004 0.043750000000000004
0 0.8433333333333334 0.2425 0.2733333333333334 0.0475
0 0.20750000000000002 0.225625 0.305 0.05625
0 0.8375 0.176875 0.26166666666666666 0.04125
0 0.535 0.169375 0.30000000000000004 0.043750000000000004
0 0.8366666666666667 0.114375 0.26333333333333336 0.043750000000000004
0 0.5333333333333333 0.10625 0.30000000000000004 0.0425
0 0.20500000000000002 0.10250000000000001 0.30000000000000004 0.0425
0 0.17 0.16375 0.24000000000000002 0.045
0 0.5008333333333334 0.23125 0.225 0.055
