0 0.8216666666666668 0.728125 0.30000000000000004 0.043750000000000004
0 0.49333333333333335 0.723125 0.30000000000000004 0.043750000000000004
0 0.17500000000000002 0.721875 0.30000000000000004 0.043750000000000004
0 0.8216666666666668 0.661875 0.30000000000000004 0.043750000000000004
0 0.49333333333333335 0.6587500000000001 0.30000000000000004 0.0425
0 0.1716666666666667 0.6587500000000001 0.30000000000000004 0.0425
0 0.8216666666666668 0.595625 0.30000000000000004 0.043750000000000004
0 0.4916666666666667 0.595 0.30000000000000004 0.0425
0 0.1716666666666667 0.595 0.30000000000000004 0.0425
0 0.1716666666666667 0.53125 0.30000000000000004 0.0425
0 0.49000000000000005 0.53 0.30000000000000004 0.0425
0 0.8216666666666668 0.529375 0.30000000000000004 0.043750000000000004
0 0.16833333333333333 0.465625 0.30000000000000004 0.043750000000000004
0 0.4866666666666667 0.46375 0.30000000000000004 0.0425
0 0.8200000000000001 0.46187500000000004 0.30000000000000004 0.043750000000000004
0 0.16833333333333333 0.40125 0.30000000000000004 0.0425
0 0.48833333333333334 0.39875 0.30000000000000004 0.0425
0 0.8183333333333334 0.39437500000000003 0.30000000000000004 0.043750000000000004
0 0.1716666666666667 0.338125 0.30000000000000004 0.043750000000000004
0 0.4866666666666667 0.3325 0.30000000000000004 0.0425
0 0.8183333333333334 0.326875 0.30000000000000004 0.043750000000000004
0 0.165 0.2725 0.30000000000000004 0.0425
0 0.48500000000000004 0.26687500000000003 0.30000000000000004 0.043750000000000004
0 0.8183333333333334 0.260625 0.30000000000000004 0.043750000000000004
0 0.16333333333333333 0.206875 0.30000000000000004 0.043750000000000004
0 0.48500000000000004 0.200625 0.30000000000000004 0.043750000000000004
0 0.8183333333333334 0.19187500000000002 0.30000000000000004 0.043750000000000004
0 0.16333333333333333 0.14375000000000002 0.30000000000000004 0.0425
0 0.48333333333333334 0.135 0.30000000000000004 0.0425
0 0.8166666666666668 0.124375 0.30000000000000004 0.043750000000000004
