0 0.17333333333333334 0.704375 0.30000000000000004 0.043750000000000004
0 0.5016666666666667 0.698125 0.30000000000000004 0.043750000000000004
0 0.8233333333333334 0.68875 0.30000000000000004 0.0425
0 0.1716666666666667 0.6375000000000001 0.30000000000000004 0.045
0 0.5066666666666667 0.631875 0.30000000000000004 0.043750000000000004
0 0.8216666666666668 0.62625 0.30000000000000004 0.0425
0 0.17333333333333334 0.570625 0.30000000000000004 0.043750000000000004
0 0.5033333333333334 0.568125 0.30000000000000004 0.043750000000000004
0 0.8233333333333334 0.56375 0.30000000000000004 0.0425
0 0.17333333333333334 0.503125 0.30000000000000004 0.043750000000000004
0 0.8233333333333334 0.50125 0.30000000000000004 0.0425
0 0.5033333333333334 0.501875 0.30000000000000004 0.043750000000000004
0 0.8216666666666668 0.438125 0.30000000000000004 0.04125
0 0.505 0.435625 0.30000000000000004 0.043750000000000004
0 0.17333333333333334 0.436875 0.30000000000000004 0.043750000000000004
0 0.8216666666666668 0.375625 0.30000000000000004 0.04125
0 0.505 0.37125 0.30000000000000004 0.0425
0 0.17333333333333334 0.370625 0.30000000000000004 0.043750000000000004
0 0.8233333333333334 0.313125 0.30000000000000004 0.04125
0 0.5016666666666667 0.305625 0.30000000000000004 0.043750000000000004
0 0.1716666666666667 0.30375 0.30000000000000004 0.0425
0 0.8216666666666668 0.25125000000000003 0.30000000000000004 0.0425
0 0.5033333333333334 0.2425 0.30000000000000004 0.0425
0 0.17333333333333334 0.236875 0.30000000000000004 0.043750000000000004
0 0.8200000000000001 0.1875 0.30000000000000004 0.0425
0 0.5033333333333334 0.17875 0.30000000000000004 0.0425
0 0.17333333333333334 0.17250000000000001 0.30000000000000004 0.0425
0 0.8183333333333334 0.12625 0.30000000000000004 0.0425
0 0.5016666666666667 0.115 0.30000000000000004 0.0425
0 0.17500000000000002 0.108125 0.30000000000000004 0.043750000000000004
