0 0.18500000000000003 0.708125 0.30000000000000004 0.043750000000000004
0 0.5116666666666667 0.701875 0.30000000000000004 0.043750000000000004
0 0.8300000000000001 0.69375 0.30000000000000004 0.0425
0 0.18500000000000003 0.64125 0.30000000000000004 0.0425
0 0.515 0.636875 0.30000000000000004 0.043750000000000004
0 0.8283333333333334 0.63125 0.30000000000000004 0.0425
0 0.18833333333333335 0.575625 0.30000000000000004 0.043750000000000004
0 0.8250000000000001 0.568125 0.30000000000000004 0.04125
0 0.51 0.56875 0.30000000000000004 0.0475
0 0.18500000000000003 0.509375 0.30000000000000004 0.043750000000000004
0 0.51 0.506875 0.30000000000000004 0.043750000000000004
0 0.8250000000000001 0.505625 0.30000000000000004 0.04125
0 0.8266666666666668 0.444375 0.30000000000000004 0.04125
0 0.18666666666666668 0.444375 0.30000000000000004 0.043750000000000004
0 0.515 0.44375000000000003 0.30000000000000004 0.0425
0 0.8250000000000001 0.380625 0.30000000000000004 0.04125
0 0.18833333333333335 0.379375 0.30000000000000004 0.043750000000000004
0 0.51 0.37875000000000003 0.30000000000000004 0.0425
0 0.8233333333333334 0.32 0.30000000000000004 0.0425
0 0.5083333333333334 0.315 0.30000000000000004 0.0425
0 0.18833333333333335 0.315 0.30000000000000004 0.0425
0 0.8233333333333334 0.258125 0.30000000000000004 0.04125
0 0.5083333333333334 0.250625 0.30000000000000004 0.04125
0 0.19 0.25125000000000003 0.30000000000000004 0.0425
0 0.8266666666666668 0.196875 0.30000000000000004 0.04125
0 0.5066666666666667 0.19 0.30000000000000004 0.045
0 0.19333333333333336 0.1875 0.30000000000000004 0.0425
0 0.8233333333333334 0.135625 0.30000000000000004 0.04125
0 0.19833333333333333 0.125 0.30000000000000004 0.0425
0 0.5083333333333334 0.125 0.30000000000000004 0.0425
