0 0.8300000000000001 0.714375 0.30000000000000004 0.043750000000000004
0 0.5066666666666667 0.71 0.30000000000000004 0.0425
0 0.18666666666666668 0.70625 0.30000000000000004 0.0425
0 0.8316666666666667 0.650625 0.30000000000000004 0.043750000000000004
0 0.505 0.6475 0.30000000000000004 0.0425
0 0.19166666666666668 0.645 0.30000000000000004 0.0425
0 0.8316666666666667 0.586875 0.30000000000000004 0.043750000000000004
0 0.5033333333333334 0.585 0.30000000000000004 0.0425
0 0.19 0.58375 0.30000000000000004 0.0425
0 0.8316666666666667 0.5225 0.30000000000000004 0.0425
0 0.5033333333333334 0.5225 0.30000000000000004 0.0425
0 0.18833333333333335 0.5225 0.30000000000000004 0.0425
0 0.18833333333333335 0.460625 0.30000000000000004 0.04125
0 0.5033333333333334 0.46 0.30000000000000004 0.0425
0 0.8316666666666667 0.45875 0.30000000000000004 0.0425
0 0.19 0.4 0.30000000000000004 0.0425
0 0.5033333333333334 0.3975 0.30000000000000004 0.0425
0 0.8333333333333334 0.39437500000000003 0.30000000000000004 0.043750000000000004
0 0.19 0.33875 0.30000000000000004 0.0425
0 0.505 0.335625 0.30000000000000004 0.043750000000000004
0 0.8316666666666667 0.32937500000000003 0.30000000000000004 0.043750000000000004
0 0.19166666666666668 0.2775 0.30000000000000004 0.0425
0 0.5033333333333334 0.2725 0.30000000000000004 0.0425
0 0.8316666666666667 0.26625 0.30000000000000004 0.0425
0 0.18666666666666668 0.215 0.30000000000000004 0.0425
0 0.5033333333333334 0.21 0.30000000000000004 0.0425
0 0.8333333333333334 0.203125 0.30000000000000004 0.043750000000000004
0 0.19166666666666668 0.155 0.30000000000000004 0.0425
0 0.505 0.1475 0.30000000000000004 0.0425
0 0.8316666666666667 0.138125 0.30000000000000004 0.043750000000000004
