0 0.26467391304347826 0.22374260355029585 0.23152173913043478 0.05103550295857988
0 0.2722826086956522 0.27366863905325445 0.2510869565217391 0.03994082840236686
0 0.2673913043478261 0.3265532544378698 0.2565217391304348 0.049556213017751476
0 0.2516304347826087 0.3798076923076923 0.23369565217391305 0.049556213017751476
0 0.2548913043478261 0.42899408284023666 0.2467391304347826 0.047337278106508875
0 0.25869565217391305 0.47707100591715973 0.23695652173913043 0.03994082840236686
0 0.2559782608695652 0.5310650887573964 0.21847826086956523 0.04142011834319526
0 0.2472826086956522 0.57396449704142 0.2576086956521739 0.047337278106508875
0 0.2418478260869565 0.6275887573964497 0.22282608695652173 0.045118343195266274
0 0.24347826086956523 0.6778846153846154 0.20869565217391306 0.03772189349112426
0 0.553804347826087 0.23187869822485208 0.21630434782608696 0.03920118343195266
0 0.5440217391304348 0.2818047337278106 0.23804347826086958 0.04437869822485207
0 0.5472826086956522 0.3302514792899408 0.2423913043478261 0.040680473372781065
0 0.5282608695652175 0.3798076923076923 0.23478260869565218 0.053994082840236685
0 0.5434782608695652 0.4363905325443787 0.2326086956521739 0.047337278106508875
0 0.529891304347826 0.4855769230769231 0.23152173913043478 0.03920118343195266
0 0.5179347826086956 0.5347633136094675 0.225 0.03698224852071006
0 0.5125 0.5813609467455622 0.21630434782608696 0.042899408284023666
0 0.4989130434782609 0.6286982248520709 0.25434782608695655 0.03698224852071006
0 0.5135869565217391 0.676405325443787 0.2684782608695652 0.04363905325443787
0 0.7635869565217391 0.2474112426035503 0.14891304347826087 0.0613905325443787
0 0.7630434782608696 0.2995562130177515 0.14347826086956522 0.04142011834319526
0 0.7635869565217391 0.34541420118343197 0.15108695652173912 0.038461538461538464
0 0.7592391304347826 0.39349112426035504 0.16847826086956522 0.03698224852071006
0 0.7543478260869565 0.4474852071005917 0.1847826086956522 0.047337278106508875
0 0.7646739130434783 0.4881656804733728 0.19021739130434784 0.03994082840236686
0 0.7619565217391304 0.5373520710059172 0.1673913043478261 0.040680473372781065
0 0.7326086956521739 0.5821005917159763 0.16086956521739132 0.034023668639053255
0 0.7478260869565218 0.6272189349112426 0.17391304347826086 0.03254437869822485
0 0.7309782608695652 0.672707100591716 0.16195652173913044 0.03920118343195266
