0 0.29660326086956523 0.4288091715976331 0.18179347826086956 0.029955621301775148
0 0.3033967391304348 0.4705066568047337 0.1828804347826087 0.0319896449704142
0 0.3023097826086957 0.5116494082840236 0.19103260869565217 0.02625739644970414
0 0.2861413043478261 0.5501109467455622 0.16304347826086957 0.041789940828402365
0 0.30067934782608696 0.5938424556213018 0.18614130434782608 0.027181952662721894
0 0.3001358695652174 0.634430473372781 0.18505434782608696 0.03698224852071006
0 0.3065217391304348 0.6802884615384616 0.17880434782608695 0.029215976331360947
0 0.29918478260869563 0.7242973372781065 0.1956521739130435 0.03772189349112426
0 0.30394021739130433 0.7727440828402367 0.19429347826086957 0.046227810650887574
0 0.3126358695652174 0.8214681952662721 0.21005434782608695 0.034208579881656806
0 0.5092391304347826 0.41743713017751477 0.16630434782608697 0.02570266272189349
0 0.5129076086956522 0.45765532544378695 0.17146739130434782 0.02071005917159763
0 0.5081521739130435 0.5 0.17445652173913043 0.02551775147928994
0 0.5301630434782609 0.5451183431952663 0.1934782608695652 0.03069526627218935
0 0.533695652173913 0.5903291420118343 0.21739130434782608 0.0327292899408284
0 0.5332880434782609 0.6298076923076923 0.23505434782608695 0.03476331360946745
0 0.5332880434782609 0.6756656804733727 0.2019021739130435 0.03550295857988166
0 0.5385869565217392 0.7211538461538461 0.17445652173913043 0.03698224852071006
0 0.5683423913043478 0.7646079881656804 0.20679347826086958 0.04548816568047337
0 0.5573369565217391 0.8147189349112426 0.1956521739130435 0.03920118343195266
0 0.7334239130434783 0.41281434911242604 0.16956521739130434 0.0319896449704142
0 0.7275815217391305 0.4537721893491124 0.1578804347826087 0.026997041420118342
0 0.7466032608695652 0.4953772189349112 0.1828804347826087 0.029215976331360947
0 0.7548913043478261 0.5344859467455622 0.1766304347826087 0.022004437869822483
0 0.7683423913043478 0.5763683431952663 0.1953804347826087 0.029215976331360947
0 0.7752717391304348 0.6226886094674556 0.17989130434782608 0.0334689349112426
0 0.7866847826086957 0.6634615384615384 0.21956521739130436 0.03698224852071006
0 0.791983695652174 0.7086723372781065 0.19646739130434782 0.03901627218934911
0 0.7888586956521739 0.7563794378698224 0.21521739130434783 0.04345414201183432
0 0.8044836956521739 0.8057507396449703 0.2154891304347826 0.0327292899408284
