0 0.3426630434782609 0.4051405325443787 0.2157608695652174 0.03476331360946745
0 0.35 0.44822485207100593 0.19184782608695652 0.028846153846153844
0 0.34932065217391306 0.4914016272189349 0.20081521739130434 0.028661242603550297
0 0.3578804347826087 0.5308801775147929 0.20326086956521738 0.027736686390532544
0 0.35557065217391304 0.567862426035503 0.18342391304347827 0.03809171597633136
0 0.36209239130434784 0.6166789940828402 0.2160326086956522 0.03698224852071006
0 0.360054347826087 0.6610576923076923 0.2076086956521739 0.039571005917159764
0 0.37105978260869565 0.7009985207100592 0.2279891304347826 0.03180473372781065
0 0.3642663043478261 0.7549001479289941 0.21440217391304348 0.03901627218934911
0 0.37527173913043477 0.8072300295857988 0.22119565217391304 0.05454881656804734
0 0.5677989130434783 0.3999630177514793 0.17581521739130435 0.032914201183431954
0 0.5778532608695652 0.44055103550295854 0.19918478260869565 0.029770710059171597
0 0.5835597826086957 0.4821560650887574 0.20298913043478262 0.028661242603550297
0 0.5881793478260869 0.5236686390532544 0.2105978260869565 0.03698224852071006
0 0.5990489130434783 0.5689718934911242 0.20244565217391305 0.03587278106508875
0 0.6099184782608695 0.6121486686390533 0.23179347826086957 0.034948224852071004
0 0.5990489130434783 0.6593010355029586 0.19755434782608697 0.03790680473372781
0 0.5998641304347826 0.7083949704142012 0.20081521739130434 0.037352071005917156
0 0.5952445652173913 0.7525887573964497 0.20516304347826086 0.038461538461538464
0 0.5971467391304348 0.8026072485207101 0.23016304347826086 0.03901627218934911
0 0.7983695652173913 0.39866863905325445 0.1766304347826087 0.03661242603550296
0 0.8058423913043479 0.43722263313609466 0.1736413043478261 0.027181952662721894
0 0.8217391304347826 0.4805843195266272 0.1858695652173913 0.034023668639053255
0 0.8202445652173913 0.5224667159763313 0.2236413043478261 0.035318047337278106
0 0.8288043478260869 0.5661057692307692 0.2076086956521739 0.03125
0 0.840625 0.6107618343195266 0.2220108695652174 0.03439349112426036
0 0.8466032608695653 0.6544933431952663 0.2127717391304348 0.027181952662721894
0 0.8452445652173913 0.7027551775147929 0.20679347826086958 0.029400887573964498
0 0.8421195652173913 0.7449149408284024 0.20380434782608695 0.03753698224852071
0 0.8548913043478261 0.7985392011834319 0.23858695652173914 0.04308431952662722
