0 0.18220108695652174 0.3574334319526627 0.1578804347826087 0.029215976331360947
0 0.18885869565217392 0.40181213017751477 0.1673913043478261 0.02551775147928994
0 0.1862771739130435 0.4423076923076923 0.1578804347826087 0.028476331360946745
0 0.1862771739130435 0.47938239644970415 0.1703804347826087 0.0327292899408284
0 0.1877717391304348 0.5202477810650887 0.17771739130434783 0.041974852071005916
0 0.1857336956521739 0.5682322485207101 0.16494565217391305 0.03994082840236686
0 0.18220108695652174 0.6070636094674556 0.19755434782608697 0.02625739644970414
0 0.17527173913043478 0.6504252958579881 0.19456521739130436 0.034948224852071004
0 0.18519021739130434 0.7001664201183432 0.2078804347826087 0.0305103550295858
0 0.18736413043478262 0.7464866863905325 0.22255434782608696 0.046227810650887574
0 0.4063858695652174 0.3555843195266272 0.16929347826086957 0.034023668639053255
0 0.4146739130434783 0.394323224852071 0.17771739130434783 0.0305103550295858
0 0.42445652173913045 0.433801775147929 0.20380434782608695 0.03550295857988166
0 0.4172554347826087 0.4757766272189349 0.1953804347826087 0.028476331360946745
0 0.41875 0.5187684911242604 0.20271739130434782 0.0319896449704142
0 0.4339673913043478 0.5643491124260355 0.21195652173913043 0.029215976331360947
0 0.4260869565217391 0.610207100591716 0.21739130434782608 0.03254437869822485
0 0.4271739130434783 0.6557877218934911 0.21521739130434783 0.0327292899408284
0 0.4298913043478261 0.6976701183431953 0.21847826086956523 0.03550295857988166
0 0.4267663043478261 0.7488905325443787 0.24972826086956523 0.03994082840236686
0 0.6399456521739131 0.3545673076923077 0.19130434782608696 0.041974852071005916
0 0.6466032608695652 0.3964497041420118 0.20896739130434783 0.029215976331360947
0 0.6451086956521739 0.4349112426035503 0.19728260869565217 0.03069526627218935
0 0.6514945652173914 0.4807692307692308 0.19755434782608697 0.034023668639053255
0 0.6550271739130434 0.5198779585798816 0.20679347826086958 0.034208579881656806
0 0.6612771739130435 0.5672152366863905 0.2111413043478261 0.03901627218934911
0 0.6634510869565218 0.607340976331361 0.2236413043478261 0.03568786982248521
0 0.6612771739130435 0.6564349112426036 0.22581521739130436 0.028476331360946745
0 0.6801630434782608 0.6980399408284024 0.2423913043478261 0.046227810650887574
0 0.6817934782608696 0.75 0.24565217391304348 0.03772189349112426
