0 0.21494565217391304 0.33783284023668636 0.17554347826086958 0.026997041420118342
0 0.22078804347826086 0.37583210059171596 0.18070652173913043 0.023483727810650886
0 0.20991847826086957 0.41420118343195267 0.16929347826086957 0.01775147928994083
0 0.22445652173913044 0.4512758875739645 0.19021739130434784 0.023483727810650886
0 0.21861413043478262 0.4925110946745562 0.19972826086956522 0.026442307692307692
0 0.20978260869565218 0.5302329881656804 0.20054347826086957 0.02496301775147929
0 0.2171195652173913 0.5714681952662721 0.1967391304347826 0.02496301775147929
0 0.2139945652173913 0.6123335798816568 0.17744565217391303 0.024223372781065088
0 0.20828804347826088 0.6589312130177515 0.19972826086956522 0.029031065088757396
0 0.20557065217391304 0.7086723372781065 0.20679347826086958 0.03901627218934911
0 0.4145380434782609 0.33357988165680474 0.15679347826086956 0.03994082840236686
0 0.42622282608695655 0.3694526627218935 0.1671195652173913 0.02625739644970414
0 0.4251358695652174 0.4078217455621302 0.18614130434782608 0.02496301775147929
0 0.4267663043478261 0.44554363905325445 0.18505434782608696 0.02496301775147929
0 0.4355978260869565 0.48927514792899407 0.1923913043478261 0.02551775147928994
0 0.4387228260869565 0.523853550295858 0.19211956521739132 0.02625739644970414
0 0.438179347826087 0.5710983727810651 0.19103260869565217 0.027181952662721894
0 0.4157608695652174 0.6130732248520709 0.21521739130434783 0.02570266272189349
0 0.4302989130434783 0.6556952662721893 0.2154891304347826 0.03550295857988166
0 0.435054347826087 0.7065458579881657 0.18695652173913044 0.027736686390532544
0 0.6330163043478261 0.34282544378698226 0.1671195652173913 0.038461538461538464
0 0.6366847826086957 0.3790680473372781 0.18695652173913044 0.026997041420118342
0 0.6533967391304348 0.41078032544378695 0.19972826086956522 0.023483727810650886
0 0.6508152173913043 0.4519230769230769 0.21521739130434783 0.029215976331360947
0 0.658695652173913 0.4942677514792899 0.21630434782608696 0.03550295857988166
0 0.668070652173913 0.5362426035502958 0.2247282608695652 0.038461538461538464
0 0.6654891304347826 0.5735022189349113 0.1967391304347826 0.041974852071005916
0 0.6607336956521739 0.6133505917159763 0.1953804347826087 0.027736686390532544
0 0.6755434782608696 0.6568047337278107 0.23097826086956522 0.03920118343195266
0 0.6697010869565218 0.702292899408284 0.20896739130434783 0.03328402366863905
