0 0.1907608695652174 0.35761834319526625 0.2282608695652174 0.04215976331360947
0 0.1875 0.40347633136094674 0.24347826086956523 0.03772189349112426
0 0.1826086956521739 0.4426775147928994 0.20978260869565218 0.036242603550295856
0 0.18967391304347828 0.48372781065088755 0.2108695652173913 0.029585798816568046
0 0.18206521739130435 0.5284763313609467 0.22608695652173913 0.053994082840236685
0 0.17717391304347826 0.5784023668639053 0.20108695652173914 0.03994082840236686
0 0.1516304347826087 0.6412721893491125 0.23043478260869565 0.05325443786982249
0 0.15815217391304348 0.6897189349112426 0.2108695652173913 0.049556213017751476
0 0.1625 0.7422337278106509 0.2391304347826087 0.049556213017751476
0 0.1592391304347826 0.8028846153846154 0.25 0.0613905325443787
0 0.4657608695652174 0.34615384615384615 0.23043478260869565 0.03698224852071006
0 0.4625 0.39460059171597633 0.21304347826086956 0.03476331360946745
0 0.4603260869565217 0.4404585798816568 0.22391304347826088 0.03920118343195266
0 0.45869565217391306 0.48668639053254437 0.2358695652173913 0.04437869822485207
0 0.44782608695652176 0.5377218934911242 0.24021739130434783 0.04585798816568047
0 0.4532608695652174 0.5824704142011834 0.2510869565217391 0.053994082840236685
0 0.44619565217391305 0.6475591715976331 0.2391304347826087 0.05103550295857988
0 0.4565217391304348 0.702292899408284 0.2358695652173913 0.03920118343195266
0 0.4516304347826087 0.7570266272189349 0.25434782608695655 0.0613905325443787
0 0.45271739130434785 0.8213757396449703 0.2673913043478261 0.058431952662721894
0 0.7336956521739131 0.34652366863905326 0.20543478260869566 0.04659763313609468
0 0.7364130434782609 0.3949704142011834 0.21304347826086956 0.03550295857988166
0 0.745108695652174 0.43934911242603547 0.21521739130434783 0.042899408284023666
0 0.7445652173913043 0.49001479289940825 0.22934782608695653 0.040680473372781065
0 0.7505434782608695 0.544008875739645 0.2391304347826087 0.05251479289940828
0 0.7581521739130435 0.5972633136094675 0.23695652173913043 0.053994082840236685
0 0.7586956521739131 0.6560650887573964 0.22934782608695653 0.04881656804733728
0 0.7576086956521739 0.717085798816568 0.24021739130434783 0.049556213017751476
0 0.7597826086956522 0.772189349112426 0.2532608695652174 0.05473372781065089
0 0.7684782608695653 0.8321005917159763 0.266304347826087 0.0636094674556213
