0 0.16467391304347825 0.33099112426035504 0.25869565217391305 0.03476331360946745
0 0.16358695652173913 0.3846153846153846 0.25869565217391305 0.034023668639053255
0 0.1565217391304348 0.4360207100591716 0.2554347826086957 0.04215976331360947
0 0.15597826086956523 0.49260355029585795 0.26304347826086955 0.03994082840236686
0 0.15054347826086956 0.5499260355029586 0.26956521739130435 0.04807692307692307
0 0.14673913043478262 0.6079881656804733 0.2728260869565217 0.04437869822485207
0 0.14402173913043478 0.6653106508875739 0.2608695652173913 0.04659763313609468
0 0.1375 0.742603550295858 0.26956521739130435 0.05917159763313609
0 0.1358695652173913 0.8069526627218935 0.2684782608695652 0.06804733727810651
0 0.1342391304347826 0.8764792899408284 0.2608695652173913 0.07248520710059171
0 0.46467391304347827 0.3195266272189349 0.2673913043478261 0.03994082840236686
0 0.4652173913043478 0.3727810650887574 0.2684782608695652 0.03550295857988166
0 0.4717391304347826 0.4271449704142012 0.28804347826086957 0.05251479289940828
0 0.47391304347826085 0.4881656804733728 0.29456521739130437 0.05769230769230769
0 0.4717391304347826 0.5473372781065089 0.29891304347826086 0.0621301775147929
0 0.4847826086956522 0.6017011834319527 0.325 0.03920118343195266
0 0.4798913043478261 0.6786242603550295 0.30434782608695654 0.059911242603550297
0 0.4891304347826087 0.7451923076923077 0.31195652173913047 0.04807692307692307
0 0.49293478260869567 0.8202662721893491 0.3130434782608696 0.0650887573964497
0 0.49619565217391304 0.8979289940828402 0.3239130434782609 0.07248520710059171
0 0.7815217391304348 0.3224852071005917 0.22282608695652173 0.05769230769230769
0 0.7951086956521739 0.3831360946745562 0.23695652173913043 0.0650887573964497
0 0.7983695652173913 0.4375 0.22608695652173913 0.04807692307692307
0 0.8048913043478261 0.4870562130177515 0.23695652173913043 0.05695266272189349
0 0.8152173913043478 0.5547337278106509 0.2358695652173913 0.07248520710059171
0 0.8396739130434783 0.6205621301775148 0.25869565217391305 0.060650887573964495
0 0.845108695652174 0.6834319526627218 0.2782608695652174 0.047337278106508875
0 0.85 0.7548076923076923 0.266304347826087 0.0613905325443787
0 0.8521739130434782 0.8321005917159763 0.2684782608695652 0.04881656804733728
0 0.8513586956521739 0.9012573964497042 0.29728260869565215 0.0717455621301775
