0 0.161 0.22865412445730823 0.2593333333333333 0.05151953690303907
0 0.153 0.30303907380607814 0.236 0.05036179450072359
0 0.15066666666666667 0.37916063675832123 0.23333333333333334 0.05904486251808972
0 0.14266666666666666 0.45803183791606367 0.21733333333333332 0.047178002894356
0 0.14866666666666667 0.532561505065123 0.22733333333333333 0.052677279305354555
0 0.161 0.6081041968162084 0.252 0.05151953690303907
0 0.15483333333333332 0.6879884225759768 0.269 0.052677279305354555
0 0.161 0.7580318379160637 0.24933333333333332 0.05788712011577424
0 0.16533333333333333 0.8311143270622287 0.258 0.05354558610709117
0 0.1605 0.9088277858176556 0.25566666666666665 0.06136034732272069
0 0.48516666666666663 0.23140376266280752 0.22833333333333333 0.061070911722141824
0 0.48833333333333334 0.31013024602026046 0.23466666666666666 0.05586107091172214
0 0.4925 0.38408104196816206 0.23566666666666666 0.045151953690303906
0 0.492 0.4586107091172214 0.23199999999999998 0.05470332850940666
0 0.48516666666666663 0.5347322720694645 0.24566666666666667 0.05470332850940666
0 0.49316666666666664 0.6065123010130246 0.247 0.05470332850940666
0 0.474 0.6824891461649782 0.206 0.056729377713458755
0 0.4795 0.7565846599131693 0.247 0.05904486251808972
0 0.4746666666666666 0.8327062228654124 0.22466666666666665 0.06772793053545585
0 0.4678333333333333 0.9050651230101302 0.21833333333333332 0.0492040520984081
0 0.813 0.2399421128798842 0.23199999999999998 0.05904486251808972
0 0.7993333333333333 0.3149059334298119 0.22933333333333333 0.05036179450072359
0 0.8109999999999999 0.38610709117221415 0.236 0.05788712011577424
0 0.7883333333333333 0.46613603473227205 0.20733333333333331 0.061070911722141824
0 0.7993333333333333 0.5367583212735166 0.22733333333333333 0.05470332850940666
0 0.7906666666666666 0.6086830680173662 0.21466666666666667 0.05036179450072359
0 0.8055 0.6824891461649782 0.269 0.05904486251808972
0 0.8049999999999999 0.757163531114327 0.24066666666666667 0.0492040520984081
0 0.8079999999999999 0.8277858176555716 0.252 0.05151953690303907
0 0.7869999999999999 0.9050651230101302 0.21466666666666667 0.06020260492040521
