0 0.2171195652173913 0.23067677514792898 0.19184782608695652 0.06009615384615385
0 0.20176630434782608 0.2819896449704142 0.18831521739130436 0.05658284023668639
0 0.1983695652173913 0.3329326923076923 0.20543478260869566 0.042714497041420114
0 0.203125 0.37481508875739644 0.2013586956521739 0.04215976331360947
0 0.19741847826086956 0.4177144970414201 0.20081521739130434 0.038461538461538464
0 0.18546195652173914 0.46292529585798814 0.20081521739130434 0.03642751479289941
0 0.17296195652173912 0.5039755917159763 0.2138586956521739 0.04049556213017751
0 0.1733695652173913 0.5481693786982248 0.2190217391304348 0.03642751479289941
0 0.1736413043478261 0.6007766272189349 0.22717391304347825 0.04326923076923077
0 0.1767663043478261 0.6526442307692307 0.25733695652173916 0.04715236686390532
0 0.45720108695652173 0.2624815088757396 0.19918478260869565 0.05085059171597633
0 0.4567934782608696 0.3046412721893491 0.2076086956521739 0.03125
0 0.46127717391304346 0.34162352071005914 0.21820652173913044 0.029400887573964498
0 0.45529891304347825 0.38627958579881655 0.21983695652173912 0.038461538461538464
0 0.4517663043478261 0.429271449704142 0.21440217391304348 0.033838757396449703
0 0.4457880434782609 0.4734652366863905 0.2160326086956522 0.03901627218934911
0 0.43491847826086955 0.5181213017751479 0.22418478260869565 0.04105029585798817
0 0.43899456521739133 0.5637943786982248 0.2296195652173913 0.04215976331360947
0 0.4394021739130435 0.6100221893491125 0.22880434782608697 0.032914201183431954
0 0.4423913043478261 0.6583764792899408 0.2407608695652174 0.04419378698224852
0 0.6714673913043478 0.27634985207100593 0.16902173913043478 0.03642751479289941
0 0.6745923913043478 0.3199889053254438 0.17527173913043478 0.041605029585798814
0 0.675679347826087 0.35909763313609466 0.18016304347826087 0.03439349112426036
0 0.6733695652173913 0.402551775147929 0.17445652173913043 0.03809171597633136
0 0.6720108695652174 0.4463757396449704 0.18043478260869567 0.039571005917159764
0 0.6726902173913043 0.4890902366863905 0.1877717391304348 0.04252958579881657
0 0.6644021739130435 0.5291235207100592 0.17119565217391305 0.03125
0 0.6648097826086956 0.5750739644970414 0.16603260869565217 0.03180473372781065
0 0.6739130434782609 0.6200998520710059 0.19021739130434784 0.041605029585798814
0 0.6775815217391304 0.6696560650887574 0.19755434782608697 0.04419378698224852
