0 0.15524331734064428 0.2111361441905375 0.2364633310486635 0.05793369810106212
0 0.1605551747772447 0.29063405214032834 0.2422892392049349 0.05600257483102672
0 0.16398217957505143 0.3699710331509495 0.2559972583961618 0.06018667524943676
0 0.1495887594242632 0.4451239137431606 0.21830020562028787 0.059864821371097526
0 0.14170664838930774 0.5207595751528806 0.21350239890335848 0.06115223688445446
0 0.15490061686086362 0.6000965561635018 0.2193283070596299 0.05696813646604442
0 0.14804660726525018 0.6855487608625684 0.22618231665524333 0.05793369810106212
0 0.1525017135023989 0.76054071451561 0.2446881425633996 0.059864821371097526
0 0.15695681973954764 0.8393949147087223 0.24674434544208362 0.05471515931766978
0 0.15661411925976698 0.921467653685227 0.2364633310486635 0.06887672996459608
0 0.4837217272104181 0.213871902156421 0.21007539410555176 0.0634052140328291
0 0.4873200822481152 0.291599613775346 0.2193283070596299 0.05149662053427744
0 0.4849211788896505 0.3694882523334406 0.2193283070596299 0.06308336015448987
0 0.4893762851267992 0.4493080141615707 0.23303632625085677 0.05793369810106212
0 0.4753255654557917 0.5244608947537818 0.2021932830705963 0.06018667524943676
0 0.4912611377655929 0.6002574831026715 0.2388622344071282 0.06115223688445446
0 0.48783413296778616 0.6800772449308015 0.23406442769019878 0.05793369810106212
0 0.4854352296093215 0.7578049565497265 0.22721041809458534 0.0653363373028645
0 0.4820082248115148 0.8366591567428389 0.22515421521590132 0.05374959768265208
0 0.47909527073337904 0.9129385259092373 0.22618231665524333 0.05568072095268748
0 0.8127141877998629 0.22030897972320568 0.2422892392049349 0.05696813646604442
0 0.793865661411926 0.2975539105246218 0.21144619602467446 0.058899259736079825
0 0.7974640164496231 0.3715803025426457 0.20904729266620975 0.058899259736079825
0 0.813228238519534 0.44625040231734797 0.24331734064427693 0.06211779851947216
0 0.7967786154900618 0.5244608947537818 0.20767649074708705 0.05568072095268748
0 0.8019191226867718 0.6081429031219827 0.2179575051405072 0.05568072095268748
0 0.8156271418779987 0.6812037335049888 0.24331734064427693 0.05568072095268748
0 0.8002056202878685 0.757965883488896 0.2241261137765593 0.06115223688445446
0 0.7996915695681974 0.8356935951078212 0.21830020562028787 0.05374959768265208
0 0.8070596298834819 0.9171226263276473 0.24674434544208362 0.06211779851947216
