0 0.16683333333333333 0.1355124276472591 0.21633333333333332 0.06264896152536602
0 0.162 0.21637725570309838 0.21066666666666667 0.061627511065713306
0 0.16216666666666665 0.2975825672454886 0.20433333333333334 0.061287027579162406
0 0.16649999999999998 0.3745318352059925 0.22366666666666665 0.05924412665985699
0 0.16366666666666665 0.45897173987061624 0.214 0.05924412665985699
0 0.15883333333333333 0.5398365679264555 0.213 0.05141300646918624
0 0.16733333333333333 0.6222335716717738 0.21066666666666667 0.0602655771195097
0 0.16316666666666665 0.703438883214164 0.241 0.06264896152536602
0 0.16749999999999998 0.7892407218249914 0.22366666666666665 0.06469186244467143
0 0.15983333333333333 0.8857677902621722 0.23233333333333334 0.06707524685052775
0 0.47766666666666663 0.12631937351038475 0.24866666666666665 0.05924412665985699
0 0.4663333333333333 0.20531154239019406 0.21533333333333332 0.05924412665985699
0 0.4711666666666667 0.2849846782431052 0.21633333333333332 0.05583929179434797
0 0.47816666666666663 0.36465781409601633 0.217 0.06605379639087504
0 0.48416666666666663 0.4487572352740892 0.255 0.05379639087504256
0 0.4835 0.529792305073204 0.241 0.06264896152536602
0 0.47933333333333333 0.612870275791624 0.23666666666666666 0.061287027579162406
0 0.48316666666666663 0.7022471910112359 0.24166666666666667 0.07797071842015661
0 0.48533333333333334 0.7941777323799795 0.24 0.061627511065713306
0 0.4933333333333333 0.8835546475995913 0.254 0.07150153217568947
0 0.7663333333333333 0.11865849506298944 0.19999999999999998 0.054817841334695264
0 0.774 0.1905005107252298 0.21066666666666667 0.058222676200204285
0 0.7986666666666666 0.2723867892407218 0.24733333333333332 0.05720122574055158
0 0.7983333333333333 0.353592100783112 0.25266666666666665 0.061627511065713306
0 0.7988333333333333 0.43496765406877763 0.2603333333333333 0.07048008171603677
0 0.8085 0.5228123935989104 0.25366666666666665 0.06367041198501872
0 0.8235 0.6057201225740552 0.271 0.06264896152536602
0 0.816 0.691351719441607 0.24933333333333332 0.058222676200204285
0 0.8053333333333333 0.7802179094313925 0.21933333333333332 0.06707524685052775
0 0.8083333333333333 0.8692543411644534 0.23866666666666667 0.05583929179434797
