0 0.19666666666666668 0.53125 0.22333333333333336 0.035
0 0.4816666666666667 0.525 0.20333333333333334 0.0425
0 0.18083333333333335 0.473125 0.195 0.03625
0 0.4816666666666667 0.46625 0.21333333333333335 0.03
0 0.1875 0.41500000000000004 0.20833333333333334 0.035
0 0.49750000000000005 0.409375 0.23833333333333334 0.03125
0 0.18333333333333335 0.355625 0.2066666666666667 0.03375
0 0.2 0.29875 0.24000000000000002 0.045
0 0.7625000000000001 0.29125 0.21166666666666667 0.0325
0 0.4683333333333334 0.23875000000000002 0.2 0.0325
0 0.755 0.236875 0.2066666666666667 0.03625
0 0.4675 0.181875 0.2016666666666667 0.03375
0 0.7475 0.17875 0.18833333333333335 0.04
0 0.4741666666666667 0.12125 0.21500000000000002 0.04
0 0.7508333333333334 0.121875 0.20833333333333334 0.043750000000000004
0 0.18000000000000002 0.12625 0.24000000000000002 0.05
0 0.19166666666666668 0.181875 0.25333333333333335 0.043750000000000004
0 0.19 0.24 0.2366666666666667 0.04
0 0.2041666666666667 0.596875 0.24500000000000002 0.04625
0 0.20333333333333334 0.65 0.26333333333333336 0.0525
0 0.48250000000000004 0.3 0.24500000000000002 0.0425
0 0.48750000000000004 0.3525 0.23833333333333334 0.035
0 0.775 0.351875 0.24000000000000002 0.05375
0 0.7741666666666667 0.405625 0.255 0.04125
0 0.7758333333333334 0.46375 0.23500000000000001 0.055
0 0.7691666666666667 0.524375 0.2316666666666667 0.051250000000000004
0 0.775 0.5775 0.23333333333333334 0.0525
0 0.4866666666666667 0.58 0.23 0.0375
0 0.5058333333333334 0.641875 0.24166666666666667 0.043750000000000004
0 0.7683333333333334 0.63375 0.22666666666666668 0.04
