0 0.5391666666666667 0.651875 0.27166666666666667 0.043750000000000004
0 0.2025 0.645625 0.19166666666666668 0.043750000000000004
0 0.5158333333333334 0.585 0.225 0.0325
0 0.21000000000000002 0.466875 0.21000000000000002 0.03625
0 0.21083333333333334 0.28875 0.21166666666666667 0.0375
0 0.21666666666666667 0.115 0.23333333333333334 0.0475
0 0.5058333333333334 0.109375 0.255 0.04875
0 0.8150000000000001 0.10187500000000001 0.25333333333333335 0.05625
0 0.8091666666666667 0.16125 0.2316666666666667 0.05
0 0.5008333333333334 0.170625 0.24166666666666667 0.04875
0 0.2225 0.17500000000000002 0.23500000000000001 0.0475
0 0.22583333333333336 0.2325 0.24166666666666667 0.0475
0 0.5141666666666667 0.23125 0.24166666666666667 0.045
0 0.8158333333333334 0.22187500000000002 0.24500000000000002 0.03625
0 0.8141666666666667 0.28250000000000003 0.2516666666666667 0.055
0 0.52 0.28750000000000003 0.25333333333333335 0.0425
0 0.21583333333333335 0.35000000000000003 0.21833333333333335 0.0425
0 0.5158333333333334 0.34500000000000003 0.23500000000000001 0.05
0 0.8150000000000001 0.343125 0.23333333333333334 0.05375
0 0.8250000000000001 0.40375 0.26 0.04
0 0.5158333333333334 0.411875 0.23500000000000001 0.043750000000000004
0 0.21083333333333334 0.408125 0.23500000000000001 0.043750000000000004
0 0.52 0.469375 0.2566666666666667 0.058750000000000004
0 0.8041666666666667 0.45875 0.2316666666666667 0.055
0 0.8225 0.526875 0.24500000000000002 0.05625
0 0.8208333333333334 0.58625 0.2516666666666667 0.05
0 0.81 0.645625 0.21666666666666667 0.051250000000000004
0 0.5125000000000001 0.524375 0.23833333333333334 0.04125
0 0.2066666666666667 0.525 0.24000000000000002 0.0575
0 0.22916666666666669 0.5825 0.25833333333333336 0.0425
