0 0.5216666666666667 0.62 0.22333333333333336 0.03
0 0.20750000000000002 0.449375 0.18833333333333335 0.03375
0 0.21250000000000002 0.395 0.195 0.03
0 0.22416666666666668 0.17125 0.21166666666666667 0.0325
0 0.21916666666666668 0.11375 0.20500000000000002 0.0425
0 0.5175000000000001 0.11125 0.2316666666666667 0.04
0 0.8133333333333334 0.10625 0.2366666666666667 0.035
0 0.8191666666666667 0.1675 0.23833333333333334 0.0575
0 0.5175000000000001 0.168125 0.2316666666666667 0.04625
0 0.8158333333333334 0.22062500000000002 0.23500000000000001 0.03875
0 0.5175000000000001 0.228125 0.2316666666666667 0.043750000000000004
0 0.21333333333333335 0.226875 0.21000000000000002 0.05375
0 0.21916666666666668 0.29 0.21500000000000002 0.0425
0 0.5233333333333333 0.278125 0.2366666666666667 0.04625
0 0.8175 0.27625 0.25833333333333336 0.045
0 0.8200000000000001 0.33 0.25333333333333335 0.0425
0 0.8158333333333334 0.393125 0.2316666666666667 0.043750000000000004
0 0.8141666666666667 0.4475 0.23833333333333334 0.0375
0 0.8308333333333334 0.504375 0.27166666666666667 0.051250000000000004
0 0.8225 0.5650000000000001 0.24500000000000002 0.05
0 0.8266666666666668 0.62625 0.24333333333333335 0.055
0 0.5225000000000001 0.335625 0.24833333333333335 0.04875
0 0.21750000000000003 0.336875 0.21833333333333335 0.03625
0 0.53 0.3925 0.26333333333333336 0.045
0 0.5116666666666667 0.45 0.22666666666666668 0.0475
0 0.5158333333333334 0.501875 0.24500000000000002 0.03625
0 0.515 0.561875 0.22666666666666668 0.04625
0 0.22083333333333335 0.505 0.22833333333333336 0.0525
0 0.21666666666666667 0.563125 0.22 0.05375
0 0.2225 0.62 0.21833333333333335 0.0475
