0 0.1925 0.61375 0.195 0.0375
0 0.5083333333333334 0.6125 0.24666666666666667 0.045
0 0.18916666666666668 0.551875 0.18833333333333335 0.03375
0 0.4808333333333334 0.546875 0.195 0.04625
0 0.4916666666666667 0.48812500000000003 0.21666666666666667 0.03375
0 0.4808333333333334 0.43062500000000004 0.195 0.03375
0 0.18333333333333335 0.37875000000000003 0.18333333333333335 0.035
0 0.1875 0.32 0.19166666666666668 0.0325
0 0.21250000000000002 0.264375 0.23500000000000001 0.03875
0 0.47000000000000003 0.253125 0.18000000000000002 0.03125
0 0.49833333333333335 0.19187500000000002 0.24000000000000002 0.03875
0 0.19583333333333336 0.095625 0.2316666666666667 0.04875
0 0.4766666666666667 0.07875 0.22 0.045
0 0.7816666666666667 0.0625 0.22 0.0525
0 0.7858333333333334 0.1225 0.23833333333333334 0.0475
0 0.7916666666666667 0.184375 0.24000000000000002 0.03875
0 0.7908333333333334 0.245 0.2316666666666667 0.0425
0 0.7858333333333334 0.30375 0.2516666666666667 0.04
0 0.7908333333333334 0.36562500000000003 0.27166666666666667 0.04125
0 0.7816666666666667 0.429375 0.25333333333333335 0.051250000000000004
0 0.8016666666666667 0.48562500000000003 0.25333333333333335 0.04875
0 0.8033333333333333 0.5543750000000001 0.23 0.051250000000000004
0 0.7858333333333334 0.610625 0.21500000000000002 0.051250000000000004
0 0.19583333333333336 0.1525 0.2316666666666667 0.045
0 0.19333333333333336 0.20625000000000002 0.23 0.05
0 0.4658333333333334 0.134375 0.21500000000000002 0.06125
0 0.49083333333333334 0.3175 0.2316666666666667 0.0475
0 0.48833333333333334 0.375625 0.24000000000000002 0.051250000000000004
0 0.18083333333333335 0.42812500000000003 0.2016666666666667 0.05625
0 0.18916666666666668 0.49 0.20500000000000002 0.05
