0 0.8366666666666667 0.386875 0.26 0.03125
0 0.8333333333333334 0.339375 0.2566666666666667 0.03125
0 0.8166666666666668 0.2925 0.23333333333333334 0.0325
0 0.5125000000000001 0.286875 0.24166666666666667 0.03375
0 0.17583333333333334 0.28750000000000003 0.20500000000000002 0.035
0 0.8275 0.248125 0.2516666666666667 0.03375
0 0.5016666666666667 0.244375 0.22 0.03375
0 0.20583333333333334 0.23875000000000002 0.26166666666666666 0.035
0 0.8091666666666667 0.204375 0.21833333333333335 0.03125
0 0.49833333333333335 0.2 0.21333333333333335 0.035
0 0.19583333333333336 0.194375 0.23833333333333334 0.03625
0 0.195 0.33187500000000003 0.24000000000000002 0.03375
0 0.1975 0.38375000000000004 0.26166666666666666 0.035
0 0.1991666666666667 0.43 0.25833333333333336 0.035
0 0.18916666666666668 0.478125 0.2516666666666667 0.03125
0 0.19666666666666668 0.52875 0.2733333333333334 0.0425
0 0.19333333333333336 0.578125 0.2833333333333333 0.03875
0 0.17833333333333334 0.63125 0.25 0.04
0 0.5091666666666667 0.33437500000000003 0.22833333333333336 0.03625
0 0.5066666666666667 0.383125 0.23333333333333334 0.03375
0 0.5208333333333334 0.43 0.25833333333333336 0.035
0 0.5083333333333334 0.47875 0.24333333333333335 0.0375
0 0.5016666666666667 0.533125 0.23 0.04125
0 0.52 0.5806250000000001 0.27 0.03375
0 0.5133333333333334 0.631875 0.25333333333333335 0.03625
0 0.8350000000000001 0.43125 0.2566666666666667 0.0325
0 0.8350000000000001 0.48 0.2566666666666667 0.0325
0 0.8383333333333334 0.53 0.26 0.0375
0 0.8400000000000001 0.58125 0.26333333333333336 0.0325
0 0.8500000000000001 0.6325000000000001 0.26333333333333336 0.0375
