0 0.4741666666666667 0.650625 0.18166666666666667 0.04875
0 0.1975 0.64875 0.19166666666666668 0.0475
0 0.7675000000000001 0.64625 0.20500000000000002 0.0425
0 0.48833333333333334 0.480625 0.21666666666666667 0.03625
0 0.48000000000000004 0.429375 0.20333333333333334 0.03375
0 0.20916666666666667 0.17 0.195 0.0375
0 0.77 0.21125 0.24666666666666667 0.04
0 0.4791666666666667 0.166875 0.19833333333333333 0.043750000000000004
0 0.7708333333333334 0.16 0.22166666666666668 0.0525
0 0.21583333333333335 0.22375 0.23500000000000001 0.045
0 0.4916666666666667 0.2225 0.22 0.0475
0 0.765 0.2675 0.23333333333333334 0.0425
0 0.48500000000000004 0.2725 0.22666666666666668 0.045
0 0.20916666666666667 0.27125 0.20833333333333334 0.045
0 0.20583333333333334 0.33125 0.21500000000000002 0.05
0 0.2066666666666667 0.3775 0.21333333333333335 0.0375
0 0.4783333333333334 0.325625 0.2066666666666667 0.03875
0 0.7608333333333334 0.32125 0.21166666666666667 0.05
0 0.7616666666666667 0.376875 0.2066666666666667 0.04625
0 0.4783333333333334 0.374375 0.22 0.04875
0 0.765 0.43 0.24000000000000002 0.0525
0 0.7833333333333334 0.491875 0.22 0.05625
0 0.7683333333333334 0.5437500000000001 0.23333333333333334 0.045
0 0.7758333333333334 0.59 0.24833333333333335 0.0425
0 0.21916666666666668 0.4275 0.21500000000000002 0.045
0 0.21750000000000003 0.4875 0.24833333333333335 0.0475
0 0.21833333333333335 0.5437500000000001 0.23333333333333334 0.05
0 0.48750000000000004 0.54625 0.21500000000000002 0.055
0 0.49000000000000005 0.5975 0.25 0.0475
0 0.22 0.593125 0.25333333333333335 0.043750000000000004
