0 0.25833333333333336 0.18645833333333334 0.18888888888888888 0.03680555555555556
0 0.2490740740740741 0.2357638888888889 0.17777777777777778 0.03402777777777778
0 0.2518518518518519 0.28645833333333337 0.18703703703703706 0.03958333333333333
0 0.24537037037037038 0.3350694444444445 0.20555555555555557 0.03402777777777778
0 0.24722222222222223 0.3888888888888889 0.21666666666666667 0.04166666666666667
0 0.2439814814814815 0.4357638888888889 0.20462962962962963 0.03958333333333333
0 0.23194444444444445 0.48680555555555555 0.1953703703703704 0.04027777777777778
0 0.22685185185185186 0.5423611111111112 0.21666666666666667 0.04027777777777778
0 0.22314814814814815 0.5916666666666667 0.21481481481481482 0.0375
0 0.21712962962962964 0.6517361111111112 0.225 0.050694444444444445
0 0.4990740740740741 0.17083333333333334 0.18888888888888888 0.0375
0 0.4902777777777778 0.22222222222222224 0.17685185185185187 0.034722222222222224
0 0.4990740740740741 0.2729166666666667 0.20185185185185187 0.03888888888888889
0 0.5046296296296297 0.3277777777777778 0.22777777777777777 0.0375
0 0.5041666666666667 0.378125 0.22870370370370371 0.03958333333333333
0 0.5 0.4340277777777778 0.22037037037037038 0.0375
0 0.48842592592592593 0.4864583333333333 0.2175925925925926 0.03819444444444445
0 0.4861111111111111 0.540625 0.2111111111111111 0.03680555555555556
0 0.4912037037037037 0.5979166666666667 0.22314814814814815 0.04027777777777778
0 0.48703703703703705 0.6548611111111111 0.23148148148148148 0.0375
0 0.7662037037037037 0.1638888888888889 0.1953703703703704 0.03888888888888889
0 0.7648148148148148 0.2138888888888889 0.19814814814814816 0.03333333333333333
0 0.7689814814814815 0.26840277777777777 0.21203703703703705 0.035416666666666666
0 0.7569444444444444 0.3211805555555556 0.20833333333333334 0.04513888888888889
0 0.7652777777777778 0.3753472222222222 0.21944444444444444 0.03819444444444445
0 0.7587962962962963 0.4329861111111111 0.23240740740740742 0.03402777777777778
0 0.7620370370370371 0.48958333333333337 0.2240740740740741 0.03194444444444445
0 0.7689814814814815 0.5465277777777778 0.2212962962962963 0.044444444444444446
0 0.7666666666666667 0.6038194444444445 0.23333333333333334 0.043750000000000004
0 0.7620370370370371 0.6625 0.22037037037037038 0.0375
