0 0.3175925925925926 0.21805555555555556 0.17777777777777778 0.0375
0 0.33240740740740743 0.26631944444444444 0.21296296296296297 0.03402777777777778
0 0.31666666666666665 0.309375 0.19074074074074074 0.029861111111111113
0 0.31157407407407406 0.3572916666666667 0.1953703703703704 0.03680555555555556
0 0.32685185185185184 0.4076388888888889 0.24444444444444446 0.034722222222222224
0 0.33194444444444443 0.4604166666666667 0.22685185185185186 0.034722222222222224
0 0.3236111111111111 0.509375 0.19907407407407407 0.03958333333333333
0 0.3231481481481482 0.5628472222222223 0.21851851851851853 0.035416666666666666
0 0.3263888888888889 0.6128472222222222 0.23055555555555557 0.04513888888888889
0 0.32685185185185184 0.6704861111111111 0.23703703703703705 0.04652777777777778
0 0.5643518518518519 0.21909722222222222 0.19351851851851853 0.035416666666666666
0 0.5671296296296297 0.2635416666666667 0.2064814814814815 0.03819444444444445
0 0.563425925925926 0.31145833333333334 0.1824074074074074 0.03402777777777778
0 0.5731481481481482 0.359375 0.20555555555555557 0.029861111111111113
0 0.5666666666666667 0.41145833333333337 0.18888888888888888 0.035416666666666666
0 0.5657407407407408 0.45833333333333337 0.20370370370370372 0.025
0 0.5837962962962964 0.5027777777777778 0.21203703703703705 0.04027777777777778
0 0.575925925925926 0.55625 0.1962962962962963 0.036111111111111115
0 0.5717592592592593 0.6072916666666667 0.19351851851851853 0.04097222222222222
0 0.5708333333333333 0.6628472222222223 0.18981481481481483 0.04097222222222222
0 0.799537037037037 0.23229166666666667 0.20462962962962963 0.04097222222222222
0 0.7907407407407407 0.275 0.20370370370370372 0.02777777777777778
0 0.8069444444444445 0.3201388888888889 0.20833333333333334 0.04027777777777778
0 0.8037037037037037 0.3663194444444445 0.20555555555555557 0.035416666666666666
0 0.8125 0.4138888888888889 0.21574074074074076 0.036111111111111115
0 0.8101851851851852 0.4618055555555556 0.21481481481481482 0.02777777777777778
0 0.8199074074074074 0.5114583333333333 0.23055555555555557 0.03402777777777778
0 0.825925925925926 0.5604166666666667 0.22592592592592595 0.03194444444444445
0 0.825925925925926 0.6065972222222222 0.21481481481481482 0.029861111111111113
0 0.8152777777777778 0.6597222222222222 0.19351851851851853 0.034722222222222224
