0 0.3175925925925926 0.2482638888888889 0.19814814814814816 0.03402777777777778
0 0.3180555555555556 0.2947916666666667 0.21944444444444444 0.03125
0 0.32407407407407407 0.3375 0.22777777777777777 0.03333333333333333
0 0.33101851851851855 0.3909722222222222 0.22870370370370371 0.034722222222222224
0 0.3189814814814815 0.4388888888888889 0.2175925925925926 0.0375
0 0.3194444444444445 0.4885416666666667 0.22777777777777777 0.029861111111111113
0 0.312962962962963 0.5427083333333333 0.22037037037037038 0.03263888888888889
0 0.30185185185185187 0.5951388888888889 0.21481481481481482 0.04583333333333334
0 0.2976851851851852 0.6496527777777779 0.22314814814814815 0.043750000000000004
0 0.30694444444444446 0.7045138888888889 0.23981481481481481 0.03819444444444445
0 0.5712962962962963 0.23402777777777778 0.20925925925925926 0.034722222222222224
0 0.576388888888889 0.28958333333333336 0.21203703703703705 0.034722222222222224
0 0.5768518518518518 0.3375 0.2240740740740741 0.04166666666666667
0 0.5620370370370371 0.38680555555555557 0.1851851851851852 0.04166666666666667
0 0.5569444444444445 0.4395833333333333 0.18425925925925926 0.036111111111111115
0 0.5620370370370371 0.49062500000000003 0.1851851851851852 0.03958333333333333
0 0.5689814814814815 0.5434027777777778 0.21944444444444444 0.03819444444444445
0 0.5652777777777778 0.5972222222222222 0.21203703703703705 0.044444444444444446
0 0.5689814814814815 0.6534722222222222 0.23425925925925928 0.043055555555555555
0 0.5740740740740741 0.7090277777777778 0.22962962962962963 0.036111111111111115
0 0.825925925925926 0.22118055555555557 0.20370370370370372 0.03263888888888889
0 0.8347222222222223 0.2743055555555556 0.2175925925925926 0.03194444444444445
0 0.8162037037037038 0.32743055555555556 0.2064814814814815 0.03680555555555556
0 0.8199074074074074 0.3784722222222222 0.20092592592592592 0.0375
0 0.8250000000000001 0.43125 0.22777777777777777 0.04027777777777778
0 0.8314814814814815 0.4857638888888889 0.2240740740740741 0.03819444444444445
0 0.8351851851851853 0.5427083333333333 0.20555555555555557 0.035416666666666666
0 0.8305555555555556 0.6 0.21481481481481482 0.04027777777777778
0 0.8388888888888889 0.654513888888889 0.22962962962962963 0.03819444444444445
0 0.8402777777777778 0.7135416666666667 0.22870370370370371 0.043750000000000004
