0 0.23177083333333334 0.7513888888888889 0.059375 0.23055555555555557
0 0.4734375 0.7569444444444444 0.059375 0.23055555555555557
0 0.4109375 0.7541666666666667 0.059375 0.23055555555555557
0 0.35885416666666664 0.7611111111111112 0.059375 0.23055555555555557
0 0.22864583333333333 0.47361111111111115 0.05520833333333333 0.25277777777777777
0 0.4713541666666667 0.47222222222222227 0.05520833333333333 0.25277777777777777
0 0.4119791666666667 0.4708333333333333 0.05520833333333333 0.25277777777777777
0 0.3515625 0.47222222222222227 0.05520833333333333 0.25277777777777777
0 0.28802083333333334 0.46805555555555556 0.05520833333333333 0.25277777777777777
0 0.7213541666666666 0.48333333333333334 0.05520833333333333 0.25277777777777777
0 0.6609375 0.4777777777777778 0.05520833333333333 0.25277777777777777
0 0.5942708333333333 0.48333333333333334 0.05520833333333333 0.25277777777777777
0 0.5338541666666666 0.4777777777777778 0.05520833333333333 0.25277777777777777
0 0.5953125 0.2125 0.05520833333333333 0.25277777777777777
0 0.6515625 0.2125 0.05520833333333333 0.25277777777777777
0 0.7036458333333333 0.22222222222222224 0.05520833333333333 0.25277777777777777
0 0.7609375 0.22916666666666669 0.05520833333333333 0.25277777777777777
0 0.4161458333333333 0.20416666666666666 0.05520833333333333 0.25277777777777777
0 0.4713541666666667 0.20833333333333334 0.05520833333333333 0.25277777777777777
0 0.5338541666666666 0.2138888888888889 0.05520833333333333 0.25277777777777777
0 0.7828125 0.48055555555555557 0.05520833333333333 0.25277777777777777
0 0.3171875 0.2 0.05520833333333333 0.25277777777777777
0 0.25677083333333334 0.20833333333333334 0.05520833333333333 0.25277777777777777
0 0.3640625 0.20416666666666666 0.05520833333333333 0.25277777777777777
0 0.7119791666666666 0.7569444444444444 0.05520833333333333 0.25277777777777777
0 0.6557291666666667 0.7486111111111111 0.05520833333333333 0.25277777777777777
0 0.5984375 0.7430555555555556 0.05520833333333333 0.25277777777777777
0 0.5307291666666667 0.7513888888888889 0.05520833333333333 0.25277777777777777
0 0.2942708333333333 0.7444444444444445 0.05520833333333333 0.25277777777777777
0 0.7765625 0.7555555555555555 0.05520833333333333 0.25277777777777777
