0 0.3067708333333333 0.7541666666666667 0.057291666666666664 0.25833333333333336
0 0.3598958333333333 0.7569444444444444 0.05520833333333333 0.25833333333333336
0 0.4276041666666667 0.7451388888888889 0.057291666666666664 0.27361111111111114
0 0.4744791666666667 0.7465277777777778 0.059375 0.2625
0 0.5364583333333334 0.7451388888888889 0.04791666666666666 0.27361111111111114
0 0.5927083333333333 0.7402777777777778 0.052083333333333336 0.27222222222222225
0 0.6416666666666666 0.7395833333333334 0.05625 0.28194444444444444
0 0.7036458333333333 0.7541666666666667 0.053125 0.27222222222222225
0 0.7583333333333333 0.7416666666666667 0.05625 0.2638888888888889
0 0.8161458333333333 0.7513888888888889 0.06354166666666666 0.26944444444444443
0 0.30416666666666664 0.4756944444444445 0.052083333333333336 0.2625
0 0.3697916666666667 0.4673611111111111 0.058333333333333334 0.27083333333333337
0 0.42604166666666665 0.46111111111111114 0.0625 0.2777777777777778
0 0.48333333333333334 0.4701388888888889 0.06041666666666667 0.2652777777777778
0 0.5432291666666667 0.45972222222222225 0.04895833333333333 0.2638888888888889
0 0.6026041666666666 0.4618055555555556 0.06354166666666666 0.26805555555555555
0 0.6604166666666667 0.45972222222222225 0.04791666666666666 0.2833333333333333
0 0.7119791666666666 0.47708333333333336 0.06354166666666666 0.26805555555555555
0 0.7723958333333333 0.45 0.042708333333333334 0.30833333333333335
0 0.8348958333333333 0.4743055555555556 0.06145833333333333 0.28194444444444444
0 0.3046875 0.17777777777777778 0.06145833333333333 0.25277777777777777
0 0.36822916666666666 0.17152777777777778 0.05520833333333333 0.24861111111111112
0 0.42864583333333334 0.17152777777777778 0.06770833333333333 0.27083333333333337
0 0.49374999999999997 0.18125 0.07083333333333333 0.2791666666666667
0 0.5588541666666667 0.17916666666666667 0.04479166666666667 0.2888888888888889
0 0.6125 0.1798611111111111 0.0625 0.27361111111111114
0 0.6755208333333333 0.1826388888888889 0.06354166666666666 0.28194444444444444
0 0.7395833333333334 0.18472222222222223 0.052083333333333336 0.275
0 0.7984375 0.18888888888888888 0.06145833333333333 0.26666666666666666
0 0.8515625 0.1902777777777778 0.084375 0.26944444444444443
