0 0.29791666666666666 0.8277777777777778 0.07291666666666667 0.19722222222222224
0 0.36614583333333334 0.8298611111111112 0.053125 0.21805555555555556
0 0.4197916666666667 0.7993055555555556 0.07083333333333333 0.27083333333333337
0 0.4875 0.8138888888888889 0.0625 0.2388888888888889
0 0.5458333333333333 0.8027777777777778 0.05625 0.26944444444444443
0 0.6036458333333333 0.7937500000000001 0.059375 0.2513888888888889
0 0.6567708333333333 0.788888888888889 0.053125 0.2777777777777778
0 0.7151041666666667 0.7861111111111111 0.059375 0.24722222222222223
0 0.7671875 0.7930555555555556 0.06145833333333333 0.26944444444444443
0 0.821875 0.7819444444444444 0.05416666666666667 0.24722222222222223
0 0.8473958333333333 0.5125000000000001 0.05520833333333333 0.23611111111111113
0 0.7864583333333334 0.4916666666666667 0.05 0.2777777777777778
0 0.7390625 0.49097222222222225 0.05520833333333333 0.2791666666666667
0 0.6703125 0.4965277777777778 0.06770833333333333 0.28750000000000003
0 0.6098958333333333 0.49375 0.08020833333333333 0.27361111111111114
0 0.5567708333333333 0.5041666666666667 0.06145833333333333 0.3027777777777778
0 0.490625 0.49375 0.05625 0.2763888888888889
0 0.43124999999999997 0.5083333333333333 0.0625 0.2555555555555556
0 0.36666666666666664 0.5069444444444444 0.052083333333333336 0.26944444444444443
0 0.2984375 0.5020833333333333 0.06145833333333333 0.2791666666666667
0 0.2973958333333333 0.19652777777777777 0.046875 0.24305555555555555
0 0.35833333333333334 0.18888888888888888 0.06875 0.24444444444444446
0 0.43072916666666666 0.19305555555555556 0.06145833333333333 0.25833333333333336
0 0.49635416666666665 0.19097222222222224 0.071875 0.25416666666666665
0 0.5588541666666667 0.19652777777777777 0.053125 0.2625
0 0.61875 0.19305555555555556 0.058333333333333334 0.24722222222222223
0 0.684375 0.20208333333333334 0.052083333333333336 0.2625
0 0.7432291666666666 0.19722222222222224 0.059375 0.23611111111111113
0 0.80625 0.20277777777777778 0.05 0.23611111111111113
0 0.8677083333333333 0.20416666666666666 0.05625 0.26666666666666666
