0 0.2713541666666667 0.7666666666666667 0.036458333333333336 0.17777777777777778
0 0.6723958333333333 0.7479166666666667 0.040625 0.1875
0 0.7796875 0.7527777777777778 0.036458333333333336 0.17777777777777778
0 0.7244791666666667 0.7458333333333333 0.036458333333333336 0.17777777777777778
0 0.5609375 0.7555555555555555 0.036458333333333336 0.17777777777777778
0 0.5026041666666666 0.763888888888889 0.036458333333333336 0.17777777777777778
0 0.3890625 0.7583333333333334 0.036458333333333336 0.17777777777777778
0 0.4453125 0.7569444444444444 0.036458333333333336 0.17777777777777778
0 0.3359375 0.7569444444444444 0.036458333333333336 0.17777777777777778
0 0.6140625 0.7388888888888889 0.046875 0.2111111111111111
0 0.565625 0.45416666666666666 0.041666666666666664 0.225
0 0.6265625 0.45416666666666666 0.046875 0.2111111111111111
0 0.7953125 0.45972222222222225 0.046875 0.2111111111111111
0 0.7442708333333333 0.45972222222222225 0.046875 0.2111111111111111
0 0.8067708333333333 0.1701388888888889 0.04479166666666667 0.2263888888888889
0 0.6869791666666667 0.4569444444444445 0.046875 0.2111111111111111
0 0.5619791666666667 0.17847222222222223 0.04479166666666667 0.2263888888888889
0 0.6296875 0.16875 0.04479166666666667 0.2263888888888889
0 0.6942708333333333 0.17291666666666666 0.04479166666666667 0.2263888888888889
0 0.7494791666666667 0.1701388888888889 0.04479166666666667 0.2263888888888889
0 0.3859375 0.17291666666666666 0.04479166666666667 0.2263888888888889
0 0.44635416666666666 0.1701388888888889 0.04479166666666667 0.2263888888888889
0 0.5119791666666667 0.1701388888888889 0.04479166666666667 0.2263888888888889
0 0.3260416666666667 0.4486111111111111 0.041666666666666664 0.225
0 0.3828125 0.4388888888888889 0.057291666666666664 0.24444444444444446
0 0.4427083333333333 0.44722222222222224 0.041666666666666664 0.225
0 0.5015625 0.44236111111111115 0.04895833333333333 0.2569444444444445
0 0.3234375 0.17847222222222223 0.04479166666666667 0.2263888888888889
0 0.2609375 0.17708333333333334 0.04479166666666667 0.2263888888888889
0 0.2630208333333333 0.4569444444444445 0.05520833333333333 0.23333333333333334
