0 0.27760416666666665 0.7972222222222223 0.06145833333333333 0.17500000000000002
0 0.33177083333333335 0.7930555555555556 0.05520833333333333 0.18611111111111112
0 0.3854166666666667 0.788888888888889 0.05625 0.19444444444444445
0 0.4380208333333333 0.7854166666666667 0.06354166666666666 0.2013888888888889
0 0.4984375 0.7826388888888889 0.059375 0.2125
0 0.55 0.7875 0.058333333333333334 0.2138888888888889
0 0.6052083333333333 0.7895833333333334 0.05625 0.20972222222222223
0 0.6614583333333334 0.7916666666666667 0.06041666666666667 0.2
0 0.7140625 0.7868055555555555 0.04895833333333333 0.1902777777777778
0 0.7677083333333333 0.7826388888888889 0.06041666666666667 0.2125
0 0.79375 0.5069444444444444 0.058333333333333334 0.26666666666666666
0 0.7375 0.4979166666666667 0.05416666666666667 0.24305555555555555
0 0.6760416666666667 0.5034722222222222 0.08125 0.24583333333333335
0 0.6213541666666667 0.5048611111111111 0.04895833333333333 0.24861111111111112
0 0.5609375 0.5083333333333333 0.05520833333333333 0.2138888888888889
0 0.50625 0.49444444444444446 0.06875 0.2555555555555556
0 0.44427083333333334 0.5111111111111112 0.059375 0.22222222222222224
0 0.3859375 0.5013888888888889 0.057291666666666664 0.25
0 0.3286458333333333 0.5215277777777778 0.06145833333333333 0.19305555555555556
0 0.2635416666666667 0.5236111111111111 0.06666666666666667 0.19722222222222224
0 0.2598958333333333 0.21666666666666667 0.06770833333333333 0.2111111111111111
0 0.3255208333333333 0.22222222222222224 0.06145833333333333 0.21666666666666667
0 0.3859375 0.22222222222222224 0.05520833333333333 0.22222222222222224
0 0.4453125 0.2263888888888889 0.053125 0.21944444444444444
0 0.5109375 0.22708333333333333 0.057291666666666664 0.22916666666666669
0 0.5713541666666666 0.2152777777777778 0.071875 0.2388888888888889
0 0.6265625 0.22847222222222224 0.059375 0.24305555555555555
0 0.6854166666666667 0.22083333333333335 0.07083333333333333 0.22777777777777777
0 0.7453125 0.21666666666666667 0.051041666666666666 0.22777777777777777
0 0.8057291666666666 0.22847222222222224 0.059375 0.23472222222222222
