0 0.12833333333333335 0.6531250000000001 0.23 0.03875
0 0.41000000000000003 0.6481250000000001 0.21000000000000002 0.03375
0 0.6958333333333334 0.644375 0.2016666666666667 0.03625
0 0.12250000000000001 0.59375 0.21833333333333335 0.0375
0 0.7108333333333334 0.584375 0.23833333333333334 0.03375
0 0.40750000000000003 0.474375 0.20500000000000002 0.03125
0 0.4116666666666667 0.418125 0.21000000000000002 0.03625
0 0.6833333333333333 0.41625 0.19666666666666668 0.035
0 0.41250000000000003 0.36062500000000003 0.21500000000000002 0.03375
0 0.6900000000000001 0.2475 0.21666666666666667 0.035
0 0.12666666666666668 0.245 0.21333333333333335 0.0325
0 0.4041666666666667 0.19 0.20833333333333334 0.035
0 0.41000000000000003 0.133125 0.22 0.03375
0 0.13333333333333333 0.130625 0.23 0.04125
0 0.6808333333333334 0.1375 0.21500000000000002 0.0475
0 0.6925 0.1925 0.2516666666666667 0.0375
0 0.12333333333333334 0.18812500000000001 0.22 0.03375
0 0.41583333333333333 0.246875 0.23500000000000001 0.03625
0 0.13333333333333333 0.30625 0.22333333333333336 0.045
0 0.4083333333333334 0.3025 0.22666666666666668 0.035
0 0.6908333333333334 0.30375 0.20833333333333334 0.04
0 0.12166666666666667 0.36062500000000003 0.2066666666666667 0.03875
0 0.6941666666666667 0.356875 0.22833333333333336 0.03375
0 0.12333333333333334 0.42 0.21666666666666667 0.04
0 0.12416666666666668 0.480625 0.21833333333333335 0.04125
0 0.6900000000000001 0.47500000000000003 0.21666666666666667 0.0475
0 0.12416666666666668 0.53625 0.23500000000000001 0.045
0 0.41833333333333333 0.5337500000000001 0.22666666666666668 0.035
0 0.6975 0.5275 0.2316666666666667 0.025
0 0.4108333333333334 0.59 0.21833333333333335 0.04
