0 0.47000000000000003 0.915625 0.22333333333333336 0.02875
0 0.18416666666666667 0.914375 0.22166666666666668 0.02875
0 0.7508333333333334 0.86375 0.21166666666666667 0.03
0 0.48250000000000004 0.8612500000000001 0.24500000000000002 0.03
0 0.1691666666666667 0.86 0.18833333333333335 0.0275
0 0.76 0.80875 0.2366666666666667 0.03
0 0.44833333333333336 0.8043750000000001 0.17666666666666667 0.02875
0 0.1575 0.8043750000000001 0.16166666666666668 0.02875
0 0.7508333333333334 0.7525000000000001 0.21833333333333335 0.03
0 0.4566666666666667 0.75 0.19 0.0275
0 0.1575 0.749375 0.165 0.02875
0 0.7325 0.6975 0.17833333333333334 0.03
0 0.44583333333333336 0.694375 0.16833333333333333 0.02875
0 0.16583333333333333 0.69375 0.18500000000000003 0.03
0 0.7583333333333334 0.641875 0.22666666666666668 0.02875
0 0.465 0.63875 0.2 0.03
0 0.18000000000000002 0.640625 0.21333333333333335 0.03375
0 0.7591666666666668 0.5875 0.22833333333333336 0.03
0 0.4591666666666667 0.58375 0.195 0.03
0 0.17583333333333334 0.583125 0.19833333333333333 0.02875
0 0.755 0.530625 0.22333333333333336 0.02875
0 0.4708333333333334 0.529375 0.20833333333333334 0.02875
0 0.1925 0.528125 0.2316666666666667 0.03125
0 0.7508333333333334 0.474375 0.21166666666666667 0.02875
0 0.46 0.473125 0.19666666666666668 0.02875
0 0.18333333333333335 0.47250000000000003 0.21666666666666667 0.03
0 0.7675000000000001 0.419375 0.24166666666666667 0.02875
0 0.47750000000000004 0.41875 0.22166666666666668 0.03
0 0.17416666666666666 0.41625 0.195 0.03
0 0.7591666666666668 0.364375 0.225 0.03125
0 0.4841666666666667 0.36312500000000003 0.23833333333333334 0.02875
0 0.19 0.36062500000000003 0.23 0.02875
0 0.7616666666666667 0.308125 0.22 0.02875
0 0.48833333333333334 0.3075 0.25 0.03
0 0.17583333333333334 0.30625 0.19166666666666668 0.03
0 0.7441666666666668 0.250625 0.19166666666666668 0.02875
0 0.47750000000000004 0.25125000000000003 0.22833333333333336 0.03
0 0.17833333333333334 0.249375 0.2066666666666667 0.02875
0 0.755 0.19625 0.21333333333333335 0.0325
0 0.4733333333333334 0.195625 0.21333333333333335 0.03125
0 0.1875 0.193125 0.225 0.03125
0 0.4766666666666667 0.13875 0.22 0.03
0 0.7683333333333334 0.1375 0.24000000000000002 0.03
0 0.18666666666666668 0.139375 0.22333333333333336 0.03375
0 0.7608333333333334 0.919375 0.24166666666666667 0.03125
