0 0.7300000000000001 0.6950000000000001 0.21333333333333335 0.035
0 0.7208333333333333 0.6431250000000001 0.195 0.03375
0 0.7291666666666667 0.5906250000000001 0.21166666666666667 0.03625
0 0.17750000000000002 0.59125 0.22166666666666668 0.0375
0 0.4316666666666667 0.58875 0.16 0.04
0 0.16833333333333333 0.535625 0.20333333333333334 0.03375
0 0.7283333333333334 0.53125 0.2066666666666667 0.03
0 0.4541666666666667 0.534375 0.20500000000000002 0.03625
0 0.7241666666666667 0.47625 0.20500000000000002 0.0275
0 0.18500000000000003 0.4825 0.23333333333333334 0.0375
0 0.44333333333333336 0.47750000000000004 0.18666666666666668 0.035
0 0.7208333333333333 0.42312500000000003 0.19833333333333333 0.02875
0 0.4516666666666667 0.4225 0.20333333333333334 0.03
0 0.14916666666666667 0.421875 0.16166666666666668 0.03125
0 0.7158333333333334 0.369375 0.19166666666666668 0.03125
0 0.4391666666666667 0.366875 0.18166666666666667 0.02875
0 0.17916666666666667 0.365 0.225 0.0325
0 0.7233333333333334 0.31375000000000003 0.20333333333333334 0.0275
0 0.4625 0.31125 0.225 0.03
0 0.1575 0.3075 0.17833333333333334 0.03
0 0.7316666666666667 0.25875 0.22 0.03
0 0.4466666666666667 0.25625 0.19666666666666668 0.03
0 0.16583333333333333 0.25375000000000003 0.18833333333333335 0.0325
0 0.7275 0.20375000000000001 0.20833333333333334 0.03
0 0.455 0.201875 0.2066666666666667 0.03125
0 0.17083333333333334 0.195625 0.20500000000000002 0.03125
0 0.7250000000000001 0.1525 0.2 0.04
0 0.42750000000000005 0.145625 0.16166666666666668 0.02875
0 0.18083333333333335 0.13875 0.22166666666666668 0.035
0 0.17833333333333334 0.651875 0.21666666666666667 0.03625
0 0.4441666666666667 0.646875 0.18500000000000003 0.03625
0 0.4675 0.704375 0.2316666666666667 0.03625
0 0.7391666666666667 0.755 0.225 0.04
0 0.7458333333333333 0.813125 0.24166666666666667 0.03875
0 0.7375 0.87 0.225 0.0375
0 0.7441666666666668 0.92625 0.21500000000000002 0.04
0 0.4491666666666667 0.76375 0.195 0.0425
0 0.43833333333333335 0.819375 0.17333333333333334 0.03625
0 0.45833333333333337 0.875 0.21666666666666667 0.03
0 0.45583333333333337 0.925 0.22166666666666668 0.04
0 0.17333333333333334 0.709375 0.2066666666666667 0.03375
0 0.17 0.766875 0.21000000000000002 0.03875
0 0.17333333333333334 0.821875 0.22333333333333336 0.03125
0 0.17666666666666667 0.879375 0.22333333333333336 0.03625
0 0.1625 0.9393750000000001 0.19166666666666668 0.03375
