0 0.7541666666666668 0.68375 0.305 0.04
0 0.14500000000000002 0.619375 0.2 0.03375
0 0.4241666666666667 0.61125 0.2016666666666667 0.045
0 0.7408333333333333 0.5650000000000001 0.27166666666666667 0.03
0 0.42583333333333334 0.5625 0.20500000000000002 0.0325
0 0.7558333333333334 0.51125 0.29833333333333334 0.0375
0 0.44583333333333336 0.50375 0.24166666666666667 0.03
0 0.15000000000000002 0.50125 0.2066666666666667 0.0325
0 0.7416666666666667 0.45125 0.26666666666666666 0.035
0 0.43750000000000006 0.445 0.2316666666666667 0.03
0 0.15583333333333335 0.444375 0.22166666666666668 0.03625
0 0.4466666666666667 0.3875 0.24666666666666667 0.0325
0 0.14583333333333334 0.38 0.19833333333333333 0.0325
0 0.7808333333333334 0.336875 0.3383333333333334 0.04125
0 0.4241666666666667 0.33125 0.19833333333333333 0.0375
0 0.41500000000000004 0.2675 0.18333333333333335 0.03
0 0.16666666666666669 0.26687500000000003 0.25 0.04125
0 0.7583333333333334 0.215625 0.27666666666666667 0.03875
0 0.4541666666666667 0.208125 0.2516666666666667 0.03125
0 0.14 0.20375000000000001 0.19 0.0375
0 0.7458333333333333 0.15125 0.255 0.0325
0 0.42833333333333334 0.14625 0.20333333333333334 0.03
0 0.14833333333333334 0.13875 0.20333333333333334 0.045
0 0.1275 0.32625 0.15833333333333335 0.0375
0 0.7725000000000001 0.273125 0.31833333333333336 0.043750000000000004
0 0.7925000000000001 0.395 0.35833333333333334 0.045
0 0.7616666666666667 0.625625 0.3066666666666667 0.04625
0 0.7766666666666667 0.7425 0.35000000000000003 0.045
0 0.7475 0.7987500000000001 0.29500000000000004 0.04
0 0.7375 0.855625 0.275 0.04125
0 0.7350000000000001 0.909375 0.27666666666666667 0.04125
0 0.7266666666666667 0.9656250000000001 0.26 0.03625
0 0.445 0.67875 0.25 0.04
0 0.4316666666666667 0.73625 0.21666666666666667 0.0425
0 0.4141666666666667 0.79625 0.19166666666666668 0.0425
0 0.40750000000000003 0.8512500000000001 0.17500000000000002 0.04
0 0.4033333333333334 0.909375 0.16666666666666669 0.03375
0 0.4216666666666667 0.963125 0.22 0.04125
0 0.1275 0.56375 0.15833333333333335 0.04
0 0.13333333333333333 0.6843750000000001 0.18000000000000002 0.04625
0 0.15166666666666667 0.739375 0.20333333333333334 0.043750000000000004
0 0.13833333333333334 0.795625 0.18666666666666668 0.04875
0 0.13333333333333333 0.8512500000000001 0.17 0.04
0 0.13333333333333333 0.906875 0.17 0.03875
0 0.15333333333333335 0.959375 0.19 0.03875
