0 0.4658333333333334 0.599375 0.21166666666666667 0.043750000000000004
0 0.18166666666666667 0.59 0.25333333333333335 0.0375
0 0.8150000000000001 0.5387500000000001 0.2866666666666667 0.035
0 0.4675 0.531875 0.21500000000000002 0.03125
0 0.16166666666666668 0.536875 0.20333333333333334 0.043750000000000004
0 0.4683333333333334 0.476875 0.22 0.04125
0 0.16833333333333333 0.47125 0.22333333333333336 0.0325
0 0.4816666666666667 0.413125 0.25 0.03625
0 0.165 0.408125 0.21333333333333335 0.03625
0 0.46166666666666667 0.346875 0.21333333333333335 0.03125
0 0.15083333333333335 0.345625 0.195 0.03375
0 0.1675 0.29 0.22833333333333336 0.0375
0 0.4683333333333334 0.281875 0.23 0.03625
0 0.8125 0.276875 0.2783333333333334 0.03875
0 0.18833333333333335 0.224375 0.27666666666666667 0.03625
0 0.4658333333333334 0.21625 0.22166666666666668 0.0325
0 0.1575 0.165625 0.20833333333333334 0.03875
0 0.49250000000000005 0.1475 0.27166666666666667 0.0425
0 0.15166666666666667 0.10250000000000001 0.21000000000000002 0.04
0 0.4541666666666667 0.08687500000000001 0.2016666666666667 0.03125
0 0.8158333333333334 0.0775 0.275 0.05
0 0.8300000000000001 0.14125000000000001 0.31333333333333335 0.06
0 0.8333333333333334 0.21 0.31333333333333335 0.06
0 0.8266666666666668 0.34 0.31 0.0475
0 0.8300000000000001 0.40750000000000003 0.31 0.0475
0 0.8266666666666668 0.47125 0.31 0.0475
0 0.8216666666666668 0.60375 0.31 0.0475
0 0.8041666666666667 0.72375 0.2783333333333334 0.0475
0 0.8216666666666668 0.66 0.31 0.0475
0 0.8 0.7837500000000001 0.27666666666666667 0.045
0 0.8191666666666667 0.8475 0.30833333333333335 0.055
0 0.8291666666666667 0.906875 0.32833333333333337 0.058750000000000004
0 0.8041666666666667 0.96375 0.28833333333333333 0.0475
0 0.4675 0.953125 0.21166666666666667 0.05375
0 0.4658333333333334 0.895625 0.21166666666666667 0.05375
0 0.4808333333333334 0.838125 0.24500000000000002 0.051250000000000004
0 0.4808333333333334 0.779375 0.24500000000000002 0.051250000000000004
0 0.47250000000000003 0.720625 0.24500000000000002 0.051250000000000004
0 0.48750000000000004 0.659375 0.25833333333333336 0.051250000000000004
0 0.17666666666666667 0.650625 0.24000000000000002 0.04625
0 0.16 0.70875 0.19666666666666668 0.0375
0 0.1716666666666667 0.770625 0.21000000000000002 0.04625
0 0.16833333333333333 0.823125 0.21000000000000002 0.04625
0 0.17833333333333334 0.884375 0.21000000000000002 0.04625
0 0.18333333333333335 0.936875 0.21000000000000002 0.04625
