0 0.8058333333333334 0.7418750000000001 0.3016666666666667 0.03625
0 0.765 0.685625 0.22 0.03625
0 0.4758333333333334 0.685625 0.21166666666666667 0.03625
0 0.4625 0.625 0.23500000000000001 0.0325
0 0.7875000000000001 0.575625 0.26166666666666666 0.04125
0 0.4791666666666667 0.569375 0.21833333333333335 0.03625
0 0.21666666666666667 0.573125 0.29000000000000004 0.03875
0 0.755 0.5181250000000001 0.19333333333333336 0.03875
0 0.4766666666666667 0.51625 0.21000000000000002 0.0375
0 0.17500000000000002 0.513125 0.21000000000000002 0.03375
0 0.7558333333333334 0.455 0.19833333333333333 0.03
0 0.4625 0.45687500000000003 0.18833333333333335 0.03625
0 0.18666666666666668 0.453125 0.22666666666666668 0.03125
0 0.4675 0.400625 0.19166666666666668 0.03625
0 0.16666666666666669 0.40125 0.19333333333333336 0.04
0 0.7675000000000001 0.34125 0.21500000000000002 0.035
0 0.48833333333333334 0.345625 0.23333333333333334 0.04125
0 0.20833333333333334 0.34 0.28 0.035
0 0.7766666666666667 0.28250000000000003 0.23 0.03
0 0.4741666666666667 0.281875 0.21166666666666667 0.03375
0 0.1625 0.280625 0.18500000000000003 0.03375
0 0.7675000000000001 0.2225 0.20833333333333334 0.03
0 0.4758333333333334 0.22312500000000002 0.21833333333333335 0.03125
0 0.19583333333333336 0.22 0.25833333333333336 0.035
0 0.7716666666666667 0.17375000000000002 0.21666666666666667 0.05
0 0.2041666666666667 0.160625 0.275 0.03375
0 0.4766666666666667 0.166875 0.2 0.043750000000000004
0 0.755 0.401875 0.19333333333333336 0.03375
0 0.7658333333333334 0.631875 0.21500000000000002 0.04125
0 0.17833333333333334 0.68375 0.21000000000000002 0.0375
0 0.20083333333333334 0.631875 0.2516666666666667 0.04125
0 0.1925 0.74625 0.2316666666666667 0.04
0 0.17333333333333334 0.80125 0.19 0.0325
0 0.18083333333333335 0.855625 0.20833333333333334 0.03375
0 0.18250000000000002 0.910625 0.20833333333333334 0.03375
0 0.4716666666666667 0.739375 0.21000000000000002 0.03625
0 0.4716666666666667 0.796875 0.21000000000000002 0.03625
0 0.4783333333333334 0.854375 0.21000000000000002 0.03625
0 0.46416666666666667 0.91 0.18833333333333335 0.0375
0 0.48583333333333334 0.964375 0.2316666666666667 0.03625
0 0.7608333333333334 0.796875 0.2316666666666667 0.03625
0 0.7675000000000001 0.853125 0.2316666666666667 0.03625
0 0.7958333333333334 0.910625 0.3016666666666667 0.03625
0 0.7675000000000001 0.96375 0.23500000000000001 0.04
0 0.19083333333333335 0.96375 0.225 0.0425
