0 0.7725000000000001 0.724375 0.22833333333333336 0.04125
0 0.7875000000000001 0.670625 0.255 0.04125
0 0.15416666666666667 0.608125 0.18833333333333335 0.03375
0 0.7666666666666667 0.551875 0.21666666666666667 0.03375
0 0.4991666666666667 0.551875 0.265 0.03625
0 0.7841666666666667 0.49 0.2516666666666667 0.0325
0 0.16416666666666668 0.49062500000000003 0.2016666666666667 0.03375
0 0.47250000000000003 0.438125 0.21500000000000002 0.04125
0 0.7583333333333334 0.431875 0.2 0.03125
0 0.16333333333333333 0.43125 0.2066666666666667 0.035
0 0.755 0.3775 0.19 0.0375
0 0.48500000000000004 0.374375 0.24000000000000002 0.03125
0 0.16333333333333333 0.3725 0.2 0.0325
0 0.7733333333333334 0.316875 0.22666666666666668 0.03125
0 0.47750000000000004 0.31875000000000003 0.22166666666666668 0.0375
0 0.17583333333333334 0.314375 0.225 0.03375
0 0.77 0.26 0.21666666666666667 0.03
0 0.18833333333333335 0.2525 0.25 0.0325
0 0.5008333333333334 0.256875 0.26833333333333337 0.04125
0 0.7616666666666667 0.199375 0.2 0.03125
0 0.4658333333333334 0.20625000000000002 0.19833333333333333 0.05
0 0.17083333333333334 0.19187500000000002 0.21500000000000002 0.03375
0 0.45833333333333337 0.138125 0.19666666666666668 0.03125
0 0.7558333333333334 0.1375 0.18833333333333335 0.035
0 0.1691666666666667 0.133125 0.21166666666666667 0.03125
0 0.17416666666666666 0.550625 0.21166666666666667 0.03875
0 0.165 0.6675 0.2 0.0425
0 0.16833333333333333 0.725 0.21000000000000002 0.0425
0 0.17 0.7837500000000001 0.21000000000000002 0.0425
0 0.165 0.84125 0.21000000000000002 0.0425
0 0.15333333333333335 0.9 0.19333333333333336 0.045
0 0.165 0.9575 0.2 0.05
0 0.4633333333333334 0.95875 0.2 0.05
0 0.4741666666666667 0.896875 0.21166666666666667 0.04625
0 0.47250000000000003 0.8375 0.22166666666666668 0.0425
0 0.47750000000000004 0.78125 0.22166666666666668 0.0425
0 0.4516666666666667 0.724375 0.18666666666666668 0.04125
0 0.4658333333333334 0.66625 0.19833333333333333 0.0425
0 0.4675 0.605 0.19833333333333333 0.0425
0 0.45583333333333337 0.49125 0.17833333333333334 0.04
0 0.7716666666666667 0.6062500000000001 0.22333333333333336 0.0525
0 0.7583333333333334 0.89875 0.20333333333333334 0.045
0 0.7725000000000001 0.7781250000000001 0.22833333333333336 0.04125
0 0.7725000000000001 0.836875 0.22833333333333336 0.04125
0 0.7458333333333333 0.956875 0.195 0.043750000000000004
