0 0.5225000000000001 0.9656250000000001 0.22833333333333336 0.03625
0 0.8350000000000001 0.961875 0.25333333333333335 0.03625
0 0.20083333333333334 0.9125 0.22166666666666668 0.0325
0 0.5166666666666667 0.90625 0.22 0.035
0 0.8183333333333334 0.899375 0.22333333333333336 0.03625
0 0.5225000000000001 0.841875 0.2316666666666667 0.03125
0 0.8041666666666667 0.844375 0.18500000000000003 0.03875
0 0.18833333333333335 0.788125 0.2 0.03375
0 0.5175000000000001 0.780625 0.21833333333333335 0.03125
0 0.8158333333333334 0.78625 0.21166666666666667 0.0425
0 0.20916666666666667 0.7262500000000001 0.2316666666666667 0.035
0 0.5266666666666667 0.72375 0.23333333333333334 0.0375
0 0.8141666666666667 0.665625 0.24500000000000002 0.03875
0 0.2041666666666667 0.6625 0.22166666666666668 0.0325
0 0.5433333333333333 0.66 0.26333333333333336 0.0375
0 0.8258333333333334 0.608125 0.225 0.04125
0 0.5483333333333333 0.600625 0.27 0.03375
0 0.19583333333333336 0.6075 0.19833333333333333 0.0475
0 0.5091666666666667 0.54125 0.18500000000000003 0.0325
0 0.21916666666666668 0.536875 0.24166666666666667 0.04625
0 0.8233333333333334 0.486875 0.22 0.03375
0 0.525 0.4825 0.21666666666666667 0.035
0 0.21750000000000003 0.478125 0.2316666666666667 0.03625
0 0.8191666666666667 0.429375 0.21166666666666667 0.03625
0 0.54 0.425 0.24333333333333335 0.0375
0 0.21000000000000002 0.41875 0.2066666666666667 0.0375
0 0.8266666666666668 0.36875 0.22 0.035
0 0.5141666666666667 0.3675 0.18833333333333335 0.045
0 0.24583333333333335 0.35375 0.2816666666666667 0.0325
0 0.8283333333333334 0.311875 0.21333333333333335 0.03125
0 0.5341666666666667 0.3025 0.22166666666666668 0.0325
0 0.23 0.296875 0.25 0.043750000000000004
0 0.8400000000000001 0.253125 0.23 0.03375
0 0.5316666666666667 0.241875 0.22 0.03375
0 0.21833333333333335 0.23 0.22333333333333336 0.0375
0 0.5308333333333334 0.18375 0.21166666666666667 0.0325
0 0.22416666666666668 0.16875 0.225 0.0325
0 0.8500000000000001 0.13875 0.25 0.0375
0 0.5308333333333334 0.13125 0.21166666666666667 0.05
0 0.21333333333333335 0.10875 0.2 0.0325
0 0.8391666666666667 0.1975 0.24500000000000002 0.045
0 0.8175 0.5475 0.20500000000000002 0.0375
0 0.8108333333333334 0.7262500000000001 0.20500000000000002 0.0375
0 0.18833333333333335 0.8525 0.19666666666666668 0.04
0 0.21333333333333335 0.9762500000000001 0.2366666666666667 0.0475
