0 0.8208333333333334 0.96125 0.26833333333333337 0.0375
0 0.4966666666666667 0.95125 0.24000000000000002 0.045
0 0.1691666666666667 0.944375 0.18833333333333335 0.03875
0 0.7941666666666667 0.8981250000000001 0.21166666666666667 0.03375
0 0.49833333333333335 0.895625 0.24666666666666667 0.051250000000000004
0 0.17916666666666667 0.880625 0.21500000000000002 0.03375
0 0.7991666666666667 0.84375 0.2316666666666667 0.0475
0 0.4733333333333334 0.8300000000000001 0.19666666666666668 0.04
0 0.20083333333333334 0.82375 0.26166666666666666 0.035
0 0.805 0.7775 0.25 0.0375
0 0.4766666666666667 0.765625 0.20333333333333334 0.03125
0 0.19666666666666668 0.76375 0.26 0.0325
0 0.7833333333333334 0.716875 0.2 0.043750000000000004
0 0.4783333333333334 0.70875 0.21666666666666667 0.0375
0 0.8008333333333334 0.65 0.23500000000000001 0.035
0 0.1875 0.64625 0.2516666666666667 0.0325
0 0.47500000000000003 0.649375 0.20333333333333334 0.03875
0 0.18166666666666667 0.58625 0.24000000000000002 0.035
0 0.47000000000000003 0.585 0.19666666666666668 0.03
0 0.795 0.584375 0.22666666666666668 0.03125
0 0.17250000000000001 0.5325 0.225 0.04
0 0.5025000000000001 0.525 0.27166666666666667 0.0375
0 0.17 0.47000000000000003 0.22666666666666668 0.035
0 0.4566666666666667 0.466875 0.18666666666666668 0.03625
0 0.7916666666666667 0.45687500000000003 0.23333333333333334 0.03375
0 0.49583333333333335 0.401875 0.26833333333333337 0.03625
0 0.16 0.409375 0.21000000000000002 0.051250000000000004
0 0.7916666666666667 0.395 0.23333333333333334 0.035
0 0.17500000000000002 0.34750000000000003 0.24666666666666667 0.04
0 0.4783333333333334 0.340625 0.24000000000000002 0.03625
0 0.7841666666666667 0.33625 0.21833333333333335 0.05
0 0.15416666666666667 0.29125 0.20500000000000002 0.0475
0 0.4608333333333334 0.275625 0.21166666666666667 0.03125
0 0.775 0.265625 0.2066666666666667 0.03625
0 0.15666666666666668 0.225 0.22333333333333336 0.035
0 0.4758333333333334 0.21125 0.24500000000000002 0.0375
0 0.7975000000000001 0.19875 0.24500000000000002 0.035
0 0.16 0.164375 0.22666666666666668 0.04125
0 0.455 0.149375 0.2066666666666667 0.03125
0 0.7975000000000001 0.13 0.2516666666666667 0.0325
0 0.17916666666666667 0.105625 0.27166666666666667 0.05625
0 0.4741666666666667 0.084375 0.24833333333333335 0.043750000000000004
0 0.7941666666666667 0.06625 0.2516666666666667 0.0375
0 0.79 0.52875 0.21666666666666667 0.045
0 0.14583333333333334 0.7056250000000001 0.15166666666666667 0.03375
