0 0.8091666666666667 0.981875 0.24500000000000002 0.03625
0 0.46416666666666667 0.976875 0.18500000000000003 0.04625
0 0.7858333333333334 0.923125 0.21166666666666667 0.03375
0 0.47500000000000003 0.911875 0.2066666666666667 0.03125
0 0.7825000000000001 0.860625 0.20500000000000002 0.03125
0 0.465 0.85 0.19333333333333336 0.0325
0 0.1716666666666667 0.84875 0.21666666666666667 0.04
0 0.7858333333333334 0.7993750000000001 0.21166666666666667 0.03375
0 0.4758333333333334 0.7937500000000001 0.21833333333333335 0.04
0 0.18416666666666667 0.78625 0.24166666666666667 0.0325
0 0.795 0.743125 0.22333333333333336 0.04625
0 0.4716666666666667 0.730625 0.21333333333333335 0.03625
0 0.8058333333333334 0.671875 0.25833333333333336 0.03125
0 0.46166666666666667 0.666875 0.19 0.03375
0 0.16416666666666668 0.6687500000000001 0.20833333333333334 0.0375
0 0.7925000000000001 0.6175 0.22833333333333336 0.0475
0 0.46416666666666667 0.60875 0.19833333333333333 0.035
0 0.17250000000000001 0.6125 0.225 0.0425
0 0.17083333333333334 0.551875 0.225 0.03875
0 0.8041666666666667 0.54875 0.255 0.0375
0 0.47250000000000003 0.546875 0.21166666666666667 0.03875
0 0.18500000000000003 0.489375 0.25333333333333335 0.03375
0 0.7841666666666667 0.48625 0.21166666666666667 0.04
0 0.4808333333333334 0.48875 0.23500000000000001 0.045
0 0.18416666666666667 0.42875 0.255 0.0325
0 0.4758333333333334 0.4275 0.22833333333333336 0.04
0 0.7808333333333334 0.421875 0.20500000000000002 0.03875
0 0.17083333333333334 0.3675 0.23500000000000001 0.035
0 0.4741666666666667 0.3675 0.22166666666666668 0.0425
0 0.7983333333333333 0.354375 0.24333333333333335 0.03625
0 0.1525 0.306875 0.2016666666666667 0.03375
0 0.47500000000000003 0.30125 0.23 0.035
0 0.7958333333333334 0.291875 0.24500000000000002 0.03875
0 0.17416666666666666 0.24375 0.24500000000000002 0.0325
0 0.48000000000000004 0.238125 0.2366666666666667 0.03625
0 0.8133333333333334 0.224375 0.27666666666666667 0.03625
0 0.1525 0.185625 0.20500000000000002 0.03125
0 0.4691666666666667 0.173125 0.225 0.03375
0 0.7775000000000001 0.16125 0.20833333333333334 0.0375
0 0.16833333333333333 0.125 0.23333333333333334 0.0425
0 0.4866666666666667 0.108125 0.2566666666666667 0.03125
0 0.8058333333333334 0.094375 0.265 0.043750000000000004
0 0.17583333333333334 0.729375 0.22833333333333336 0.03625
0 0.1691666666666667 0.91625 0.20500000000000002 0.0575
0 0.19333333333333336 0.9656250000000001 0.24000000000000002 0.04875
