0 0.4633333333333334 0.921875 0.19666666666666668 0.03375
0 0.17083333333333334 0.920625 0.19833333333333333 0.02875
0 0.7475 0.865 0.18166666666666667 0.03
0 0.46 0.86625 0.18666666666666668 0.0325
0 0.17500000000000002 0.8625 0.2066666666666667 0.03
0 0.455 0.80875 0.17666666666666667 0.03
0 0.1716666666666667 0.806875 0.2 0.02875
0 0.745 0.808125 0.17666666666666667 0.03125
0 0.7525000000000001 0.7518750000000001 0.19166666666666668 0.03125
0 0.4741666666666667 0.750625 0.20833333333333334 0.03125
0 0.16 0.749375 0.16333333333333333 0.02875
0 0.7458333333333333 0.69625 0.17500000000000002 0.0325
0 0.4675 0.69375 0.19833333333333333 0.03
0 0.18083333333333335 0.6925 0.21500000000000002 0.03
0 0.7416666666666667 0.63875 0.21000000000000002 0.0325
0 0.4733333333333334 0.638125 0.21000000000000002 0.03375
0 0.1575 0.636875 0.165 0.02875
0 0.7558333333333334 0.581875 0.195 0.03375
0 0.4708333333333334 0.58125 0.2016666666666667 0.0325
0 0.15583333333333335 0.58 0.15833333333333335 0.03
0 0.7400000000000001 0.525 0.16333333333333333 0.03
0 0.45083333333333336 0.525 0.15833333333333335 0.035
0 0.14916666666666667 0.5225 0.14500000000000002 0.035
0 0.7641666666666667 0.4675 0.21166666666666667 0.03
0 0.4716666666666667 0.46875 0.20333333333333334 0.0325
0 0.17583333333333334 0.465 0.2016666666666667 0.03
0 0.7591666666666668 0.41125 0.23500000000000001 0.03
0 0.4683333333333334 0.410625 0.19 0.02875
0 0.17750000000000002 0.40875 0.20500000000000002 0.03
0 0.7308333333333333 0.355 0.18500000000000003 0.03
0 0.45083333333333336 0.354375 0.155 0.02875
0 0.17666666666666667 0.3525 0.20333333333333334 0.03
0 0.7808333333333334 0.2975 0.23833333333333334 0.03
0 0.4625 0.296875 0.18500000000000003 0.03125
0 0.1875 0.29875 0.22166666666666668 0.035
0 0.745 0.240625 0.16666666666666669 0.03125
0 0.17333333333333334 0.23875000000000002 0.18666666666666668 0.03
0 0.77 0.18375 0.21666666666666667 0.03
0 0.1675 0.1825 0.18500000000000003 0.0325
0 0.765 0.12625 0.2066666666666667 0.03
0 0.4675 0.12687500000000002 0.18500000000000003 0.03125
0 0.16833333333333333 0.12 0.19666666666666668 0.0375
0 0.45833333333333337 0.186875 0.18000000000000002 0.03375
0 0.4741666666666667 0.239375 0.2016666666666667 0.03625
0 0.7733333333333334 0.92625 0.24666666666666667 0.035
