0 0.18416666666666667 0.9293750000000001 0.195 0.03125
0 0.7883333333333333 0.8725 0.23 0.03
0 0.49250000000000005 0.8725 0.21833333333333335 0.03
0 0.195 0.8725 0.22 0.03
0 0.765 0.818125 0.18666666666666668 0.03375
0 0.18666666666666668 0.81375 0.19333333333333336 0.035
0 0.7675000000000001 0.75875 0.18833333333333335 0.03
0 0.17916666666666667 0.75875 0.18833333333333335 0.03
0 0.48500000000000004 0.703125 0.20333333333333334 0.03375
0 0.18250000000000002 0.7025 0.19166666666666668 0.03
0 0.7641666666666667 0.700625 0.18166666666666667 0.03125
0 0.7875000000000001 0.645 0.225 0.03
0 0.4758333333333334 0.645 0.18166666666666667 0.0325
0 0.1875 0.645625 0.2016666666666667 0.02875
0 0.7783333333333334 0.588125 0.2066666666666667 0.02875
0 0.4841666666666667 0.5875 0.24166666666666667 0.03
0 0.17500000000000002 0.58875 0.17666666666666667 0.0325
0 0.7741666666666667 0.533125 0.20500000000000002 0.03125
0 0.19333333333333336 0.531875 0.2066666666666667 0.02875
0 0.48833333333333334 0.53125 0.24333333333333335 0.03
0 0.7708333333333334 0.476875 0.18833333333333335 0.03125
0 0.19083333333333335 0.476875 0.20500000000000002 0.03125
0 0.4808333333333334 0.47500000000000003 0.23833333333333334 0.0325
0 0.765 0.41875 0.18666666666666668 0.03
0 0.48500000000000004 0.41875 0.2066666666666667 0.03
0 0.1975 0.41875 0.21833333333333335 0.03
0 0.7616666666666667 0.364375 0.17333333333333334 0.03125
0 0.49083333333333334 0.3625 0.21833333333333335 0.03
0 0.21750000000000003 0.36125 0.265 0.03
0 0.79 0.305625 0.23 0.02875
0 0.4758333333333334 0.305625 0.18833333333333335 0.03125
0 0.17333333333333334 0.305 0.16666666666666669 0.03
0 0.77 0.25 0.19333333333333336 0.0325
0 0.4891666666666667 0.24875 0.21166666666666667 0.03
0 0.18250000000000002 0.2475 0.195 0.03
0 0.7741666666666667 0.1925 0.23833333333333334 0.0325
0 0.47500000000000003 0.19187500000000002 0.18000000000000002 0.02875
0 0.1991666666666667 0.19062500000000002 0.21833333333333335 0.02875
0 0.765 0.13625 0.18000000000000002 0.035
0 0.4866666666666667 0.13375 0.21000000000000002 0.03
0 0.18666666666666668 0.134375 0.2 0.03375
0 0.4816666666666667 0.76125 0.19 0.035
0 0.4816666666666667 0.816875 0.20333333333333334 0.03125
0 0.4658333333333334 0.930625 0.1716666666666667 0.03875
0 0.7866666666666667 0.930625 0.22666666666666668 0.02875
