0 0.4733333333333334 0.93625 0.2066666666666667 0.035
0 0.17500000000000002 0.93125 0.2 0.03
0 0.7658333333333334 0.878125 0.2016666666666667 0.02875
0 0.46166666666666667 0.875 0.18000000000000002 0.03
0 0.19083333333333335 0.8768750000000001 0.22833333333333336 0.03125
0 0.7658333333333334 0.820625 0.195 0.02875
0 0.4575 0.818125 0.16833333333333333 0.02875
0 0.17750000000000002 0.8175 0.2016666666666667 0.03
0 0.7675000000000001 0.764375 0.2016666666666667 0.02875
0 0.46416666666666667 0.764375 0.17833333333333334 0.03375
0 0.17833333333333334 0.760625 0.2 0.02875
0 0.7666666666666667 0.706875 0.19666666666666668 0.02875
0 0.4666666666666667 0.7056250000000001 0.18666666666666668 0.03125
0 0.17500000000000002 0.704375 0.19 0.02875
0 0.785 0.65125 0.23 0.0325
0 0.455 0.6481250000000001 0.16 0.02875
0 0.17250000000000001 0.6481250000000001 0.18833333333333335 0.03125
0 0.7808333333333334 0.594375 0.22833333333333336 0.03125
0 0.4591666666666667 0.591875 0.1716666666666667 0.03125
0 0.16083333333333336 0.59 0.15833333333333335 0.03
0 0.7708333333333334 0.538125 0.20500000000000002 0.02875
0 0.47250000000000003 0.535 0.195 0.03
0 0.17083333333333334 0.53625 0.17833333333333334 0.035
0 0.7725000000000001 0.48125 0.20833333333333334 0.03
0 0.47500000000000003 0.478125 0.19 0.02875
0 0.17500000000000002 0.47625 0.18333333333333335 0.03
0 0.7525000000000001 0.42625 0.165 0.03
0 0.4575 0.420625 0.19833333333333333 0.03125
0 0.7583333333333334 0.37 0.17 0.03
0 0.4591666666666667 0.364375 0.16166666666666668 0.03125
0 0.77 0.31125 0.20333333333333334 0.03
0 0.4716666666666667 0.308125 0.19 0.03125
0 0.18000000000000002 0.305625 0.19333333333333336 0.02875
0 0.7683333333333334 0.255 0.19666666666666668 0.03
0 0.4691666666666667 0.250625 0.21166666666666667 0.03125
0 0.16166666666666668 0.2475 0.16 0.03
0 0.7616666666666667 0.19875 0.17666666666666667 0.03
0 0.4666666666666667 0.194375 0.21000000000000002 0.03125
0 0.17250000000000001 0.19187500000000002 0.18166666666666667 0.03125
0 0.775 0.14125000000000001 0.2066666666666667 0.0325
0 0.4608333333333334 0.13625 0.16166666666666668 0.0325
0 0.17583333333333334 0.135625 0.18833333333333335 0.03625
0 0.17583333333333334 0.36875 0.19166666666666668 0.04
0 0.17250000000000001 0.4225 0.18500000000000003 0.04
0 0.7616666666666667 0.935 0.21666666666666667 0.0425
