0 0.2 0.93 0.2 0.03
0 0.48583333333333334 0.928125 0.19166666666666668 0.03125
0 0.19 0.874375 0.18000000000000002 0.03125
0 0.7766666666666667 0.8718750000000001 0.19 0.02875
0 0.47750000000000004 0.873125 0.17500000000000002 0.03125
0 0.19166666666666668 0.81875 0.17666666666666667 0.0275
0 0.7591666666666668 0.8175 0.15833333333333335 0.03
0 0.4791666666666667 0.816875 0.17833333333333334 0.02875
0 0.7791666666666667 0.76125 0.2016666666666667 0.03
0 0.4708333333333334 0.761875 0.16166666666666668 0.02875
0 0.18833333333333335 0.7625000000000001 0.17666666666666667 0.03
0 0.1875 0.708125 0.17500000000000002 0.02875
0 0.7825000000000001 0.706875 0.20833333333333334 0.03125
0 0.49083333333333334 0.706875 0.20500000000000002 0.02875
0 0.19083333333333335 0.65375 0.18166666666666667 0.0275
0 0.4808333333333334 0.65125 0.18166666666666667 0.0275
0 0.7666666666666667 0.65125 0.18000000000000002 0.03
0 0.2 0.598125 0.19666666666666668 0.02875
0 0.4708333333333334 0.596875 0.165 0.02875
0 0.7633333333333334 0.595 0.17333333333333334 0.03
0 0.18916666666666668 0.543125 0.18166666666666667 0.02875
0 0.4841666666666667 0.541875 0.195 0.02875
0 0.7858333333333334 0.54 0.21500000000000002 0.03
0 0.18916666666666668 0.48812500000000003 0.18166666666666667 0.02875
0 0.49500000000000005 0.48625 0.21666666666666667 0.0275
0 0.7725000000000001 0.48375 0.195 0.03
0 0.18333333333333335 0.433125 0.17666666666666667 0.02875
0 0.47000000000000003 0.43125 0.16333333333333333 0.03
0 0.7591666666666668 0.42875 0.16833333333333333 0.03
0 0.19 0.37625000000000003 0.19666666666666668 0.03
0 0.4758333333333334 0.375625 0.18166666666666667 0.02875
0 0.7616666666666667 0.37375 0.17 0.03
0 0.17916666666666667 0.32125 0.16833333333333333 0.03
0 0.47000000000000003 0.32 0.17666666666666667 0.03
0 0.7658333333333334 0.3175 0.17833333333333334 0.03
0 0.19 0.26625 0.19666666666666668 0.03
0 0.49333333333333335 0.26375 0.22333333333333336 0.03
0 0.7858333333333334 0.26125 0.22166666666666668 0.03
0 0.18666666666666668 0.210625 0.19 0.02875
0 0.47250000000000003 0.208125 0.17500000000000002 0.02875
0 0.7641666666666667 0.20500000000000002 0.18166666666666667 0.03
0 0.48583333333333334 0.153125 0.20500000000000002 0.03125
0 0.75 0.148125 0.15666666666666668 0.03375
0 0.17500000000000002 0.15625 0.17333333333333334 0.0325
0 0.7875000000000001 0.9293750000000001 0.20500000000000002 0.03375
