0 0.49750000000000005 0.928125 0.23833333333333334 0.03375
0 0.17583333333333334 0.926875 0.19833333333333333 0.03375
0 0.7583333333333334 0.8718750000000001 0.22333333333333336 0.03125
0 0.4758333333333334 0.86875 0.19833333333333333 0.03
0 0.18166666666666667 0.86875 0.2066666666666667 0.03
0 0.17416666666666666 0.810625 0.18166666666666667 0.02875
0 0.7566666666666667 0.758125 0.18333333333333335 0.03125
0 0.48833333333333334 0.755625 0.21000000000000002 0.02875
0 0.18250000000000002 0.753125 0.19833333333333333 0.02875
0 0.8 0.701875 0.2566666666666667 0.02875
0 0.4866666666666667 0.6975 0.21333333333333335 0.03
0 0.18666666666666668 0.69625 0.2066666666666667 0.03
0 0.78 0.645 0.21666666666666667 0.03
0 0.4733333333333334 0.64125 0.18666666666666668 0.03
0 0.18666666666666668 0.63875 0.20333333333333334 0.03
0 0.7866666666666667 0.5875 0.22333333333333336 0.03
0 0.48500000000000004 0.584375 0.2066666666666667 0.02875
0 0.18000000000000002 0.583125 0.18666666666666668 0.02875
0 0.7575000000000001 0.530625 0.16833333333333333 0.02875
0 0.4691666666666667 0.528125 0.16833333333333333 0.02875
0 0.18833333333333335 0.52625 0.20333333333333334 0.03
0 0.7733333333333334 0.47375 0.2 0.0325
0 0.47500000000000003 0.471875 0.17666666666666667 0.03125
0 0.20083333333333334 0.468125 0.225 0.02875
0 0.7766666666666667 0.418125 0.20333333333333334 0.03125
0 0.4783333333333334 0.41500000000000004 0.18000000000000002 0.03
0 0.19416666666666668 0.413125 0.2016666666666667 0.02875
0 0.7933333333333333 0.361875 0.23333333333333334 0.03125
0 0.4916666666666667 0.358125 0.21333333333333335 0.02875
0 0.19333333333333336 0.35625 0.21000000000000002 0.03
0 0.7833333333333334 0.305 0.21000000000000002 0.03
0 0.5025000000000001 0.30125 0.22833333333333336 0.03
0 0.19833333333333333 0.29875 0.21666666666666667 0.03
0 0.7875000000000001 0.248125 0.21833333333333335 0.03375
0 0.4941666666666667 0.245 0.21500000000000002 0.03
0 0.1991666666666667 0.24125 0.21833333333333335 0.03
0 0.78 0.19062500000000002 0.20333333333333334 0.03375
0 0.5 0.18875 0.22333333333333336 0.0325
0 0.1991666666666667 0.185 0.21833333333333335 0.03
0 0.7891666666666667 0.1325 0.21833333333333335 0.0325
0 0.48000000000000004 0.13125 0.18000000000000002 0.0325
0 0.18916666666666668 0.13 0.18500000000000003 0.0375
0 0.7808333333333334 0.930625 0.22833333333333336 0.03625
0 0.5025000000000001 0.8150000000000001 0.23500000000000001 0.03
0 0.7658333333333334 0.81625 0.19833333333333333 0.0325
