0 0.21166666666666667 0.930625 0.2366666666666667 0.03125
0 0.1975 0.87375 0.20833333333333334 0.03
0 0.7875000000000001 0.87125 0.20500000000000002 0.035
0 0.2041666666666667 0.815625 0.21833333333333335 0.03125
0 0.7975000000000001 0.8150000000000001 0.22833333333333336 0.035
0 0.4966666666666667 0.81375 0.21333333333333335 0.03
0 0.2 0.75875 0.21000000000000002 0.03
0 0.49083333333333334 0.758125 0.19166666666666668 0.02875
0 0.7958333333333334 0.7575000000000001 0.2316666666666667 0.0325
0 0.19416666666666668 0.7025 0.2016666666666667 0.0325
0 0.7933333333333333 0.700625 0.21666666666666667 0.02875
0 0.48750000000000004 0.7000000000000001 0.195 0.03
0 0.19666666666666668 0.645 0.20333333333333334 0.03
0 0.7708333333333334 0.64375 0.18166666666666667 0.03
0 0.49083333333333334 0.644375 0.19833333333333333 0.02875
0 0.19166666666666668 0.58875 0.19 0.03
0 0.4808333333333334 0.588125 0.17833333333333334 0.02875
0 0.7816666666666667 0.58625 0.2066666666666667 0.03
0 0.18083333333333335 0.5325 0.17500000000000002 0.03
0 0.4941666666666667 0.531875 0.20833333333333334 0.02875
0 0.765 0.529375 0.17333333333333334 0.02875
0 0.19583333333333336 0.47625 0.20500000000000002 0.03
0 0.4941666666666667 0.47500000000000003 0.21166666666666667 0.03
0 0.7783333333333334 0.473125 0.2 0.03125
0 0.195 0.418125 0.20333333333333334 0.02875
0 0.4941666666666667 0.418125 0.20833333333333334 0.02875
0 0.7933333333333333 0.4175 0.22 0.03
0 0.19333333333333336 0.36312500000000003 0.20333333333333334 0.03125
0 0.48833333333333334 0.36125 0.2 0.03
0 0.7716666666666667 0.36 0.19 0.03
0 0.48750000000000004 0.305625 0.19833333333333333 0.02875
0 0.20083333333333334 0.305625 0.22166666666666668 0.03125
0 0.7616666666666667 0.30375 0.16666666666666669 0.03
0 0.48500000000000004 0.24875 0.19666666666666668 0.03
0 0.19416666666666668 0.24875 0.20833333333333334 0.03
0 0.795 0.2475 0.23333333333333334 0.03
0 0.4808333333333334 0.19125 0.18833333333333335 0.03
0 0.1875 0.19125 0.195 0.03
0 0.7808333333333334 0.19 0.20500000000000002 0.03
0 0.47750000000000004 0.134375 0.18166666666666667 0.03125
0 0.7741666666666667 0.1325 0.18833333333333335 0.03
0 0.17666666666666667 0.135625 0.18333333333333335 0.03125
0 0.48500000000000004 0.875625 0.19 0.03375
0 0.5066666666666667 0.92875 0.22333333333333336 0.03
0 0.7825000000000001 0.930625 0.2016666666666667 0.03375
