0 0.16833333333333333 0.928125 0.21333333333333335 0.03375
0 0.46 0.925625 0.2 0.02875
0 0.7475 0.870625 0.18833333333333335 0.02875
0 0.4608333333333334 0.869375 0.19166666666666668 0.02875
0 0.1575 0.870625 0.19166666666666668 0.02875
0 0.17083333333333334 0.8143750000000001 0.21500000000000002 0.03125
0 0.7475 0.813125 0.195 0.02875
0 0.43333333333333335 0.811875 0.14333333333333334 0.02875
0 0.7558333333333334 0.756875 0.20833333333333334 0.03125
0 0.4766666666666667 0.755625 0.22333333333333336 0.02875
0 0.15666666666666668 0.7575000000000001 0.18000000000000002 0.03
0 0.7516666666666667 0.7000000000000001 0.2 0.0325
0 0.17666666666666667 0.70125 0.22666666666666668 0.0325
0 0.4541666666666667 0.700625 0.17833333333333334 0.03125
0 0.745 0.64375 0.18666666666666668 0.03
0 0.46416666666666667 0.6425 0.2016666666666667 0.03
0 0.16583333333333333 0.6431250000000001 0.19833333333333333 0.03125
0 0.7575000000000001 0.58875 0.20833333333333334 0.0325
0 0.4625 0.58625 0.19833333333333333 0.03
0 0.16583333333333333 0.58625 0.2016666666666667 0.03
0 0.7533333333333334 0.53 0.20333333333333334 0.03
0 0.4633333333333334 0.53 0.20333333333333334 0.03
0 0.1691666666666667 0.530625 0.19833333333333333 0.03375
0 0.7475 0.474375 0.18500000000000003 0.02875
0 0.4741666666666667 0.47500000000000003 0.22166666666666668 0.0325
0 0.17 0.473125 0.2 0.02875
0 0.7541666666666668 0.4175 0.2016666666666667 0.03
0 0.46416666666666667 0.418125 0.20500000000000002 0.03125
0 0.1716666666666667 0.416875 0.21000000000000002 0.03125
0 0.7575000000000001 0.361875 0.2016666666666667 0.02875
0 0.46416666666666667 0.36062500000000003 0.19833333333333333 0.02875
0 0.17416666666666666 0.36062500000000003 0.21500000000000002 0.03125
0 0.7300000000000001 0.305 0.15333333333333335 0.03
0 0.4683333333333334 0.30375 0.21000000000000002 0.03
0 0.15916666666666668 0.30312500000000003 0.17833333333333334 0.02875
0 0.7758333333333334 0.2475 0.24500000000000002 0.03
0 0.44333333333333336 0.246875 0.16 0.02875
0 0.16416666666666668 0.24625 0.195 0.03
0 0.7766666666666667 0.19062500000000002 0.24666666666666667 0.03125
0 0.4608333333333334 0.19 0.18833333333333335 0.03
0 0.15166666666666667 0.19062500000000002 0.17 0.03125
0 0.7741666666666667 0.134375 0.24166666666666667 0.03125
0 0.4691666666666667 0.134375 0.21166666666666667 0.03125
0 0.1575 0.133125 0.18500000000000003 0.02625
0 0.7591666666666668 0.9325 0.21833333333333335 0.04
