0 0.19833333333333333 0.9293750000000001 0.2 0.02875
0 0.49333333333333335 0.928125 0.2 0.02875
0 0.21250000000000002 0.8718750000000001 0.2316666666666667 0.02875
0 0.49250000000000005 0.869375 0.195 0.02875
0 0.785 0.86875 0.19666666666666668 0.03
0 0.225 0.81375 0.26 0.03
0 0.4991666666666667 0.813125 0.21166666666666667 0.03125
0 0.805 0.8125 0.24333333333333335 0.0325
0 0.17500000000000002 0.7575000000000001 0.15666666666666668 0.0325
0 0.7925000000000001 0.755625 0.22166666666666668 0.03125
0 0.49750000000000005 0.755 0.21166666666666667 0.03
0 0.195 0.7000000000000001 0.2 0.0325
0 0.8041666666666667 0.698125 0.24166666666666667 0.02875
0 0.4966666666666667 0.6975 0.20333333333333334 0.03
0 0.1991666666666667 0.6431250000000001 0.20500000000000002 0.03125
0 0.7558333333333334 0.6425 0.14833333333333334 0.03
0 0.465 0.641875 0.14333333333333334 0.02875
0 0.19416666666666668 0.58625 0.195 0.0325
0 0.7708333333333334 0.58375 0.17833333333333334 0.03
0 0.4916666666666667 0.585 0.19333333333333336 0.03
0 0.1975 0.52875 0.20500000000000002 0.03
0 0.7583333333333334 0.5275 0.15666666666666668 0.03
0 0.4783333333333334 0.5275 0.17666666666666667 0.03
0 0.20333333333333334 0.47250000000000003 0.21666666666666667 0.03
0 0.7725000000000001 0.47125 0.18166666666666667 0.03
0 0.49250000000000005 0.470625 0.20500000000000002 0.03125
0 0.18333333333333335 0.416875 0.21666666666666667 0.02875
0 0.7741666666666667 0.413125 0.2316666666666667 0.02875
0 0.4666666666666667 0.41375 0.15333333333333335 0.03
0 0.19583333333333336 0.359375 0.20500000000000002 0.02875
0 0.4733333333333334 0.356875 0.17 0.02875
0 0.7733333333333334 0.3575 0.22333333333333336 0.03
0 0.49000000000000005 0.301875 0.2 0.02875
0 0.19166666666666668 0.3025 0.19333333333333336 0.03
0 0.7666666666666667 0.3 0.17666666666666667 0.03
0 0.2041666666666667 0.245625 0.21833333333333335 0.02875
0 0.5025000000000001 0.24375 0.225 0.03
0 0.7825000000000001 0.24375 0.2016666666666667 0.03
0 0.1991666666666667 0.1875 0.21833333333333335 0.03
0 0.5 0.186875 0.22333333333333336 0.03125
0 0.7791666666666667 0.18625 0.195 0.03
0 0.755 0.12875 0.14666666666666667 0.03
0 0.48500000000000004 0.13 0.19 0.0325
0 0.2 0.13375 0.22333333333333336 0.03
0 0.7866666666666667 0.93 0.20333333333333334 0.0325
