0 0.46416666666666667 0.92 0.195 0.03
0 0.17916666666666667 0.9187500000000001 0.22166666666666668 0.03
0 0.45583333333333337 0.8625 0.17833333333333334 0.03
0 0.16 0.86 0.18000000000000002 0.03
0 0.7400000000000001 0.806875 0.19666666666666668 0.03125
0 0.4691666666666667 0.805625 0.2016666666666667 0.03375
0 0.16666666666666669 0.803125 0.18666666666666668 0.02875
0 0.765 0.753125 0.21000000000000002 0.03625
0 0.4625 0.749375 0.18833333333333335 0.03125
0 0.17583333333333334 0.7468750000000001 0.20833333333333334 0.03125
0 0.76 0.69375 0.2 0.03
0 0.4916666666666667 0.691875 0.24333333333333335 0.03375
0 0.17500000000000002 0.6900000000000001 0.2066666666666667 0.03
0 0.7625000000000001 0.63625 0.2016666666666667 0.03
0 0.4691666666666667 0.635625 0.19166666666666668 0.03375
0 0.17583333333333334 0.631875 0.20500000000000002 0.02875
0 0.7641666666666667 0.58125 0.20500000000000002 0.035
0 0.46416666666666667 0.5775 0.18500000000000003 0.03
0 0.18083333333333335 0.574375 0.21166666666666667 0.03125
0 0.7375 0.5231250000000001 0.14833333333333334 0.03125
0 0.455 0.520625 0.16 0.03125
0 0.16416666666666668 0.51875 0.17500000000000002 0.0325
0 0.7675000000000001 0.466875 0.20833333333333334 0.03125
0 0.47750000000000004 0.46375 0.19833333333333333 0.03
0 0.18166666666666667 0.46125 0.2066666666666667 0.03
0 0.7775000000000001 0.41000000000000003 0.225 0.0325
0 0.4816666666666667 0.406875 0.21000000000000002 0.02875
0 0.17916666666666667 0.401875 0.195 0.03375
0 0.7733333333333334 0.351875 0.20333333333333334 0.02875
0 0.4766666666666667 0.35000000000000003 0.2 0.0325
0 0.17 0.34750000000000003 0.18000000000000002 0.03
0 0.7525000000000001 0.295 0.16166666666666668 0.03
0 0.48250000000000004 0.29375 0.21166666666666667 0.03
0 0.1875 0.29125 0.21500000000000002 0.03
0 0.7541666666666668 0.23875000000000002 0.1716666666666667 0.03
0 0.48000000000000004 0.23625000000000002 0.2 0.03
0 0.18083333333333335 0.23375 0.2016666666666667 0.03
0 0.7716666666666667 0.181875 0.19666666666666668 0.03125
0 0.455 0.17875 0.15333333333333335 0.03
0 0.18083333333333335 0.175625 0.19833333333333333 0.03125
0 0.7808333333333334 0.124375 0.22166666666666668 0.03125
0 0.465 0.121875 0.17 0.03125
0 0.16416666666666668 0.11875000000000001 0.165 0.0375
0 0.7441666666666668 0.8675 0.16833333333333333 0.0375
0 0.7758333333333334 0.9225 0.22833333333333336 0.0325
