0 0.4241666666666667 0.93 0.16166666666666668 0.03
0 0.1325 0.9237500000000001 0.15833333333333335 0.03
0 0.7308333333333333 0.883125 0.19166666666666668 0.02875
0 0.43333333333333335 0.875 0.18000000000000002 0.03
0 0.15000000000000002 0.86875 0.18666666666666668 0.0325
0 0.7375 0.82875 0.20500000000000002 0.03
0 0.4366666666666667 0.820625 0.17666666666666667 0.03125
0 0.16083333333333336 0.8143750000000001 0.20500000000000002 0.02875
0 0.7183333333333334 0.7725 0.16333333333333333 0.03
0 0.4516666666666667 0.765 0.21000000000000002 0.03
0 0.14083333333333334 0.758125 0.165 0.02875
0 0.7391666666666667 0.716875 0.2016666666666667 0.02875
0 0.44583333333333336 0.709375 0.18500000000000003 0.02875
0 0.16166666666666668 0.704375 0.20333333333333334 0.02875
0 0.7333333333333334 0.661875 0.18000000000000002 0.03125
0 0.43833333333333335 0.654375 0.17333333333333334 0.02875
0 0.14916666666666667 0.65 0.17500000000000002 0.03
0 0.7266666666666667 0.6062500000000001 0.16666666666666669 0.03
0 0.455 0.6 0.20333333333333334 0.03
0 0.16 0.593125 0.19333333333333336 0.02875
0 0.7425 0.5525 0.19166666666666668 0.0325
0 0.4416666666666667 0.5437500000000001 0.17 0.0275
0 0.14333333333333334 0.538125 0.14333333333333334 0.02875
0 0.7300000000000001 0.49625 0.16666666666666669 0.03
0 0.4441666666666667 0.489375 0.17500000000000002 0.02875
0 0.17 0.485 0.2066666666666667 0.0325
0 0.7241666666666667 0.440625 0.14833333333333334 0.03125
0 0.45583333333333337 0.435 0.195 0.03
0 0.1716666666666667 0.42812500000000003 0.19666666666666668 0.02875
0 0.7441666666666668 0.384375 0.18500000000000003 0.02875
0 0.45333333333333337 0.378125 0.18000000000000002 0.02875
0 0.17083333333333334 0.371875 0.2016666666666667 0.02875
0 0.7483333333333334 0.32937500000000003 0.18000000000000002 0.02875
0 0.4466666666666667 0.32375 0.17 0.03
0 0.15833333333333335 0.316875 0.17333333333333334 0.02875
0 0.75 0.2725 0.19 0.03
0 0.4633333333333334 0.268125 0.19666666666666668 0.03125
0 0.17250000000000001 0.261875 0.19166666666666668 0.02875
0 0.7566666666666667 0.218125 0.19 0.03375
0 0.46416666666666667 0.211875 0.195 0.03125
0 0.18500000000000003 0.206875 0.21666666666666667 0.03125
0 0.7425 0.16 0.165 0.03
0 0.4516666666666667 0.155 0.16666666666666669 0.03
0 0.1716666666666667 0.15125 0.19 0.04
0 0.7408333333333333 0.93875 0.21833333333333335 0.0375
