0 0.8075000000000001 0.928125 0.2516666666666667 0.03625
0 0.17916666666666667 0.925 0.21500000000000002 0.035
0 0.5 0.9237500000000001 0.24000000000000002 0.035
0 0.8025000000000001 0.8668750000000001 0.2516666666666667 0.03625
0 0.4891666666666667 0.8618750000000001 0.22166666666666668 0.03375
0 0.2041666666666667 0.859375 0.255 0.03375
0 0.79 0.806875 0.22666666666666668 0.03375
0 0.49583333333333335 0.80625 0.22833333333333336 0.0375
0 0.19833333333333333 0.803125 0.2366666666666667 0.03375
0 0.8041666666666667 0.74875 0.255 0.0325
0 0.5 0.7475 0.22666666666666668 0.0325
0 0.7725000000000001 0.69125 0.19833333333333333 0.03
0 0.48000000000000004 0.6843750000000001 0.19666666666666668 0.03375
0 0.7791666666666667 0.63625 0.21166666666666667 0.0425
0 0.7825000000000001 0.5750000000000001 0.21166666666666667 0.03
0 0.49750000000000005 0.573125 0.21833333333333335 0.03375
0 0.7841666666666667 0.5175 0.225 0.03
0 0.20916666666666667 0.5181250000000001 0.23500000000000001 0.03375
0 0.5016666666666667 0.515625 0.23 0.02875
0 0.5108333333333334 0.4625 0.23500000000000001 0.0275
0 0.7825000000000001 0.4625 0.22166666666666668 0.0325
0 0.21083333333333334 0.46187500000000004 0.2316666666666667 0.03125
0 0.49583333333333335 0.40875 0.20833333333333334 0.03
0 0.78 0.406875 0.21666666666666667 0.02875
0 0.21500000000000002 0.406875 0.23 0.03375
0 0.7783333333333334 0.351875 0.21000000000000002 0.02875
0 0.5 0.3525 0.22333333333333336 0.03
0 0.5008333333333334 0.29812500000000003 0.21833333333333335 0.03125
0 0.7825000000000001 0.296875 0.225 0.02875
0 0.49000000000000005 0.24375 0.19666666666666668 0.0275
0 0.7808333333333334 0.24375 0.22166666666666668 0.0275
0 0.775 0.1925 0.2066666666666667 0.0275
0 0.4966666666666667 0.1925 0.2066666666666667 0.03
0 0.77 0.141875 0.2 0.03125
0 0.5008333333333334 0.13875 0.21500000000000002 0.03
0 0.2041666666666667 0.13875 0.18833333333333335 0.04
0 0.20916666666666667 0.19 0.2016666666666667 0.04
0 0.20750000000000002 0.244375 0.21166666666666667 0.04125
0 0.21583333333333335 0.29812500000000003 0.22166666666666668 0.03375
0 0.21250000000000002 0.3525 0.22833333333333336 0.035
0 0.20500000000000002 0.573125 0.23333333333333334 0.04125
0 0.2041666666666667 0.6275000000000001 0.23500000000000001 0.04
0 0.21250000000000002 0.68875 0.24166666666666667 0.045
0 0.18416666666666667 0.743125 0.21166666666666667 0.03875
0 0.4733333333333334 0.6225 0.18333333333333335 0.0425
