0 0.5133333333333334 0.79125 0.22333333333333336 0.035
0 0.7975000000000001 0.788125 0.21833333333333335 0.03625
0 0.5025000000000001 0.7368750000000001 0.20500000000000002 0.03125
0 0.7875000000000001 0.733125 0.20833333333333334 0.03125
0 0.24000000000000002 0.68625 0.26 0.0325
0 0.7758333333333334 0.67625 0.18833333333333335 0.0325
0 0.5066666666666667 0.67875 0.21333333333333335 0.0325
0 0.4991666666666667 0.625 0.19833333333333333 0.03
0 0.22166666666666668 0.62875 0.22 0.0325
0 0.7883333333333333 0.6218750000000001 0.22 0.02875
0 0.21166666666666667 0.574375 0.19666666666666668 0.02875
0 0.7958333333333334 0.568125 0.22833333333333336 0.02875
0 0.20583333333333334 0.51875 0.18500000000000003 0.03
0 0.78 0.513125 0.21000000000000002 0.03125
0 0.5091666666666667 0.465625 0.20833333333333334 0.03125
0 0.2041666666666667 0.465625 0.17833333333333334 0.02875
0 0.7591666666666668 0.46 0.1716666666666667 0.03
0 0.20083333333333334 0.41125 0.165 0.0275
0 0.7733333333333334 0.405625 0.20333333333333334 0.02875
0 0.4816666666666667 0.409375 0.16666666666666669 0.03375
0 0.21416666666666667 0.35875 0.195 0.0275
0 0.5091666666666667 0.356875 0.225 0.02875
0 0.7733333333333334 0.35125 0.2066666666666667 0.03
0 0.48250000000000004 0.30312500000000003 0.1716666666666667 0.02875
0 0.225 0.305625 0.21000000000000002 0.03125
0 0.7658333333333334 0.29875 0.195 0.03
0 0.22916666666666669 0.2525 0.21166666666666667 0.0325
0 0.49750000000000005 0.2 0.20500000000000002 0.0275
0 0.22 0.201875 0.19666666666666668 0.03125
0 0.7666666666666667 0.19375 0.20333333333333334 0.03
0 0.4941666666666667 0.14875 0.195 0.0275
0 0.77 0.140625 0.21333333333333335 0.03375
0 0.2325 0.15375 0.225 0.03
0 0.505 0.515625 0.21333333333333335 0.02875
0 0.5283333333333333 0.571875 0.25 0.03625
0 0.22333333333333336 0.7418750000000001 0.22666666666666668 0.03625
0 0.2225 0.79625 0.21833333333333335 0.035
0 0.21583333333333335 0.855 0.21833333333333335 0.0375
0 0.21750000000000003 0.9137500000000001 0.20833333333333334 0.04
0 0.4941666666666667 0.8512500000000001 0.17833333333333334 0.0375
0 0.505 0.910625 0.2 0.03375
0 0.8091666666666667 0.85 0.22833333333333336 0.0375
0 0.8058333333333334 0.90625 0.225 0.035
0 0.5216666666666667 0.25375000000000003 0.2566666666666667 0.035
0 0.775 0.243125 0.21000000000000002 0.03375
