0 0.195 0.146875 0.22666666666666668 0.03375
0 0.17750000000000002 0.355625 0.20833333333333334 0.03125
0 0.8566666666666667 0.9081250000000001 0.26333333333333336 0.03875
0 0.5025000000000001 0.8975 0.26833333333333337 0.0425
0 0.14 0.883125 0.21666666666666667 0.04125
0 0.8550000000000001 0.836875 0.25333333333333335 0.03375
0 0.4941666666666667 0.829375 0.23833333333333334 0.04125
0 0.15666666666666668 0.816875 0.2366666666666667 0.03875
0 0.8308333333333334 0.76875 0.22166666666666668 0.0325
0 0.5 0.7625000000000001 0.25 0.035
0 0.15583333333333335 0.753125 0.21833333333333335 0.03625
0 0.8391666666666667 0.70375 0.23500000000000001 0.0325
0 0.5 0.696875 0.24000000000000002 0.03125
0 0.16416666666666668 0.693125 0.20833333333333334 0.03125
0 0.8341666666666667 0.639375 0.23833333333333334 0.03125
0 0.48000000000000004 0.635 0.20333333333333334 0.035
0 0.17500000000000002 0.633125 0.22333333333333336 0.02875
0 0.8366666666666667 0.579375 0.24666666666666667 0.03625
0 0.48750000000000004 0.5775 0.21166666666666667 0.0325
0 0.1575 0.5750000000000001 0.18166666666666667 0.0325
0 0.1675 0.52 0.18833333333333335 0.0275
0 0.8308333333333334 0.515625 0.24166666666666667 0.03625
0 0.5 0.51625 0.23 0.035
0 0.17750000000000002 0.464375 0.20833333333333334 0.02875
0 0.51 0.46125 0.24666666666666667 0.0325
0 0.8291666666666667 0.45625 0.24166666666666667 0.0325
0 0.17833333333333334 0.41125 0.2066666666666667 0.0325
0 0.49750000000000005 0.405 0.22166666666666668 0.0325
0 0.8250000000000001 0.3975 0.23 0.03
0 0.5025000000000001 0.35000000000000003 0.225 0.035
0 0.8150000000000001 0.34375 0.21666666666666667 0.035
0 0.19166666666666668 0.30125 0.22333333333333336 0.03
0 0.48833333333333334 0.299375 0.19666666666666668 0.02875
0 0.8083333333333333 0.28750000000000003 0.21000000000000002 0.03
0 0.19416666666666668 0.25 0.21833333333333335 0.03
0 0.49750000000000005 0.244375 0.21500000000000002 0.02875
0 0.8091666666666667 0.233125 0.20833333333333334 0.02875
0 0.2041666666666667 0.198125 0.23500000000000001 0.02875
0 0.48250000000000004 0.19187500000000002 0.18833333333333335 0.03125
0 0.81 0.18 0.22 0.03
0 0.7933333333333333 0.12625 0.18666666666666668 0.0325
0 0.20833333333333334 0.095 0.23333333333333334 0.03
0 0.48500000000000004 0.081875 0.19 0.02875
0 0.8141666666666667 0.069375 0.22833333333333336 0.03375
0 0.49250000000000005 0.138125 0.21166666666666667 0.043750000000000004
