0 0.19333333333333333 0.17875 0.18666666666666665 0.03
0 0.19749999999999998 0.22062500000000002 0.19833333333333333 0.02875
0 0.19916666666666666 0.263125 0.205 0.03125
0 0.19916666666666666 0.306875 0.205 0.02875
0 0.19583333333333333 0.351875 0.20833333333333331 0.02875
0 0.19333333333333333 0.3975 0.21 0.035
0 0.18916666666666665 0.445 0.20833333333333331 0.0325
0 0.18166666666666667 0.491875 0.19666666666666666 0.03375
0 0.18166666666666667 0.541875 0.20666666666666667 0.03625
0 0.155 0.591875 0.17666666666666667 0.03125
0 0.16166666666666665 0.64375 0.19333333333333333 0.0325
0 0.16416666666666666 0.698125 0.21166666666666667 0.03625
0 0.15416666666666667 0.754375 0.20166666666666666 0.03625
0 0.1525 0.810625 0.215 0.03625
0 0.14916666666666667 0.86875 0.22166666666666665 0.045
0 0.44166666666666665 0.185 0.19 0.0375
0 0.4458333333333333 0.22875 0.19166666666666665 0.0325
0 0.435 0.26875 0.17666666666666667 0.03
0 0.4425 0.313125 0.20166666666666666 0.03625
0 0.4358333333333333 0.35625 0.18166666666666667 0.0275
0 0.4375 0.400625 0.195 0.03125
0 0.43416666666666665 0.444375 0.19166666666666665 0.02875
0 0.4433333333333333 0.49375 0.21 0.035
0 0.43916666666666665 0.541875 0.205 0.03125
0 0.43083333333333335 0.591875 0.19833333333333333 0.03125
0 0.435 0.6425 0.19666666666666666 0.0325
0 0.43916666666666665 0.6975 0.20833333333333331 0.0325
0 0.45 0.7525000000000001 0.24333333333333332 0.04
0 0.42666666666666664 0.805625 0.20333333333333334 0.03375
0 0.4225 0.863125 0.195 0.03875
0 0.6683333333333333 0.1925 0.16999999999999998 0.03
0 0.6683333333333333 0.23375 0.16999999999999998 0.0325
0 0.6566666666666666 0.274375 0.14666666666666667 0.02875
0 0.6791666666666667 0.316875 0.18166666666666667 0.03625
0 0.6866666666666666 0.3625 0.19999999999999998 0.0325
0 0.6858333333333333 0.401875 0.19833333333333333 0.03375
0 0.6766666666666666 0.449375 0.18 0.03125
0 0.6858333333333333 0.49375 0.19166666666666665 0.0325
0 0.6916666666666667 0.541875 0.19999999999999998 0.03375
0 0.6925 0.59125 0.205 0.0325
0 0.6875 0.64375 0.18166666666666667 0.0325
0 0.6958333333333333 0.695625 0.18833333333333332 0.03625
0 0.7 0.74875 0.19 0.035
0 0.7091666666666666 0.803125 0.205 0.03375
0 0.705 0.856875 0.19999999999999998 0.03375
