0 0.8366666666666667 0.885 0.23 0.035
0 0.5091666666666667 0.878125 0.24500000000000002 0.03125
0 0.17666666666666667 0.869375 0.24333333333333335 0.03125
0 0.8408333333333334 0.828125 0.22833333333333336 0.03125
0 0.5083333333333334 0.82375 0.2366666666666667 0.035
0 0.19666666666666668 0.810625 0.27 0.03125
0 0.8500000000000001 0.769375 0.2566666666666667 0.03125
0 0.5208333333333334 0.76375 0.26166666666666666 0.03
0 0.20750000000000002 0.756875 0.2816666666666667 0.03125
0 0.8383333333333334 0.713125 0.23333333333333334 0.03125
0 0.5208333333333334 0.7075 0.255 0.0325
0 0.17416666666666666 0.705 0.2016666666666667 0.0325
0 0.8500000000000001 0.654375 0.25333333333333335 0.03125
0 0.52 0.6531250000000001 0.24333333333333335 0.03125
0 0.19333333333333336 0.649375 0.2366666666666667 0.03125
0 0.19666666666666668 0.595625 0.23333333333333334 0.03125
0 0.8275 0.545 0.21166666666666667 0.03
0 0.5158333333333334 0.5425 0.2316666666666667 0.0275
0 0.20333333333333334 0.5437500000000001 0.2366666666666667 0.03
0 0.8125 0.49125 0.18500000000000003 0.0325
0 0.2025 0.4925 0.2316666666666667 0.0325
0 0.21000000000000002 0.43875000000000003 0.24000000000000002 0.03
0 0.8216666666666668 0.435 0.19666666666666668 0.0275
0 0.5166666666666667 0.43625 0.23 0.03
0 0.8258333333333334 0.384375 0.20833333333333334 0.03125
0 0.20916666666666667 0.33437500000000003 0.225 0.02875
0 0.5008333333333334 0.33187500000000003 0.19166666666666668 0.02875
0 0.8283333333333334 0.33187500000000003 0.21333333333333335 0.03625
0 0.515 0.281875 0.21333333333333335 0.02875
0 0.8141666666666667 0.279375 0.18500000000000003 0.03125
0 0.23 0.23625000000000002 0.24666666666666667 0.0275
0 0.8266666666666668 0.2275 0.2066666666666667 0.03
0 0.22 0.186875 0.22333333333333336 0.02625
0 0.8250000000000001 0.17625 0.2066666666666667 0.0325
0 0.5291666666666667 0.17625 0.23833333333333334 0.0325
0 0.2316666666666667 0.13875 0.24000000000000002 0.03
0 0.5341666666666667 0.125 0.23833333333333334 0.0325
0 0.8108333333333334 0.124375 0.16833333333333333 0.02875
0 0.5325000000000001 0.225 0.27166666666666667 0.0425
0 0.21416666666666667 0.28750000000000003 0.225 0.035
0 0.21250000000000002 0.385 0.24833333333333335 0.0425
0 0.49000000000000005 0.3825 0.19333333333333336 0.0375
0 0.5141666666666667 0.49 0.23500000000000001 0.04
0 0.8041666666666667 0.600625 0.17500000000000002 0.03375
0 0.4891666666666667 0.5975 0.19166666666666668 0.04
