0 0.19083333333333335 0.8875000000000001 0.21500000000000002 0.0325
0 0.4991666666666667 0.885 0.225 0.0325
0 0.805 0.8775000000000001 0.24333333333333335 0.0325
0 0.18916666666666668 0.833125 0.20833333333333334 0.03375
0 0.4816666666666667 0.829375 0.18666666666666668 0.03125
0 0.77 0.81875 0.18000000000000002 0.0375
0 0.18583333333333335 0.77375 0.195 0.03
0 0.4941666666666667 0.7675000000000001 0.21833333333333335 0.035
0 0.19583333333333336 0.7175 0.21833333333333335 0.03
0 0.4916666666666667 0.7125 0.2066666666666667 0.035
0 0.7908333333333334 0.708125 0.22166666666666668 0.03125
0 0.19833333333333333 0.66125 0.21666666666666667 0.0325
0 0.7791666666666667 0.65625 0.2016666666666667 0.03
0 0.505 0.656875 0.2366666666666667 0.03625
0 0.195 0.605625 0.21000000000000002 0.03125
0 0.4866666666666667 0.60375 0.19333333333333336 0.0325
0 0.7775000000000001 0.6012500000000001 0.2016666666666667 0.03
0 0.7808333333333334 0.550625 0.20500000000000002 0.03125
0 0.4841666666666667 0.54875 0.18833333333333335 0.0275
0 0.19583333333333336 0.54875 0.20833333333333334 0.03
0 0.18833333333333335 0.49375 0.18666666666666668 0.0275
0 0.78 0.441875 0.21000000000000002 0.02875
0 0.49333333333333335 0.44 0.20333333333333334 0.03
0 0.20583333333333334 0.439375 0.22166666666666668 0.02875
0 0.49583333333333335 0.3875 0.21166666666666667 0.03
0 0.79 0.38625 0.23 0.035
0 0.2041666666666667 0.38625 0.20500000000000002 0.03
0 0.7858333333333334 0.3375 0.21833333333333335 0.0325
0 0.49750000000000005 0.33437500000000003 0.21166666666666667 0.02875
0 0.7641666666666667 0.281875 0.1716666666666667 0.03375
0 0.49583333333333335 0.280625 0.21166666666666667 0.03125
0 0.21666666666666667 0.278125 0.23333333333333334 0.03125
0 0.7633333333333334 0.2325 0.18000000000000002 0.0275
0 0.49333333333333335 0.228125 0.2066666666666667 0.03125
0 0.20500000000000002 0.224375 0.21000000000000002 0.03125
0 0.7716666666666667 0.179375 0.19333333333333336 0.03125
0 0.47000000000000003 0.174375 0.16 0.03125
0 0.2025 0.170625 0.19833333333333333 0.03125
0 0.78 0.129375 0.21333333333333335 0.02875
0 0.48000000000000004 0.12375 0.17666666666666667 0.0325
0 0.19833333333333333 0.12 0.18666666666666668 0.04
0 0.7708333333333334 0.49375 0.18833333333333335 0.035
0 0.48583333333333334 0.494375 0.2016666666666667 0.04125
0 0.1991666666666667 0.3325 0.20500000000000002 0.0325
0 0.78 0.764375 0.2 0.03875
