0 0.8600000000000001 0.913125 0.26666666666666666 0.03625
0 0.49333333333333335 0.904375 0.21666666666666667 0.03375
0 0.16416666666666668 0.888125 0.22166666666666668 0.02875
0 0.8366666666666667 0.856875 0.22 0.03125
0 0.5075000000000001 0.846875 0.24500000000000002 0.03375
0 0.17583333333333334 0.833125 0.23500000000000001 0.03375
0 0.8583333333333334 0.796875 0.26333333333333336 0.03375
0 0.5083333333333334 0.790625 0.24000000000000002 0.03375
0 0.18250000000000002 0.780625 0.23833333333333334 0.03625
0 0.8333333333333334 0.739375 0.2 0.03375
0 0.4966666666666667 0.734375 0.21333333333333335 0.03625
0 0.19 0.725625 0.24666666666666667 0.03625
0 0.8433333333333334 0.6843750000000001 0.23333333333333334 0.03875
0 0.505 0.675 0.22 0.0375
0 0.20500000000000002 0.670625 0.26666666666666666 0.03125
0 0.8325 0.626875 0.20500000000000002 0.03125
0 0.49250000000000005 0.620625 0.18833333333333335 0.02875
0 0.18333333333333335 0.61625 0.21000000000000002 0.03
0 0.8433333333333334 0.5700000000000001 0.23 0.0325
0 0.5016666666666667 0.565625 0.2 0.02875
0 0.18250000000000002 0.56125 0.2016666666666667 0.03
0 0.8466666666666667 0.513125 0.2366666666666667 0.03125
0 0.5158333333333334 0.510625 0.2316666666666667 0.03125
0 0.18166666666666667 0.511875 0.19 0.03125
0 0.8441666666666667 0.4575 0.225 0.0325
0 0.5175000000000001 0.45937500000000003 0.22833333333333336 0.03125
0 0.19416666666666668 0.4575 0.21166666666666667 0.03
0 0.8325 0.404375 0.20500000000000002 0.03125
0 0.5241666666666667 0.40375 0.2316666666666667 0.0325
0 0.18416666666666667 0.355 0.17833333333333334 0.03
0 0.5283333333333333 0.353125 0.24000000000000002 0.03125
0 0.8325 0.34875 0.19833333333333333 0.03
0 0.21500000000000002 0.305625 0.2366666666666667 0.03125
0 0.8433333333333334 0.296875 0.22 0.03375
0 0.5358333333333334 0.295625 0.255 0.03375
0 0.2066666666666667 0.253125 0.21000000000000002 0.02875
0 0.5066666666666667 0.245 0.19333333333333336 0.03
0 0.8283333333333334 0.239375 0.19 0.02875
0 0.20916666666666667 0.20375000000000001 0.20833333333333334 0.0275
0 0.5366666666666667 0.19125 0.25333333333333335 0.03
0 0.8400000000000001 0.18812500000000001 0.21000000000000002 0.03375
0 0.22583333333333336 0.154375 0.22833333333333336 0.02875
0 0.5141666666666667 0.139375 0.2016666666666667 0.02875
0 0.8391666666666667 0.135625 0.20500000000000002 0.03375
0 0.195 0.405 0.2066666666666667 0.0375
