0 0.5066666666666667 0.34375 0.19666666666666668 0.0375
0 0.22 0.249375 0.2 0.02875
0 0.8283333333333334 0.925 0.22333333333333336 0.0325
0 0.5016666666666667 0.9125 0.24000000000000002 0.0375
0 0.1875 0.899375 0.27166666666666667 0.03625
0 0.8433333333333334 0.8618750000000001 0.25 0.03375
0 0.5091666666666667 0.84875 0.24833333333333335 0.0325
0 0.17 0.8375 0.22 0.0325
0 0.8350000000000001 0.80125 0.23333333333333334 0.0325
0 0.5316666666666667 0.791875 0.2866666666666667 0.03125
0 0.19166666666666668 0.7781250000000001 0.25 0.03125
0 0.8458333333333334 0.739375 0.24833333333333335 0.03375
0 0.5233333333333333 0.7325 0.26 0.0325
0 0.18583333333333335 0.7225 0.21166666666666667 0.03
0 0.8225 0.678125 0.20500000000000002 0.03375
0 0.5133333333333334 0.673125 0.23 0.03125
0 0.20833333333333334 0.664375 0.25333333333333335 0.03625
0 0.8425 0.62125 0.24500000000000002 0.03
0 0.5316666666666667 0.61625 0.26 0.0325
0 0.19666666666666668 0.609375 0.21666666666666667 0.02875
0 0.8366666666666667 0.565625 0.22333333333333336 0.03125
0 0.5166666666666667 0.561875 0.22333333333333336 0.03375
0 0.1991666666666667 0.5575 0.20500000000000002 0.0325
0 0.8333333333333334 0.509375 0.22333333333333336 0.03125
0 0.5108333333333334 0.50625 0.20833333333333334 0.0325
0 0.19416666666666668 0.5025000000000001 0.18833333333333335 0.0275
0 0.8200000000000001 0.45375 0.19333333333333336 0.0325
0 0.5258333333333334 0.451875 0.22833333333333336 0.02875
0 0.21500000000000002 0.453125 0.21333333333333335 0.03125
0 0.21750000000000003 0.39875 0.20833333333333334 0.0275
0 0.505 0.400625 0.17666666666666667 0.03375
0 0.8141666666666667 0.39625 0.17500000000000002 0.0325
0 0.21750000000000003 0.349375 0.2016666666666667 0.03125
0 0.8350000000000001 0.345625 0.21666666666666667 0.03375
0 0.21083333333333334 0.2975 0.17833333333333334 0.0275
0 0.5433333333333333 0.29125 0.24666666666666667 0.03
0 0.8325 0.290625 0.20833333333333334 0.03125
0 0.5233333333333333 0.24125 0.19333333333333336 0.0275
0 0.8383333333333334 0.23750000000000002 0.21333333333333335 0.03
0 0.23083333333333333 0.200625 0.19166666666666668 0.02625
0 0.5066666666666667 0.18937500000000002 0.16 0.02875
0 0.8333333333333334 0.185625 0.2066666666666667 0.03125
0 0.23583333333333334 0.151875 0.195 0.02875
0 0.5183333333333333 0.139375 0.18000000000000002 0.03125
0 0.8541666666666667 0.143125 0.24500000000000002 0.04875
