0 0.8375 0.93625 0.2916666666666667 0.04
0 0.4766666666666667 0.9343750000000001 0.19333333333333336 0.03625
0 0.155 0.9293750000000001 0.2 0.03375
0 0.8341666666666667 0.881875 0.2816666666666667 0.03375
0 0.49250000000000005 0.8718750000000001 0.22166666666666668 0.03125
0 0.1675 0.86875 0.21500000000000002 0.035
0 0.8025000000000001 0.8225 0.21166666666666667 0.0325
0 0.49583333333333335 0.813125 0.225 0.03125
0 0.2041666666666667 0.810625 0.2816666666666667 0.03625
0 0.8166666666666668 0.765 0.23 0.0375
0 0.49750000000000005 0.753125 0.21833333333333335 0.04125
0 0.18166666666666667 0.749375 0.22666666666666668 0.03625
0 0.8025000000000001 0.7106250000000001 0.2016666666666667 0.03625
0 0.46 0.698125 0.14333333333333334 0.02875
0 0.1675 0.69125 0.19166666666666668 0.0325
0 0.795 0.64875 0.18666666666666668 0.0325
0 0.5025000000000001 0.6425 0.225 0.0325
0 0.20083333333333334 0.639375 0.2516666666666667 0.03625
0 0.8191666666666667 0.5906250000000001 0.2316666666666667 0.03125
0 0.19083333333333335 0.579375 0.21833333333333335 0.02875
0 0.48750000000000004 0.583125 0.19166666666666668 0.03375
0 0.81 0.533125 0.2 0.03125
0 0.49833333333333335 0.5275 0.2066666666666667 0.03
0 0.19333333333333336 0.5225 0.22666666666666668 0.0325
0 0.8033333333333333 0.474375 0.19333333333333336 0.03125
0 0.5183333333333333 0.47125 0.24666666666666667 0.0325
0 0.18666666666666668 0.470625 0.21000000000000002 0.03875
0 0.79 0.414375 0.16333333333333333 0.03125
0 0.525 0.41000000000000003 0.25333333333333335 0.0375
0 0.17833333333333334 0.41000000000000003 0.19 0.035
0 0.8141666666666667 0.355625 0.195 0.03125
0 0.53 0.354375 0.26333333333333336 0.03375
0 0.19333333333333336 0.353125 0.2066666666666667 0.03625
0 0.8208333333333334 0.3 0.21500000000000002 0.0375
0 0.5008333333333334 0.294375 0.20833333333333334 0.03125
0 0.17583333333333334 0.290625 0.17833333333333334 0.03125
0 0.8341666666666667 0.244375 0.22833333333333336 0.043750000000000004
0 0.5183333333333333 0.2325 0.2366666666666667 0.0325
0 0.8225 0.17875 0.20500000000000002 0.0325
0 0.5183333333333333 0.17375000000000002 0.23 0.03
0 0.21416666666666667 0.174375 0.2516666666666667 0.03375
0 0.8291666666666667 0.1275 0.21500000000000002 0.0525
0 0.5308333333333334 0.11375 0.265 0.035
0 0.20833333333333334 0.115625 0.2366666666666667 0.04125
0 0.1875 0.23375 0.2016666666666667 0.035
