0 0.8333333333333334 0.919375 0.26 0.03375
0 0.4991666666666667 0.904375 0.20500000000000002 0.03125
0 0.19833333333333333 0.8981250000000001 0.21333333333333335 0.02875
0 0.8416666666666667 0.8625 0.2833333333333333 0.035
0 0.48833333333333334 0.8512500000000001 0.18000000000000002 0.0325
0 0.1991666666666667 0.84375 0.21166666666666667 0.035
0 0.7966666666666667 0.8075 0.19 0.03
0 0.48833333333333334 0.795625 0.17333333333333334 0.02875
0 0.21750000000000003 0.790625 0.24500000000000002 0.03125
0 0.8166666666666668 0.753125 0.22333333333333336 0.03125
0 0.5275000000000001 0.744375 0.2516666666666667 0.03375
0 0.21750000000000003 0.73875 0.23833333333333334 0.035
0 0.8283333333333334 0.696875 0.25333333333333335 0.03125
0 0.5041666666666667 0.68875 0.2016666666666667 0.0325
0 0.21833333333333335 0.68625 0.22333333333333336 0.0325
0 0.8233333333333334 0.640625 0.24666666666666667 0.02875
0 0.5058333333333334 0.63375 0.19833333333333333 0.035
0 0.20750000000000002 0.62875 0.20833333333333334 0.0325
0 0.8275 0.586875 0.24500000000000002 0.03125
0 0.5183333333333333 0.5806250000000001 0.22666666666666668 0.03375
0 0.21250000000000002 0.5750000000000001 0.20833333333333334 0.0325
0 0.8125 0.53125 0.21500000000000002 0.03
0 0.5025000000000001 0.52875 0.18833333333333335 0.0275
0 0.20583333333333334 0.5225 0.195 0.035
0 0.8041666666666667 0.479375 0.195 0.03625
0 0.49583333333333335 0.473125 0.17500000000000002 0.03375
0 0.2066666666666667 0.473125 0.19 0.03375
0 0.49750000000000005 0.42312500000000003 0.17500000000000002 0.03125
0 0.21666666666666667 0.4225 0.2066666666666667 0.03
0 0.8241666666666667 0.42375 0.23500000000000001 0.035
0 0.53 0.3725 0.2366666666666667 0.0325
0 0.22666666666666668 0.37 0.22 0.0275
0 0.8308333333333334 0.365 0.24166666666666667 0.035
0 0.22916666666666669 0.320625 0.225 0.03125
0 0.5308333333333334 0.32125 0.23500000000000001 0.035
0 0.20916666666666667 0.268125 0.17500000000000002 0.03125
0 0.525 0.264375 0.22333333333333336 0.03375
0 0.8333333333333334 0.25875 0.24666666666666667 0.03
0 0.2066666666666667 0.2175 0.16666666666666669 0.0275
0 0.5116666666666667 0.211875 0.2 0.02875
0 0.8241666666666667 0.20375000000000001 0.22833333333333336 0.0325
0 0.21833333333333335 0.165 0.18333333333333335 0.0325
0 0.5258333333333334 0.15812500000000002 0.21833333333333335 0.03875
0 0.8308333333333334 0.15125 0.23500000000000001 0.0325
0 0.8466666666666667 0.31875000000000003 0.2733333333333334 0.04
