0 0.15166666666666667 0.9375 0.18000000000000002 0.0375
0 0.7641666666666667 0.930625 0.225 0.03125
0 0.4625 0.933125 0.2016666666666667 0.03625
0 0.775 0.873125 0.24666666666666667 0.03375
0 0.15166666666666667 0.87625 0.18666666666666668 0.0325
0 0.46166666666666667 0.87125 0.21000000000000002 0.0375
0 0.7575000000000001 0.816875 0.21166666666666667 0.03625
0 0.4591666666666667 0.81375 0.19166666666666668 0.035
0 0.7791666666666667 0.758125 0.255 0.03375
0 0.17500000000000002 0.756875 0.22333333333333336 0.03375
0 0.45333333333333337 0.755 0.18333333333333335 0.03
0 0.7508333333333334 0.699375 0.20500000000000002 0.03125
0 0.4525 0.7000000000000001 0.17500000000000002 0.035
0 0.17666666666666667 0.696875 0.22333333333333336 0.03375
0 0.7441666666666668 0.644375 0.18500000000000003 0.03125
0 0.4625 0.644375 0.19166666666666668 0.03375
0 0.15916666666666668 0.64 0.17833333333333334 0.035
0 0.7433333333333334 0.59 0.18000000000000002 0.0325
0 0.47500000000000003 0.585 0.21666666666666667 0.0325
0 0.17500000000000002 0.584375 0.2 0.03125
0 0.7341666666666667 0.531875 0.1716666666666667 0.02875
0 0.4566666666666667 0.53 0.17333333333333334 0.03
0 0.1875 0.528125 0.22166666666666668 0.03375
0 0.7266666666666667 0.478125 0.15000000000000002 0.03125
0 0.4516666666666667 0.47375 0.16333333333333333 0.0275
0 0.17083333333333334 0.468125 0.17833333333333334 0.03125
0 0.7433333333333334 0.424375 0.18666666666666668 0.02875
0 0.4783333333333334 0.42 0.21333333333333335 0.03
0 0.17 0.41625 0.17666666666666667 0.03
0 0.7608333333333334 0.371875 0.21833333333333335 0.03125
0 0.7308333333333333 0.31625000000000003 0.165 0.03
0 0.47750000000000004 0.313125 0.20833333333333334 0.03125
0 0.2025 0.3075 0.2316666666666667 0.0325
0 0.7316666666666667 0.263125 0.16333333333333333 0.02875
0 0.46416666666666667 0.26125 0.17833333333333334 0.035
0 0.18666666666666668 0.25375000000000003 0.18666666666666668 0.0325
0 0.7458333333333333 0.213125 0.18166666666666667 0.03125
0 0.4716666666666667 0.204375 0.19 0.03125
0 0.1925 0.199375 0.19833333333333333 0.03125
0 0.7341666666666667 0.15812500000000002 0.16166666666666668 0.02625
0 0.4758333333333334 0.153125 0.195 0.03125
0 0.19583333333333336 0.144375 0.2016666666666667 0.03125
0 0.18333333333333335 0.36062500000000003 0.19333333333333336 0.03375
0 0.45333333333333337 0.364375 0.17 0.03625
0 0.14666666666666667 0.813125 0.18000000000000002 0.03875
