0 0.20492700729927005 0.144125 0.22518248175182481 0.03325
0 0.19452554744525546 0.193 0.1970802919708029 0.0325
0 0.21952554744525546 0.23950000000000002 0.2543795620437956 0.0325
0 0.2062043795620438 0.290375 0.23722627737226276 0.03075
0 0.20565693430656934 0.33587500000000003 0.23832116788321167 0.03325
0 0.2001824817518248 0.390375 0.2397810218978102 0.03075
0 0.19525547445255473 0.44125000000000003 0.23722627737226276 0.0325
0 0.1740875912408759 0.495375 0.2116788321167883 0.03425
0 0.18795620437956204 0.55125 0.22481751824817517 0.0375
0 0.17992700729927005 0.6032500000000001 0.218978102189781 0.035
0 0.1593065693430657 0.6587500000000001 0.20912408759124088 0.036000000000000004
0 0.1593065693430657 0.718375 0.21642335766423357 0.03825
0 0.48540145985401456 0.129625 0.218978102189781 0.03425
0 0.4757299270072992 0.1795 0.18722627737226277 0.0325
0 0.491970802919708 0.230375 0.22262773722627735 0.03425
0 0.493978102189781 0.28375 0.21642335766423357 0.029
0 0.493978102189781 0.33087500000000003 0.23102189781021895 0.03675
0 0.49343065693430654 0.383375 0.22262773722627735 0.03175
0 0.49689781021897805 0.436625 0.2273722627737226 0.03325
0 0.5151459854014598 0.488375 0.2638686131386861 0.03175
0 0.7755474452554744 0.11962500000000001 0.20291970802919707 0.03425
0 0.7943430656934306 0.169125 0.22883211678832116 0.03675
0 0.7895985401459854 0.22162500000000002 0.21642335766423357 0.03175
0 0.7852189781021898 0.272125 0.2200729927007299 0.03075
0 0.7937956204379562 0.3225 0.22262773722627735 0.0365
0 0.7857664233576642 0.379625 0.1970802919708029 0.03075
0 0.8120437956204379 0.42962500000000003 0.23941605839416058 0.035750000000000004
0 0.8182481751824817 0.488375 0.25182481751824815 0.04175
0 0.5114963503649634 0.544125 0.2492700729927007 0.03675
0 0.5049270072992701 0.60075 0.23832116788321167 0.035
0 0.4846715328467153 0.660375 0.22262773722627735 0.03425
0 0.4950729927007299 0.71625 0.25072992700729924 0.041
0 0.4952554744525547 0.7741250000000001 0.2554744525547445 0.03825
0 0.5091240875912408 0.838 0.2737226277372263 0.0375
0 0.5138686131386861 0.898375 0.28102189781021897 0.03675
0 0.15072992700729926 0.779625 0.2116788321167883 0.04425
0 0.16003649635036496 0.8395 0.24197080291970802 0.0375
0 0.16058394160583941 0.8991250000000001 0.245985401459854 0.03825
0 0.8180656934306569 0.54425 0.24197080291970802 0.035
0 0.8271897810218978 0.604625 0.2580291970802919 0.03925
0 0.8242700729927007 0.661625 0.27116788321167884 0.03825
0 0.837043795620438 0.723 0.27992700729927006 0.0425
0 0.8412408759124087 0.783375 0.2905109489051095 0.04175
0 0.8284671532846715 0.842125 0.27007299270072993 0.035750000000000004
0 0.8266423357664233 0.901625 0.23941605839416058 0.03675
