0 0.4691666666666667 0.9237500000000001 0.23833333333333334 0.0375
0 0.7808333333333334 0.918125 0.25833333333333336 0.03375
0 0.12333333333333334 0.915 0.17333333333333334 0.03
0 0.7875000000000001 0.8618750000000001 0.26166666666666666 0.03625
0 0.4633333333333334 0.86 0.22666666666666668 0.0375
0 0.1375 0.8562500000000001 0.19166666666666668 0.03
0 0.7833333333333334 0.80125 0.26333333333333336 0.035
0 0.4758333333333334 0.7975 0.2516666666666667 0.0375
0 0.13416666666666668 0.7937500000000001 0.18166666666666667 0.0325
0 0.8016666666666667 0.740625 0.2966666666666667 0.03625
0 0.15666666666666668 0.73625 0.22666666666666668 0.0325
0 0.46416666666666667 0.735625 0.22166666666666668 0.03375
0 0.7983333333333333 0.683125 0.2833333333333333 0.03625
0 0.4808333333333334 0.678125 0.24500000000000002 0.03375
0 0.16166666666666668 0.6743750000000001 0.22 0.03375
0 0.7925000000000001 0.623125 0.275 0.03375
0 0.45833333333333337 0.619375 0.2 0.02875
0 0.1575 0.615625 0.21166666666666667 0.03125
0 0.79 0.566875 0.27 0.03125
0 0.4691666666666667 0.563125 0.21833333333333335 0.03125
0 0.14083333333333334 0.555 0.16833333333333333 0.0375
0 0.7725000000000001 0.509375 0.2316666666666667 0.03375
0 0.4541666666666667 0.505 0.18500000000000003 0.03
0 0.14916666666666667 0.499375 0.18166666666666667 0.03375
0 0.8 0.45437500000000003 0.2833333333333333 0.03125
0 0.4758333333333334 0.449375 0.22166666666666668 0.02875
0 0.16583333333333333 0.4425 0.19833333333333333 0.03
0 0.7958333333333334 0.39687500000000003 0.27166666666666667 0.03125
0 0.4741666666666667 0.39187500000000003 0.21500000000000002 0.02875
0 0.15583333333333335 0.3875 0.17833333333333334 0.0325
0 0.7808333333333334 0.34375 0.24500000000000002 0.035
0 0.4891666666666667 0.33875 0.24166666666666667 0.035
0 0.15916666666666668 0.33125 0.1716666666666667 0.03
0 0.7783333333333334 0.28750000000000003 0.23333333333333334 0.0325
0 0.47250000000000003 0.28250000000000003 0.20500000000000002 0.03
0 0.16166666666666668 0.275625 0.17 0.03375
0 0.79 0.233125 0.26 0.02875
0 0.4841666666666667 0.2275 0.22166666666666668 0.03
0 0.1675 0.21875 0.18166666666666667 0.0325
0 0.7841666666666667 0.18125 0.24500000000000002 0.0325
0 0.4658333333333334 0.17250000000000001 0.18166666666666667 0.03
0 0.17583333333333334 0.16375 0.18500000000000003 0.03
0 0.48250000000000004 0.11937500000000001 0.21500000000000002 0.02875
0 0.18250000000000002 0.11125 0.195 0.03
0 0.8183333333333334 0.128125 0.31 0.04125
