0 0.2408906882591093 0.13775510204081634 0.24549135075450865 0.030612244897959186
0 0.23739418476260582 0.18533163265306124 0.242914979757085 0.03392857142857143
0 0.23905042326094958 0.2372448979591837 0.25653294074346705 0.029081632653061226
0 0.2298490982701509 0.2895408163265306 0.2381302907618697 0.03826530612244898
0 0.21641516378358483 0.3400510204081633 0.22819285977180714 0.03571428571428572
0 0.21144644828855355 0.388265306122449 0.2256164887743835 0.03826530612244898
0 0.2208317997791682 0.4426020408163266 0.2539565697460434 0.03316326530612245
0 0.22193595877806405 0.49872448979591844 0.2443871917556128 0.02959183673469388
0 0.2188075082811925 0.5501275510204082 0.2550607287449393 0.03392857142857143
0 0.5292602134707398 0.13099489795918368 0.242914979757085 0.03239795918367347
0 0.5101214574898786 0.17984693877551022 0.20242914979757085 0.031632653061224494
0 0.5360691939639308 0.22742346938775512 0.26389400073610597 0.036479591836734694
0 0.5285241074714759 0.28188775510204084 0.2539565697460434 0.02959183673469388
0 0.5323886639676113 0.33290816326530615 0.26389400073610597 0.036734693877551024
0 0.5231873389768127 0.3848214285714286 0.23297754876702245 0.03494897959183674
0 0.5084652189915347 0.4413265306122449 0.21089436878910564 0.03571428571428572
0 0.5182186234817814 0.49579081632653066 0.22819285977180714 0.037500000000000006
0 0.5518954729481045 0.5535714285714286 0.3029076186970924 0.03928571428571429
0 0.8102686786897313 0.12831632653061226 0.21825542878174456 0.04081632653061225
0 0.8137651821862348 0.17908163265306123 0.22819285977180714 0.03826530612244898
0 0.8224144276775855 0.22793367346938778 0.2381302907618697 0.037500000000000006
0 0.8341921236658079 0.2806122448979592 0.24401913875598086 0.03571428571428572
0 0.8150533676849466 0.3323979591836735 0.2160471107839529 0.03571428571428572
0 0.8316157526683843 0.38469387755102047 0.2513801987486198 0.03826530612244898
0 0.8297754876702245 0.4396683673469388 0.2550607287449393 0.03903061224489796
0 0.8305115936694883 0.49617346938775514 0.2418108207581892 0.04183673469387755
0 0.8426573426573426 0.5506377551020408 0.2491718807508281 0.04005102040816327
0 0.22377622377622378 0.6096938775510204 0.26278984173721015 0.03214285714285715
0 0.21825542878174456 0.6676020408163266 0.2686786897313213 0.04081632653061225
0 0.20905410379094588 0.7248724489795919 0.25027603974972396 0.04005102040816327
0 0.21770334928229665 0.7840561224489797 0.2675745307324255 0.03392857142857143
0 0.22929701877070297 0.8422193877551021 0.2907618697092381 0.04158163265306123
0 0.21770334928229665 0.9056122448979592 0.29186602870813394 0.04591836734693878
0 0.5334928229665071 0.6105867346938776 0.26610231873389767 0.03392857142857143
0 0.8310636731689364 0.6096938775510204 0.2451232977548767 0.037244897959183676
0 0.8421052631578947 0.6713010204081633 0.25984541774015457 0.04158163265306123
0 0.8452337136547663 0.7292091836734694 0.25874125874125875 0.04158163265306123
0 0.8446816341553184 0.7877551020408164 0.2576370997423629 0.04336734693877552
0 0.8457857931542142 0.846045918367347 0.26278984173721015 0.047704081632653064
0 0.853698932646301 0.9068877551020409 0.27125506072874495 0.04489795918367347
0 0.5047846889952153 0.6661989795918368 0.20868605079131394 0.03494897959183674
0 0.5121457489878543 0.7219387755102041 0.2256164887743835 0.037244897959183676
0 0.5187707029812293 0.7853316326530613 0.2366580787633419 0.04005102040816327
0 0.5268678689731321 0.8482142857142858 0.24769966875230032 0.04183673469387755
0 0.5242914979757085 0.9039540816326531 0.2528524107471476 0.03903061224489796
