0 0.22016666666666665 0.077125 0.2563333333333333 0.03675
0 0.18833333333333332 0.133625 0.21 0.03925
0 0.207 0.188 0.23333333333333334 0.0415
0 0.207 0.248875 0.242 0.04575
0 0.21066666666666667 0.30975 0.24933333333333332 0.0415
0 0.19416666666666665 0.37275 0.22766666666666666 0.043500000000000004
0 0.20933333333333332 0.432125 0.264 0.05325
0 0.20566666666666666 0.492375 0.2593333333333333 0.04575
0 0.19849999999999998 0.547875 0.245 0.04775
0 0.19916666666666666 0.61075 0.26366666666666666 0.05
0 0.19699999999999998 0.671625 0.2593333333333333 0.04775
0 0.19633333333333333 0.736375 0.258 0.051250000000000004
0 0.17966666666666667 0.796125 0.22466666666666665 0.04675
0 0.18266666666666667 0.858125 0.23333333333333334 0.051250000000000004
0 0.189 0.917875 0.24333333333333332 0.051250000000000004
0 0.48616666666666664 0.061875 0.19433333333333333 0.03925
0 0.526 0.120125 0.2653333333333333 0.035750000000000004
0 0.5208333333333334 0.176125 0.261 0.04575
0 0.5071666666666667 0.240125 0.2363333333333333 0.04575
0 0.502 0.30275 0.22599999999999998 0.049
0 0.4985 0.368375 0.22766666666666666 0.04575
0 0.505 0.431 0.258 0.051000000000000004
0 0.5121666666666667 0.49012500000000003 0.26366666666666666 0.04125
0 0.5108333333333334 0.55325 0.26966666666666667 0.05
0 0.5123333333333333 0.619 0.26666666666666666 0.051000000000000004
0 0.5145 0.683125 0.2796666666666667 0.051250000000000004
0 0.5071666666666667 0.74675 0.251 0.0545
0 0.489 0.808125 0.22599999999999998 0.05325
0 0.4985 0.873375 0.245 0.05775
0 0.5108333333333334 0.938625 0.26366666666666666 0.059750000000000004
0 0.8426666666666667 0.0455 0.27799999999999997 0.05
0 0.8266666666666667 0.10325000000000001 0.24933333333333332 0.039
0 0.8346666666666667 0.165625 0.2593333333333333 0.04025
0 0.8368333333333333 0.2315 0.28099999999999997 0.05
0 0.8441666666666666 0.298875 0.287 0.04775
0 0.8353333333333333 0.36462500000000003 0.2753333333333333 0.051250000000000004
0 0.8288333333333333 0.42775 0.25366666666666665 0.049
0 0.8346666666666667 0.493375 0.268 0.04575
0 0.8333333333333333 0.561375 0.27399999999999997 0.04025
0 0.8426666666666667 0.624375 0.284 0.04675
0 0.8405 0.693375 0.2823333333333333 0.04775
0 0.8296666666666667 0.76075 0.27266666666666667 0.05
0 0.8478333333333333 0.82775 0.297 0.0555
0 0.831 0.954875 0.284 0.059750000000000004
