0 0.20416666666666666 0.09775 0.22166666666666665 0.043500000000000004
0 0.19033333333333333 0.15425 0.19133333333333333 0.043500000000000004
0 0.19333333333333333 0.20650000000000002 0.19999999999999998 0.043500000000000004
0 0.19416666666666665 0.2635 0.213 0.038
0 0.19333333333333333 0.32225 0.21466666666666667 0.036000000000000004
0 0.1825 0.376625 0.187 0.04025
0 0.20783333333333331 0.4325 0.23766666666666666 0.037
0 0.17016666666666666 0.488 0.17366666666666666 0.039
0 0.17516666666666666 0.545125 0.19566666666666666 0.04025
0 0.2035 0.60375 0.255 0.0445
0 0.19699999999999998 0.661375 0.248 0.04025
0 0.15716666666666665 0.7222500000000001 0.165 0.0445
0 0.1745 0.77875 0.21166666666666667 0.0445
0 0.176 0.84175 0.22 0.0445
0 0.15716666666666665 0.898375 0.18833333333333332 0.04025
0 0.4766666666666666 0.08425 0.19866666666666666 0.0445
0 0.48766666666666664 0.136875 0.22333333333333333 0.03475
0 0.47816666666666663 0.195625 0.207 0.03925
0 0.4701666666666667 0.254875 0.18233333333333332 0.04025
0 0.4825 0.312375 0.219 0.04675
0 0.47533333333333333 0.37 0.216 0.049
0 0.4875 0.433125 0.22899999999999998 0.04475
0 0.4775 0.49075 0.21433333333333332 0.0445
0 0.4731666666666666 0.545625 0.19699999999999998 0.043250000000000004
0 0.476 0.604375 0.206 0.03925
0 0.4528333333333333 0.663 0.15633333333333332 0.043500000000000004
0 0.4695 0.721125 0.19833333333333333 0.04875
0 0.4701666666666667 0.779375 0.20299999999999999 0.04125
0 0.4745 0.83575 0.22033333333333333 0.0565
0 0.48333333333333334 0.9011250000000001 0.23199999999999998 0.04575
0 0.7976666666666666 0.07062500000000001 0.24333333333333332 0.05225
0 0.7926666666666666 0.125 0.23933333333333331 0.039
0 0.7838333333333333 0.18475 0.22166666666666665 0.037
0 0.7796666666666666 0.2435 0.20733333333333331 0.043500000000000004
0 0.7896666666666666 0.3055 0.23333333333333334 0.05
0 0.7935 0.3635 0.24633333333333332 0.036000000000000004
0 0.7911666666666667 0.42875 0.2363333333333333 0.0445
0 0.7833333333333333 0.48962500000000003 0.24066666666666667 0.04025
0 0.7991666666666667 0.55325 0.26366666666666666 0.043500000000000004
0 0.7839999999999999 0.611375 0.23066666666666666 0.04475
0 0.7681666666666667 0.677125 0.19566666666666666 0.04575
0 0.8049999999999999 0.738625 0.26066666666666666 0.05325
0 0.7926666666666666 0.8005 0.236 0.051000000000000004
0 0.7956666666666666 0.8565 0.242 0.05
0 0.7941666666666667 0.917875 0.23033333333333333 0.05525
