0 0.1775 0.09825 0.19433333333333333 0.0445
0 0.16799999999999998 0.15375 0.19 0.049
0 0.16583333333333333 0.211875 0.18566666666666667 0.04125
0 0.15716666666666665 0.26837500000000003 0.17099999999999999 0.04575
0 0.16666666666666666 0.324375 0.20133333333333334 0.04675
0 0.17166666666666666 0.3875 0.22333333333333333 0.0445
0 0.1745 0.445625 0.22633333333333333 0.04125
0 0.14116666666666666 0.507 0.16833333333333333 0.0425
0 0.14116666666666666 0.5745 0.17099999999999999 0.0445
0 0.15483333333333332 0.633625 0.20433333333333334 0.04575
0 0.15416666666666667 0.6945 0.20299999999999999 0.0455
0 0.16083333333333333 0.7565000000000001 0.22166666666666665 0.0585
0 0.14833333333333332 0.820125 0.19133333333333333 0.05325
0 0.147 0.88475 0.18866666666666665 0.0545
0 0.14333333333333334 0.9505 0.19 0.06
0 0.47733333333333333 0.095 0.23199999999999998 0.051000000000000004
0 0.4695 0.155375 0.22166666666666665 0.04775
0 0.4693333333333333 0.211375 0.216 0.04675
0 0.48533333333333334 0.26787500000000003 0.25666666666666665 0.04475
0 0.46649999999999997 0.326625 0.22766666666666666 0.04025
0 0.45849999999999996 0.38475 0.20566666666666666 0.0455
0 0.46799999999999997 0.44775000000000004 0.22733333333333333 0.05
0 0.46799999999999997 0.5055000000000001 0.23333333333333334 0.043500000000000004
0 0.45716666666666667 0.5695 0.21766666666666665 0.043500000000000004
0 0.45216666666666666 0.631 0.213 0.049
0 0.46149999999999997 0.6995 0.24633333333333332 0.051000000000000004
0 0.4643333333333333 0.764625 0.24066666666666667 0.051250000000000004
0 0.4593333333333333 0.82875 0.222 0.0445
0 0.4731666666666666 0.891875 0.2523333333333333 0.04675
0 0.4353333333333333 0.9576250000000001 0.19133333333333333 0.04125
0 0.7623333333333333 0.112 0.20733333333333331 0.05
0 0.7781666666666667 0.17175 0.2363333333333333 0.0455
0 0.7716666666666666 0.2255 0.23199999999999998 0.038
0 0.7773333333333333 0.27775 0.23199999999999998 0.0445
0 0.7896666666666666 0.339125 0.25666666666666665 0.05225
0 0.7484999999999999 0.394 0.177 0.036000000000000004
0 0.7658333333333333 0.45 0.209 0.0455
0 0.7695 0.511875 0.22166666666666665 0.04775
0 0.7658333333333333 0.573375 0.22033333333333333 0.04875
0 0.7876666666666666 0.6305000000000001 0.26666666666666666 0.043500000000000004
0 0.7615 0.6940000000000001 0.19699999999999998 0.0445
0 0.768 0.7565000000000001 0.216 0.0455
0 0.7673333333333333 0.817375 0.21733333333333332 0.03925
0 0.7811666666666667 0.877125 0.245 0.03925
0 0.7905 0.937 0.26966666666666667 0.043500000000000004
