0 0.22533333333333333 0.09725 0.258 0.04
0 0.1905 0.15375 0.19433333333333333 0.0315
0 0.19766666666666666 0.20650000000000002 0.21466666666666667 0.039
0 0.18466666666666667 0.26625 0.21133333333333332 0.043500000000000004
0 0.18683333333333332 0.32175 0.213 0.037
0 0.181 0.3805 0.216 0.037
0 0.18833333333333332 0.43425 0.22733333333333333 0.036000000000000004
0 0.1775 0.494 0.21433333333333332 0.0445
0 0.1905 0.556 0.24033333333333332 0.0425
0 0.17099999999999999 0.614 0.20733333333333331 0.05
0 0.15783333333333333 0.677125 0.193 0.04575
0 0.158 0.732 0.184 0.038
0 0.15916666666666665 0.789 0.20433333333333334 0.043500000000000004
0 0.18183333333333332 0.8542500000000001 0.23766666666666666 0.05
0 0.15783333333333333 0.9135 0.207 0.049
0 0.4825 0.0755 0.20166666666666666 0.0445
0 0.47883333333333333 0.1385 0.20299999999999999 0.0445
0 0.48766666666666664 0.19675 0.23199999999999998 0.043500000000000004
0 0.47816666666666663 0.258125 0.213 0.04025
0 0.48616666666666664 0.312375 0.24033333333333332 0.04025
0 0.487 0.376 0.23333333333333334 0.039
0 0.471 0.43475 0.22466666666666665 0.037
0 0.48166666666666663 0.493375 0.24066666666666667 0.04125
0 0.4688333333333333 0.558125 0.20566666666666666 0.04475
0 0.4701666666666667 0.618375 0.21166666666666667 0.04575
0 0.46066666666666667 0.6815 0.19866666666666666 0.048
0 0.4751666666666666 0.739 0.23033333333333333 0.05
0 0.49116666666666664 0.81025 0.271 0.0575
0 0.47816666666666663 0.871125 0.24766666666666665 0.04875
0 0.4745 0.9363750000000001 0.22633333333333333 0.05525
0 0.7991666666666667 0.064625 0.23766666666666666 0.051250000000000004
0 0.8071666666666666 0.125 0.2563333333333333 0.037
0 0.7898333333333333 0.1805 0.213 0.037
0 0.8028333333333333 0.24175 0.239 0.0425
0 0.8085 0.305875 0.25366666666666665 0.04675
0 0.8028333333333333 0.370125 0.25966666666666666 0.04675
0 0.8041666666666666 0.433125 0.25366666666666665 0.04475
0 0.8013333333333333 0.49825 0.242 0.0445
0 0.8035 0.561375 0.255 0.04475
0 0.7868333333333333 0.62825 0.23033333333333333 0.039
0 0.8036666666666666 0.6950000000000001 0.258 0.049
0 0.8108333333333333 0.7565000000000001 0.2723333333333333 0.048
0 0.7933333333333333 0.82775 0.23199999999999998 0.049
0 0.7978333333333333 0.888 0.26366666666666666 0.048
0 0.8078333333333333 0.955875 0.26966666666666667 0.05325
