0 0.19266666666666665 0.07062500000000001 0.216 0.04575
0 0.19133333333333333 0.12662500000000002 0.216 0.051250000000000004
0 0.1825 0.180375 0.20166666666666666 0.04775
0 0.16933333333333334 0.23800000000000002 0.17533333333333334 0.048
0 0.20566666666666666 0.3005 0.27399999999999997 0.0445
0 0.18833333333333332 0.358125 0.242 0.04025
0 0.1775 0.422875 0.22033333333333333 0.04125
0 0.17099999999999999 0.483125 0.21 0.04025
0 0.16 0.5483750000000001 0.19999999999999998 0.04225
0 0.16366666666666665 0.608625 0.216 0.04125
0 0.15783333333333333 0.667875 0.20166666666666666 0.04675
0 0.15216666666666667 0.737375 0.19566666666666666 0.05325
0 0.155 0.80225 0.19866666666666666 0.05
0 0.16933333333333334 0.86625 0.23333333333333334 0.0545
0 0.1565 0.931 0.19566666666666666 0.0575
0 0.48683333333333334 0.059750000000000004 0.22766666666666666 0.0545
0 0.4723333333333333 0.11887500000000001 0.21 0.04675
0 0.489 0.176625 0.24333333333333332 0.04675
0 0.481 0.234125 0.242 0.04675
0 0.489 0.29725 0.2553333333333333 0.049
0 0.48466666666666663 0.35425 0.24333333333333332 0.05
0 0.4963333333333333 0.4195 0.2753333333333333 0.05
0 0.48466666666666663 0.476625 0.26066666666666666 0.04675
0 0.4658333333333333 0.539125 0.22899999999999998 0.058750000000000004
0 0.4825 0.60925 0.245 0.051000000000000004
0 0.4745 0.6733750000000001 0.23766666666666666 0.04675
0 0.4825 0.74675 0.2363333333333333 0.05
0 0.476 0.811875 0.24933333333333332 0.04125
0 0.486 0.880375 0.26666666666666666 0.04575
0 0.45716666666666667 0.947875 0.21433333333333332 0.04775
0 0.7731666666666667 0.068875 0.19699999999999998 0.04675
0 0.7985 0.1315 0.245 0.05
0 0.7955 0.187375 0.239 0.04675
0 0.8099999999999999 0.242375 0.268 0.04125
0 0.7889999999999999 0.30325 0.20266666666666666 0.048
0 0.7911666666666667 0.36625 0.22166666666666665 0.052000000000000005
0 0.7948333333333333 0.424375 0.223 0.04675
0 0.8026666666666666 0.48475 0.242 0.0415
0 0.8101666666666666 0.54675 0.245 0.05
0 0.818 0.608625 0.258 0.04575
0 0.7948333333333333 0.675 0.22633333333333333 0.0455
0 0.8013333333333333 0.739125 0.24466666666666667 0.04575
0 0.7948333333333333 0.803875 0.223 0.04675
0 0.8231666666666666 0.869 0.2796666666666667 0.0425
0 0.8223333333333334 0.933125 0.26066666666666666 0.04475
