0 0.22316666666666665 0.12762500000000002 0.19566666666666666 0.04025
0 0.5043333333333333 0.10925 0.20133333333333334 0.0425
0 0.7838333333333333 0.099375 0.22166666666666665 0.04675
0 0.22166666666666665 0.179875 0.184 0.035750000000000004
0 0.49133333333333334 0.16575 0.184 0.0425
0 0.7606666666666666 0.157 0.17533333333333334 0.049
0 0.213 0.229875 0.17266666666666666 0.04025
0 0.4875 0.22062500000000002 0.18566666666666667 0.04775
0 0.7898333333333333 0.210875 0.22766666666666666 0.04125
0 0.20199999999999999 0.284125 0.15933333333333333 0.03375
0 0.48033333333333333 0.276 0.18266666666666667 0.037
0 0.21 0.33475 0.16666666666666666 0.037
0 0.4875 0.32925 0.18566666666666667 0.037
0 0.7665 0.316875 0.17233333333333334 0.04675
0 0.20066666666666666 0.386375 0.16533333333333333 0.04025
0 0.49416666666666664 0.38475 0.19566666666666666 0.039
0 0.7606666666666666 0.380875 0.184 0.03375
0 0.20066666666666666 0.438 0.16533333333333333 0.039
0 0.486 0.44225000000000003 0.18266666666666667 0.043500000000000004
0 0.7941666666666667 0.439625 0.24766666666666665 0.04475
0 0.19849999999999998 0.498375 0.17833333333333332 0.04025
0 0.4905 0.49725 0.19433333333333333 0.04
0 0.7636666666666666 0.49562500000000004 0.184 0.043250000000000004
0 0.19266666666666665 0.548875 0.17533333333333334 0.03475
0 0.484 0.5495 0.184 0.038
0 0.7803333333333333 0.556 0.21466666666666667 0.0425
0 0.20066666666666666 0.603875 0.18266666666666667 0.04025
0 0.47533333333333333 0.60925 0.18133333333333332 0.0425
0 0.7795 0.614625 0.20433333333333334 0.04675
0 0.2063333333333333 0.65925 0.20866666666666667 0.038
0 0.484 0.665125 0.19266666666666665 0.03925
0 0.7746666666666666 0.6743750000000001 0.20866666666666667 0.04675
0 0.20433333333333334 0.715125 0.19866666666666666 0.04575
0 0.4825 0.723375 0.20166666666666666 0.04675
0 0.771 0.7368750000000001 0.19266666666666665 0.04125
0 0.1905 0.774875 0.18233333333333332 0.04125
0 0.4731666666666666 0.7805 0.17966666666666667 0.043500000000000004
0 0.7608333333333334 0.792875 0.17833333333333332 0.04675
0 0.18116666666666667 0.82875 0.16366666666666665 0.038
0 0.48183333333333334 0.8385 0.19699999999999998 0.051000000000000004
0 0.7628333333333334 0.85 0.19699999999999998 0.048
0 0.19699999999999998 0.89025 0.20133333333333334 0.05
0 0.48333333333333334 0.895 0.20866666666666667 0.049
0 0.7731666666666667 0.9087500000000001 0.22033333333333333 0.05
