0 0.17666666666666667 0.05225 0.20733333333333331 0.05
0 0.46149999999999997 0.0505 0.18566666666666667 0.0425
0 0.8035 0.067875 0.22899999999999998 0.04675
0 0.17533333333333334 0.111375 0.20733333333333331 0.04875
0 0.48116666666666663 0.108625 0.213 0.04775
0 0.7889999999999999 0.124875 0.20266666666666666 0.04125
0 0.16 0.17225000000000001 0.19133333333333333 0.038
0 0.48333333333333334 0.16625 0.22599999999999998 0.0455
0 0.7983333333333333 0.18375 0.22466666666666665 0.043500000000000004
0 0.1645 0.22825 0.20299999999999999 0.048
0 0.48383333333333334 0.225 0.22166666666666665 0.0455
0 0.8035 0.244625 0.22633333333333333 0.04125
0 0.16216666666666665 0.295125 0.21033333333333332 0.04225
0 0.4716666666666667 0.29125 0.206 0.043500000000000004
0 0.7955 0.299875 0.19833333333333333 0.03475
0 0.16666666666666666 0.357 0.216 0.0425
0 0.479 0.358125 0.22599999999999998 0.04225
0 0.7881666666666667 0.3625 0.20433333333333334 0.0425
0 0.1615 0.419 0.21166666666666667 0.0335
0 0.476 0.42325 0.22599999999999998 0.0445
0 0.8056666666666666 0.4265 0.24466666666666667 0.038
0 0.155 0.483625 0.21866666666666665 0.04575
0 0.48033333333333333 0.48375 0.24666666666666665 0.043500000000000004
0 0.8021666666666667 0.49012500000000003 0.23766666666666666 0.04125
0 0.14916666666666667 0.5505 0.207 0.0445
0 0.4666666666666667 0.5493750000000001 0.20133333333333334 0.04225
0 0.8238333333333333 0.55325 0.26366666666666666 0.039
0 0.15416666666666667 0.61625 0.22033333333333333 0.0415
0 0.4643333333333333 0.6185 0.21466666666666667 0.037
0 0.8325 0.612375 0.27566666666666667 0.04025
0 0.155 0.682 0.216 0.051000000000000004
0 0.47733333333333333 0.6885 0.23466666666666666 0.0445
0 0.813 0.682 0.22733333333333333 0.0445
0 0.15216666666666667 0.7445 0.22166666666666665 0.052000000000000005
0 0.4686666666666667 0.752625 0.20866666666666667 0.04675
0 0.8106666666666666 0.749375 0.23466666666666666 0.04675
0 0.14483333333333334 0.8140000000000001 0.213 0.0565
0 0.46149999999999997 0.82175 0.209 0.0545
0 0.8071666666666666 0.807 0.23033333333333333 0.0425
0 0.16083333333333333 0.879375 0.245 0.05425
0 0.4701666666666667 0.890625 0.235 0.04675
0 0.8173333333333334 0.877125 0.242 0.04575
0 0.15433333333333332 0.951625 0.22599999999999998 0.059750000000000004
0 0.47816666666666663 0.958125 0.25366666666666665 0.051250000000000004
0 0.8078333333333333 0.94225 0.24366666666666667 0.043500000000000004
