0 0.17883333333333332 0.045625 0.20566666666666666 0.04775
0 0.48333333333333334 0.04725 0.24066666666666667 0.06
0 0.8041666666666666 0.064625 0.2363333333333333 0.04675
0 0.176 0.10375000000000001 0.21466666666666667 0.038
0 0.48833333333333334 0.108125 0.23066666666666666 0.04875
0 0.7998333333333333 0.12225 0.22166666666666665 0.0465
0 0.16883333333333334 0.164625 0.19699999999999998 0.04475
0 0.48466666666666663 0.165125 0.23466666666666666 0.04775
0 0.8041666666666666 0.179875 0.22766666666666666 0.05325
0 0.176 0.22162500000000002 0.21733333333333332 0.04775
0 0.473 0.22387500000000002 0.20866666666666667 0.04575
0 0.7911666666666667 0.239625 0.21033333333333332 0.04675
0 0.1585 0.28150000000000003 0.20566666666666666 0.0455
0 0.48033333333333333 0.282625 0.22866666666666666 0.05225
0 0.7918333333333333 0.295625 0.20299999999999999 0.04125
0 0.16233333333333333 0.343 0.216 0.038
0 0.4688333333333333 0.348375 0.21166666666666667 0.04675
0 0.8056666666666666 0.357 0.236 0.0425
0 0.15133333333333332 0.40750000000000003 0.18866666666666665 0.043500000000000004
0 0.46799999999999997 0.409125 0.216 0.04675
0 0.7998333333333333 0.415125 0.23033333333333333 0.04125
0 0.13683333333333333 0.46900000000000003 0.18566666666666667 0.0445
0 0.4736666666666666 0.477125 0.23333333333333334 0.05225
0 0.8216666666666667 0.4805 0.2653333333333333 0.0565
0 0.142 0.5325 0.19866666666666666 0.043500000000000004
0 0.4701666666666667 0.5385 0.22633333333333333 0.049
0 0.8078333333333333 0.545625 0.24033333333333332 0.04125
0 0.14916666666666667 0.59775 0.21033333333333332 0.0545
0 0.4673333333333333 0.606 0.23199999999999998 0.049
0 0.7999999999999999 0.608625 0.22466666666666665 0.03925
0 0.15866666666666665 0.664 0.24933333333333332 0.05
0 0.4498333333333333 0.665125 0.20566666666666666 0.04575
0 0.8056666666666666 0.667875 0.248 0.04025
0 0.13683333333333333 0.72775 0.20299999999999999 0.049
0 0.47383333333333333 0.73375 0.245 0.05
0 0.7918333333333333 0.73475 0.22033333333333333 0.048
0 0.13983333333333334 0.792875 0.21166666666666667 0.05325
0 0.4651666666666667 0.802625 0.22766666666666666 0.04025
0 0.8101666666666666 0.7967500000000001 0.25366666666666665 0.043500000000000004
0 0.12666666666666665 0.857125 0.19133333333333333 0.05325
0 0.45649999999999996 0.86725 0.23033333333333333 0.05
0 0.8065 0.8602500000000001 0.2523333333333333 0.049
0 0.14133333333333334 0.923875 0.21733333333333332 0.05425
0 0.46149999999999997 0.931 0.24366666666666667 0.038
0 0.7918333333333333 0.9245 0.22899999999999998 0.0445
