0 0.18766666666666665 0.079375 0.19133333333333333 0.03475
0 0.492 0.0635 0.18533333333333332 0.0425
0 0.818 0.049375 0.22599999999999998 0.04225
0 0.18466666666666667 0.1375 0.17666666666666667 0.0445
0 0.4925 0.123375 0.19566666666666666 0.04225
0 0.8065 0.1135 0.19699999999999998 0.0425
0 0.19633333333333333 0.198875 0.206 0.04125
0 0.4948333333333333 0.182125 0.20566666666666666 0.04675
0 0.8013333333333333 0.173375 0.19266666666666665 0.04675
0 0.19416666666666665 0.25925 0.213 0.051000000000000004
0 0.4985 0.246625 0.219 0.04125
0 0.8173333333333334 0.236875 0.23066666666666666 0.03925
0 0.19116666666666665 0.317875 0.22166666666666665 0.04225
0 0.48316666666666663 0.308625 0.18566666666666667 0.04575
0 0.8165 0.293875 0.22033333333333333 0.04675
0 0.184 0.375 0.19266666666666665 0.05
0 0.4875 0.371625 0.21166666666666667 0.05225
0 0.8216666666666667 0.36025 0.23933333333333331 0.051000000000000004
0 0.21066666666666667 0.436375 0.258 0.04675
0 0.5013333333333333 0.436875 0.216 0.04575
0 0.8108333333333333 0.42875 0.22033333333333333 0.051000000000000004
0 0.194 0.495 0.216 0.0445
0 0.505 0.498375 0.23199999999999998 0.04225
0 0.8281666666666666 0.495 0.23166666666666666 0.049
0 0.176 0.5505 0.18533333333333332 0.0445
0 0.4985 0.556 0.22766666666666666 0.051000000000000004
0 0.8376666666666667 0.558125 0.2593333333333333 0.04225
0 0.17966666666666667 0.6168750000000001 0.21 0.04675
0 0.48683333333333334 0.61725 0.20166666666666666 0.043500000000000004
0 0.8375 0.62225 0.2623333333333333 0.0445
0 0.18333333333333332 0.67775 0.20866666666666667 0.0445
0 0.48533333333333334 0.683625 0.19 0.04575
0 0.8251666666666666 0.69175 0.23766666666666666 0.049
0 0.1905 0.7358750000000001 0.21166666666666667 0.04575
0 0.48833333333333334 0.74725 0.20733333333333331 0.051000000000000004
0 0.8275 0.756 0.2363333333333333 0.051000000000000004
0 0.18333333333333332 0.795625 0.19999999999999998 0.04775
0 0.4948333333333333 0.810875 0.21433333333333332 0.04775
0 0.8275 0.8135 0.239 0.049
0 0.17149999999999999 0.851625 0.17099999999999999 0.04475
0 0.4955 0.8678750000000001 0.22166666666666665 0.05325
0 0.8303333333333333 0.881 0.242 0.0425
0 0.16516666666666666 0.914625 0.16966666666666666 0.04225
0 0.48616666666666664 0.933125 0.20299999999999999 0.04675
0 0.8145 0.9495 0.23033333333333333 0.049
