0 0.15566666666666665 0.065625 0.17666666666666667 0.04025
0 0.45649999999999996 0.063 0.213 0.0455
0 0.7636666666666666 0.07062500000000001 0.19533333333333333 0.043250000000000004
0 0.15133333333333332 0.12275 0.16799999999999998 0.043500000000000004
0 0.4695 0.11900000000000001 0.22166666666666665 0.0425
0 0.7686666666666666 0.12662500000000002 0.21466666666666667 0.04475
0 0.1485 0.183125 0.16833333333333333 0.04225
0 0.4745 0.17875 0.23166666666666666 0.0425
0 0.7731666666666667 0.182625 0.22033333333333333 0.04125
0 0.14916666666666667 0.240125 0.17233333333333334 0.03475
0 0.4701666666666667 0.233625 0.223 0.04125
0 0.768 0.243 0.21 0.038
0 0.16583333333333333 0.29625 0.21166666666666667 0.0445
0 0.45349999999999996 0.29825 0.18966666666666665 0.0445
0 0.7775 0.30375 0.21433333333333332 0.036000000000000004
0 0.15783333333333333 0.358625 0.20433333333333334 0.04575
0 0.46799999999999997 0.358125 0.22466666666666665 0.04875
0 0.7615 0.3625 0.18833333333333332 0.038
0 0.1505 0.4185 0.19566666666666666 0.037
0 0.4701666666666667 0.417375 0.22899999999999998 0.05225
0 0.7833333333333333 0.42225 0.24066666666666667 0.04
0 0.15566666666666665 0.47450000000000003 0.21133333333333332 0.0445
0 0.4716666666666667 0.47450000000000003 0.23466666666666666 0.051000000000000004
0 0.7738333333333333 0.47925 0.213 0.043500000000000004
0 0.1435 0.54025 0.187 0.0325
0 0.45216666666666666 0.537 0.19566666666666666 0.043500000000000004
0 0.7746666666666666 0.542875 0.20866666666666667 0.04675
0 0.18683333333333332 0.6005 0.271 0.0425
0 0.4578333333333333 0.603875 0.20166666666666666 0.04025
0 0.781 0.60975 0.22733333333333333 0.0455
0 0.14916666666666667 0.667375 0.19833333333333333 0.04125
0 0.4686666666666667 0.671125 0.23466666666666666 0.04875
0 0.7919999999999999 0.668375 0.24333333333333332 0.04575
0 0.1535 0.7255 0.21033333333333332 0.0555
0 0.47383333333333333 0.732 0.245 0.0425
0 0.7905 0.729875 0.22633333333333333 0.04475
0 0.13333333333333333 0.789625 0.17533333333333334 0.04475
0 0.48116666666666663 0.795 0.271 0.0445
0 0.7855 0.7907500000000001 0.22766666666666666 0.049
0 0.14333333333333334 0.85375 0.19266666666666665 0.049
0 0.4766666666666666 0.860375 0.248 0.04025
0 0.7831666666666667 0.855875 0.23766666666666666 0.05325
0 0.15483333333333332 0.92 0.213 0.051000000000000004
0 0.4651666666666667 0.923875 0.22766666666666666 0.04775
0 0.7781666666666667 0.91625 0.22433333333333333 0.039
