0 0.24266666666666667 0.12275 0.18 0.0455
0 0.5245 0.114 0.20433333333333334 0.0565
0 0.7956666666666666 0.130875 0.17533333333333334 0.04675
0 0.2513333333333333 0.17500000000000002 0.194 0.037
0 0.5318333333333333 0.17325000000000002 0.219 0.0445
0 0.7911666666666667 0.183125 0.16366666666666665 0.04025
0 0.2528333333333333 0.224375 0.21166666666666667 0.04025
0 0.51 0.226625 0.184 0.04225
0 0.7896666666666666 0.23525000000000001 0.158 0.038
0 0.2485 0.283625 0.20299999999999999 0.03925
0 0.5195 0.282625 0.21166666666666667 0.04775
0 0.8028333333333333 0.292375 0.187 0.04125
0 0.24266666666666667 0.33575 0.19733333333333333 0.037
0 0.8188333333333333 0.34450000000000003 0.22766666666666666 0.0455
0 0.247 0.39025 0.21466666666666667 0.037
0 0.5201666666666667 0.39075 0.193 0.036000000000000004
0 0.8043333333333333 0.39837500000000003 0.20733333333333331 0.04225
0 0.247 0.4495 0.21133333333333332 0.049
0 0.518 0.445625 0.20866666666666667 0.043250000000000004
0 0.7905 0.44775000000000004 0.17966666666666667 0.0455
0 0.24483333333333332 0.5065000000000001 0.20166666666666666 0.039
0 0.531 0.5075000000000001 0.21733333333333332 0.043500000000000004
0 0.7991666666666667 0.505375 0.18566666666666667 0.04125
0 0.23616666666666666 0.558125 0.19566666666666666 0.03175
0 0.5266666666666666 0.56075 0.21466666666666667 0.037
0 0.813 0.55925 0.216 0.038
0 0.215 0.615625 0.15066666666666667 0.04025
0 0.5201666666666667 0.6188750000000001 0.20166666666666666 0.04675
0 0.8071666666666666 0.617375 0.207 0.04125
0 0.22599999999999998 0.669 0.18666666666666665 0.038
0 0.5208333333333334 0.67225 0.19699999999999998 0.038
0 0.7896666666666666 0.67325 0.17533333333333334 0.038
0 0.23333333333333334 0.72775 0.19266666666666665 0.038
0 0.5295 0.733625 0.21166666666666667 0.04575
0 0.7983333333333333 0.725 0.16666666666666666 0.039
0 0.22599999999999998 0.7825 0.19866666666666666 0.043500000000000004
0 0.5353333333333333 0.786875 0.23466666666666666 0.04125
0 0.7963333333333333 0.7815 0.16533333333333333 0.035
0 0.23983333333333332 0.8375 0.21166666666666667 0.0445
0 0.5143333333333333 0.844 0.19866666666666666 0.0445
0 0.8086666666666666 0.836375 0.19 0.03825
0 0.22816666666666666 0.891875 0.191 0.04025
0 0.5021666666666667 0.894 0.17099999999999999 0.0425
0 0.8065 0.890625 0.17966666666666667 0.04025
