0 0.19916666666666666 0.114125 0.191 0.02825
0 0.4723333333333333 0.089625 0.19866666666666666 0.03825
0 0.7745 0.075 0.20566666666666666 0.043500000000000004
0 0.20216666666666666 0.161875 0.20566666666666666 0.03925
0 0.4775 0.145 0.20566666666666666 0.038
0 0.7723333333333333 0.136375 0.22466666666666665 0.04225
0 0.20933333333333332 0.211875 0.21133333333333332 0.03925
0 0.471 0.201625 0.20733333333333331 0.04475
0 0.7889999999999999 0.192375 0.23466666666666666 0.04575
0 0.2085 0.26737500000000003 0.22766666666666666 0.03475
0 0.76 0.251 0.21733333333333332 0.039
0 0.19633333333333333 0.319625 0.19999999999999998 0.04125
0 0.7758333333333333 0.308125 0.22899999999999998 0.03825
0 0.7905 0.367375 0.23766666666666666 0.03925
0 0.19266666666666665 0.377625 0.20733333333333331 0.03375
0 0.1955 0.430375 0.22766666666666666 0.03925
0 0.7818333333333333 0.432 0.235 0.038
0 0.17666666666666667 0.487 0.19 0.043500000000000004
0 0.7608333333333334 0.488 0.20433333333333334 0.039
0 0.184 0.542875 0.20133333333333334 0.04675
0 0.4731666666666666 0.548875 0.21433333333333332 0.04575
0 0.7738333333333333 0.54625 0.239 0.0555
0 0.1825 0.601625 0.19566666666666666 0.04025
0 0.4731666666666666 0.604875 0.21433333333333332 0.03825
0 0.7738333333333333 0.610375 0.219 0.04675
0 0.18183333333333332 0.657125 0.223 0.04025
0 0.4775 0.665125 0.21433333333333332 0.04575
0 0.7898333333333333 0.671625 0.239 0.04125
0 0.19849999999999998 0.71625 0.2363333333333333 0.0415
0 0.47816666666666663 0.727625 0.22166666666666665 0.04675
0 0.7889999999999999 0.7342500000000001 0.23199999999999998 0.0425
0 0.19416666666666665 0.7695 0.239 0.048
0 0.4766666666666666 0.78425 0.22466666666666665 0.0445
0 0.7898333333333333 0.79725 0.245 0.04
0 0.1825 0.828875 0.21033333333333332 0.04025
0 0.4658333333333333 0.845 0.19433333333333333 0.0555
0 0.7876666666666666 0.85375 0.24333333333333332 0.051000000000000004
0 0.20216666666666666 0.886875 0.24633333333333332 0.05425
0 0.48183333333333334 0.905375 0.235 0.04775
0 0.7818333333333333 0.92 0.235 0.049
