0 0.14766666666666667 0.07225 0.21 0.0425
0 0.46799999999999997 0.0745 0.236 0.0445
0 0.7933333333333333 0.083125 0.26066666666666666 0.04675
0 0.13749999999999998 0.12825 0.187 0.0455
0 0.4593333333333333 0.130375 0.222 0.04575
0 0.7788333333333333 0.139625 0.24366666666666667 0.04025
0 0.1455 0.18962500000000002 0.21166666666666667 0.03825
0 0.4513333333333333 0.19175 0.19999999999999998 0.049
0 0.8041666666666666 0.1995 0.2796666666666667 0.038
0 0.142 0.242875 0.21 0.04225
0 0.4725 0.251625 0.25366666666666665 0.04675
0 0.7513333333333333 0.257625 0.18266666666666667 0.03925
0 0.15066666666666667 0.310875 0.22466666666666665 0.04125
0 0.4745 0.312 0.24633333333333332 0.043500000000000004
0 0.7905 0.31675000000000003 0.249 0.0425
0 0.1485 0.370125 0.23766666666666666 0.03375
0 0.46649999999999997 0.376625 0.245 0.04475
0 0.7838333333333333 0.380375 0.22166666666666665 0.04125
0 0.14266666666666666 0.432625 0.23199999999999998 0.05225
0 0.4725 0.439625 0.2623333333333333 0.04225
0 0.7716666666666666 0.435875 0.21133333333333332 0.04575
0 0.14266666666666666 0.49725 0.22 0.0425
0 0.4658333333333333 0.49562500000000004 0.249 0.04575
0 0.7839999999999999 0.5 0.248 0.048
0 0.15133333333333332 0.554875 0.24666666666666665 0.04675
0 0.4593333333333333 0.557625 0.248 0.04575
0 0.7839999999999999 0.565125 0.242 0.04125
0 0.13616666666666666 0.621625 0.22166666666666665 0.04125
0 0.4608333333333333 0.6255000000000001 0.24766666666666665 0.04
0 0.7896666666666666 0.626 0.242 0.037
0 0.155 0.685875 0.27666666666666667 0.04575
0 0.4463333333333333 0.6875 0.22733333333333333 0.038
0 0.781 0.6890000000000001 0.242 0.043500000000000004
0 0.121 0.750625 0.19999999999999998 0.04675
0 0.4666666666666667 0.754375 0.2653333333333333 0.03925
0 0.7838333333333333 0.75 0.25366666666666665 0.048
0 0.1425 0.81625 0.23766666666666666 0.052000000000000005
0 0.434 0.8130000000000001 0.206 0.0455
0 0.7693333333333333 0.8130000000000001 0.22466666666666665 0.0455
0 0.12666666666666665 0.8805000000000001 0.206 0.05
0 0.46499999999999997 0.880375 0.2593333333333333 0.04775
0 0.7788333333333333 0.8748750000000001 0.22899999999999998 0.04125
0 0.1355 0.939625 0.23766666666666666 0.05325
0 0.46299999999999997 0.94175 0.26066666666666666 0.0555
0 0.7896666666666666 0.939125 0.2593333333333333 0.04575
