0 0.14116666666666666 0.06525 0.19699999999999998 0.05
0 0.46299999999999997 0.06575 0.19999999999999998 0.0425
0 0.8128333333333333 0.060375 0.245 0.04025
0 0.15433333333333332 0.12225 0.23466666666666666 0.04
0 0.45799999999999996 0.122875 0.184 0.04125
0 0.8021666666666667 0.12662500000000002 0.23766666666666666 0.04875
0 0.15133333333333332 0.185875 0.24333333333333332 0.04775
0 0.48466666666666663 0.186875 0.24666666666666665 0.04575
0 0.7933333333333333 0.18425 0.20866666666666667 0.049
0 0.16733333333333333 0.24825 0.264 0.0445
0 0.48616666666666664 0.2505 0.24033333333333332 0.0425
0 0.7855 0.249375 0.213 0.04225
0 0.13616666666666666 0.30875 0.213 0.05
0 0.48833333333333334 0.31625000000000003 0.25066666666666665 0.0455
0 0.8158333333333333 0.311375 0.25366666666666665 0.04225
0 0.15583333333333332 0.37175 0.23766666666666666 0.05
0 0.481 0.37225 0.25066666666666665 0.0465
0 0.8195 0.373875 0.26366666666666666 0.04125
0 0.16016666666666665 0.440125 0.255 0.04575
0 0.486 0.44175000000000003 0.24933333333333332 0.049
0 0.8115 0.4445 0.24233333333333332 0.0455
0 0.14116666666666666 0.501 0.21166666666666667 0.043500000000000004
0 0.4673333333333333 0.508625 0.19133333333333333 0.04575
0 0.7803333333333333 0.5065000000000001 0.19133333333333333 0.0415
0 0.14483333333333334 0.571125 0.22766666666666666 0.04875
0 0.47816666666666663 0.57225 0.22433333333333333 0.04
0 0.8158333333333333 0.573875 0.2563333333333333 0.04575
0 0.1505 0.636375 0.25366666666666665 0.04475
0 0.4745 0.63425 0.23166666666666666 0.0425
0 0.8195 0.636375 0.24366666666666667 0.04025
0 0.14483333333333334 0.698875 0.2563333333333333 0.05225
0 0.4983333333333333 0.699375 0.29133333333333333 0.04675
0 0.8115 0.7000000000000001 0.239 0.043500000000000004
0 0.15066666666666667 0.7685 0.242 0.0565
0 0.4736666666666666 0.765125 0.23333333333333334 0.04775
0 0.8216666666666667 0.7685 0.24466666666666667 0.05
0 0.14183333333333334 0.8336250000000001 0.22166666666666665 0.04775
0 0.489 0.83375 0.258 0.043500000000000004
0 0.8079999999999999 0.8326250000000001 0.21733333333333332 0.04125
0 0.1325 0.8951250000000001 0.20299999999999999 0.04675
0 0.47383333333333333 0.897875 0.207 0.05225
0 0.8136666666666666 0.8945000000000001 0.22333333333333333 0.0565
0 0.16 0.96075 0.258 0.043500000000000004
0 0.4825 0.961375 0.25366666666666665 0.04475
0 0.8463333333333333 0.959125 0.27666666666666667 0.04675
