0 0.24320652 0.31185281 0.16521739 0.04197485
0 0.24945652 0.35909763 0.17771739 0.03698225
0 0.24211957 0.39829882 0.18804348 0.03846154
0 0.25163043 0.43380178 0.2048913 0.03550296
0 0.24741848 0.47901257 0.23016304 0.03198964
0 0.23695652 0.5206176 0.23641304 0.03568787
0 0.23029891 0.56074334 0.23722826 0.03494822
0 0.20978261 0.60909763 0.29673913 0.0477071
0 0.22173913 0.64968565 0.21630435 0.04049556
0 0.20665761 0.69628328 0.2361413 0.03827663
0 0.46372283 0.33284024 0.17146739 0.03143491
0 0.46222826 0.37056213 0.16630435 0.02995562
0 0.46440217 0.40745192 0.18913043 0.04123521
0 0.46494565 0.44776257 0.19021739 0.03198964
0 0.48464674 0.48751849 0.23396739 0.03494822
0 0.47527174 0.52598003 0.20271739 0.03346893
0 0.48845109 0.57035873 0.22472826 0.03975592
0 0.47309783 0.61344305 0.21521739 0.03901627
0 0.47934783 0.65967086 0.25706522 0.05343935
0 0.49470109 0.70589867 0.24972826 0.05048077
0 0.6669837 0.34097633 0.14320652 0.03920118
0 0.684375 0.38008506 0.16929348 0.04345414
0 0.68328804 0.41780695 0.17146739 0.03494822
0 0.68586957 0.45654586 0.17445652 0.02995562
0 0.70149457 0.49251109 0.18288043 0.03642751
0 0.690625 0.53873891 0.15896739 0.03642751
0 0.68994565 0.5764608 0.14945652 0.03494822
0 0.69008152 0.61908284 0.14538043 0.03069527
0 0.69945652 0.66882396 0.17445652 0.03772189
0 0.70733696 0.72004438 0.18586957 0.04474852
