0 0.835 0.6975 0.3 0.045
0 0.49833333 0.69125 0.3 0.045
0 0.18 0.686875 0.3 0.04375
0 0.5 0.623125 0.3 0.04375
0 0.18416667 0.629375 0.305 0.06125
0 0.83333333 0.6225 0.3 0.0525
0 0.5 0.555 0.3 0.0425
0 0.18333333 0.555 0.3 0.0425
0 0.83333333 0.555 0.3 0.045
0 0.185 0.490625 0.3 0.05125
0 0.835 0.483125 0.3 0.04375
0 0.50166667 0.485625 0.3 0.05625
0 0.49833333 0.415 0.29666667 0.0525
0 0.185 0.4225 0.3 0.0625
0 0.83166667 0.41625 0.3 0.05
0 0.19166667 0.36125 0.3 0.0425
0 0.5 0.354375 0.3 0.04375
0 0.82416667 0.350625 0.28833333 0.05625
0 0.18833333 0.298125 0.3 0.04125
0 0.50166667 0.2875 0.3 0.0425
0 0.83166667 0.278125 0.3 0.04375
0 0.19166667 0.239375 0.3 0.05375
0 0.50166667 0.2175 0.3 0.055
0 0.82833333 0.208125 0.3 0.04375
0 0.19333333 0.1725 0.3 0.0475
0 0.50166667 0.1525 0.3 0.0525
0 0.83 0.143125 0.3 0.04375
0 0.195 0.11 0.3 0.045
0 0.50333333 0.096875 0.3 0.05125
0 0.825 0.078125 0.3 0.04625
