0 0.17333333 0.735 0.3 0.045
0 0.51166667 0.7325 0.3 0.045
0 0.84333333 0.724375 0.3 0.04375
0 0.51166667 0.663125 0.3 0.05625
0 0.17666667 0.665625 0.3 0.05875
0 0.84166667 0.655625 0.3 0.04375
0 0.51333333 0.59375 0.3 0.045
0 0.175 0.59375 0.3 0.045
0 0.84333333 0.589375 0.3 0.04375
0 0.18333333 0.524375 0.3 0.04375
0 0.51166667 0.524375 0.3 0.04625
0 0.84166667 0.52625 0.3 0.055
0 0.84 0.459375 0.3 0.05125
0 0.51083333 0.460625 0.305 0.05625
0 0.17833333 0.45375 0.3 0.045
0 0.83833333 0.39125 0.3 0.0425
0 0.515 0.390625 0.3 0.05375
0 0.18166667 0.384375 0.3 0.04375
0 0.83666667 0.3275 0.3 0.0425
0 0.515 0.318125 0.3 0.04375
0 0.18333333 0.320625 0.3 0.05625
0 0.835 0.26375 0.3 0.0425
0 0.51833333 0.253125 0.3 0.04375
0 0.83333333 0.2 0.3 0.0425
0 0.51666667 0.19 0.3 0.055
0 0.19166667 0.181875 0.3 0.04375
0 0.83333333 0.1375 0.3 0.0425
0 0.515 0.12 0.3 0.0425
0 0.18833333 0.116875 0.3 0.04375
0 0.16 0.25375 0.27 0.05
