0 0.185 0.666875 0.22666667 0.04625
0 0.7525 0.64375 0.215 0.0475
0 0.475 0.6625 0.23666667 0.0425
0 0.18166667 0.605625 0.21666667 0.03875
0 0.47166667 0.59625 0.23 0.04
0 0.75083333 0.59125 0.225 0.035
0 0.17833333 0.541875 0.21333333 0.04125
0 0.47083333 0.539375 0.22833333 0.03625
0 0.74833333 0.536875 0.21666667 0.03875
0 0.745 0.48375 0.21333333 0.0375
0 0.46583333 0.483125 0.22166667 0.03625
0 0.17833333 0.481875 0.21333333 0.04375
0 0.17416667 0.42375 0.21166667 0.035
0 0.46666667 0.425 0.22333333 0.04
0 0.74333333 0.3725 0.22 0.0425
0 0.46583333 0.368125 0.225 0.03875
0 0.17666667 0.366875 0.21666667 0.04625
0 0.74 0.31625 0.21666667 0.04
0 0.42416667 0.306875 0.14833333 0.03125
0 0.1775 0.30625 0.21833333 0.035
0 0.74416667 0.261875 0.225 0.04125
0 0.465 0.251875 0.23 0.03875
0 0.17416667 0.244375 0.21166667 0.03875
0 0.46 0.195625 0.22333333 0.04125
0 0.17666667 0.19 0.21333333 0.055
0 0.46333333 0.14125 0.23 0.045
0 0.17583333 0.13 0.20166667 0.0575
0 0.73083333 0.159375 0.21833333 0.03875
0 0.73916667 0.206875 0.21833333 0.03875
0 0.75166667 0.4275 0.22 0.0425
