0 0.24768519 0.19479167 0.18981481 0.04513889
0 0.25787037 0.24409722 0.19537037 0.03680556
0 0.2587963 0.2875 0.19537037 0.04583333
0 0.26064815 0.33611111 0.21203704 0.04027778
0 0.26435185 0.39201389 0.225 0.03958333
0 0.26296296 0.44722222 0.23518519 0.04444444
0 0.25416667 0.5 0.20462963 0.0375
0 0.2662037 0.55069444 0.21203704 0.04027778
0 0.2662037 0.60694444 0.22685185 0.05
0 0.25972222 0.66041667 0.225 0.04166667
0 0.50648148 0.18958333 0.2037037 0.04444444
0 0.50833333 0.23888889 0.20925926 0.03611111
0 0.50092593 0.29027778 0.20925926 0.03611111
0 0.51990741 0.33923611 0.22685185 0.04236111
0 0.52685185 0.38819444 0.22592593 0.03611111
0 0.52546296 0.43854167 0.22685185 0.03819444
0 0.54398148 0.49513889 0.25277778 0.04305556
0 0.53888889 0.54479167 0.23703704 0.03958333
0 0.54259259 0.59826389 0.25 0.03680556
0 0.53240741 0.65173611 0.2462963 0.04375
0 0.7462963 0.19513889 0.2037037 0.03611111
0 0.75185185 0.24375 0.21296296 0.02916667
0 0.7625 0.29131944 0.21944444 0.03402778
0 0.76805556 0.33923611 0.21944444 0.03680556
0 0.77037037 0.38541667 0.21296296 0.03194444
0 0.77407407 0.43923611 0.21666667 0.02847222
0 0.7837963 0.49166667 0.20833333 0.0375
0 0.78472222 0.54270833 0.21203704 0.02847222
0 0.79027778 0.59305556 0.2212963 0.03333333
0 0.79027778 0.64583333 0.21574074 0.04305556
