0 0.8 0.741875 0.3 0.05625
0 0.485 0.735 0.3 0.05
0 0.16333333 0.741875 0.3 0.05625
0 0.48166667 0.67125 0.3 0.045
0 0.8025 0.675625 0.31166667 0.05375
0 0.165 0.67 0.3 0.0525
0 0.48166667 0.61125 0.3 0.0525
0 0.8075 0.60875 0.33166667 0.0475
0 0.165 0.61125 0.3 0.0475
0 0.16833333 0.55125 0.3 0.0475
0 0.81083333 0.545 0.335 0.05
0 0.48 0.481875 0.3 0.04125
0 0.80083333 0.479375 0.32166667 0.05125
0 0.17 0.48 0.3 0.0575
0 0.17166667 0.424375 0.3 0.04125
0 0.47833333 0.419375 0.3 0.04125
0 0.795 0.41125 0.31333333 0.06
0 0.17 0.363125 0.3 0.04625
0 0.48 0.358125 0.3 0.04625
0 0.175 0.305 0.3 0.0475
0 0.47833333 0.299375 0.3 0.05125
0 0.79916667 0.280625 0.32833333 0.04125
0 0.17666667 0.2425 0.3 0.04
0 0.48 0.234375 0.3 0.04375
0 0.79166667 0.216875 0.31666667 0.04375
0 0.175 0.1875 0.3 0.055
0 0.47833333 0.17625 0.3 0.0525
0 0.80416667 0.158125 0.32833333 0.05875
0 0.48666667 0.545 0.29 0.04
0 0.80583333 0.35 0.31833333 0.04
