0 0.1281048 0.20851326 0.22354542 0.06724244
0 0.13576046 0.29164096 0.24430078 0.05089451
0 0.13286832 0.37523134 0.23579449 0.05953115
0 0.13150732 0.46067242 0.24055801 0.06076496
0 0.13473971 0.54333745 0.24430078 0.05644664
0 0.13525009 0.63032079 0.24328003 0.06076496
0 0.13831235 0.71576188 0.24191902 0.05953115
0 0.13644097 0.79441703 0.23341273 0.05397903
0 0.14443688 0.87877853 0.24191902 0.05305367
0 0.14069411 0.95974707 0.2371555 0.05829735
0 0.47924464 0.20897594 0.24055801 0.06631709
0 0.48281728 0.29164096 0.24293978 0.05706354
0 0.47924464 0.37368908 0.23103096 0.05644664
0 0.47975502 0.45681678 0.24157877 0.05737199
0 0.48349779 0.54164096 0.22728819 0.05058606
0 0.48281728 0.61767428 0.25791085 0.05521283
0 0.47431099 0.7009562 0.23545424 0.05397903
0 0.4908132 0.78238742 0.24191902 0.05829735
0 0.48707043 0.8672116 0.2371555 0.05829735
0 0.48281728 0.94586675 0.24566179 0.05953115
0 0.81218101 0.21560765 0.25042531 0.06169031
0 0.81269139 0.29148674 0.22490643 0.06169031
0 0.81150051 0.36875386 0.23681524 0.05953115
0 0.81507315 0.44648365 0.22966996 0.05829735
0 0.81218101 0.52961135 0.24293978 0.06169031
0 0.81269139 0.61443553 0.22966996 0.05490438
0 0.81456278 0.69370759 0.23341273 0.05058606
0 0.8133719 0.7751388 0.23579449 0.06169031
0 0.81813542 0.85502776 0.23103096 0.06045651
0 0.82477033 0.93553362 0.24430078 0.04935225
