0 0.12336957 0.36427515 0.2326087 0.03920118
0 0.13858696 0.42307692 0.2326087 0.03994083
0 0.12663043 0.47300296 0.22826087 0.04068047
0 0.1298913 0.51923077 0.24347826 0.03846154
0 0.13369565 0.57100592 0.25108696 0.03846154
0 0.12608696 0.62389053 0.24673913 0.04511834
0 0.12663043 0.67825444 0.24347826 0.04289941
0 0.12608696 0.73261834 0.23152174 0.04511834
0 0.11956522 0.78698225 0.22282609 0.05177515
0 0.11847826 0.84504438 0.22065217 0.05547337
0 0.41576087 0.3602071 0.26521739 0.03994083
0 0.41847826 0.40976331 0.27717391 0.04289941
0 0.41304348 0.46079882 0.28804348 0.04881657
0 0.4125 0.51849112 0.26086957 0.04733728
0 0.42228261 0.57877219 0.28478261 0.05695266
0 0.42554348 0.62980769 0.28913043 0.0510355
0 0.41793478 0.67936391 0.27391304 0.05547337
0 0.4298913 0.74186391 0.29130435 0.04585799
0 0.4125 0.80029586 0.29347826 0.05325444
0 0.41630435 0.85983728 0.27717391 0.05547337
0 0.68695652 0.36131657 0.22282609 0.04215976
0 0.70434783 0.4079142 0.22282609 0.05547337
0 0.71141304 0.46671598 0.25 0.05029586
0 0.70815217 0.51886095 0.23913043 0.04955621
0 0.72228261 0.57359467 0.25652174 0.04511834
0 0.7298913 0.6283284 0.27391304 0.05251479
0 0.74456522 0.69378698 0.28152174 0.04881657
0 0.74293478 0.75110947 0.28043478 0.04659763
0 0.74728261 0.81508876 0.29782609 0.06065089
0 0.75815217 0.87943787 0.31521739 0.06360947
