0 0.29947917 0.76388889 0.071875 0.23333333
0 0.60260417 0.76944444 0.071875 0.23333333
0 0.5390625 0.7625 0.071875 0.23333333
0 0.48489583 0.76666667 0.071875 0.23333333
0 0.42604167 0.76180556 0.05208333 0.22916667
0 0.37135417 0.75972222 0.071875 0.23333333
0 0.29895833 0.47638889 0.05833333 0.26666667
0 0.77239583 0.76944444 0.071875 0.23333333
0 0.71614583 0.775 0.071875 0.23333333
0 0.65885417 0.775 0.071875 0.23333333
0 0.83489583 0.77361111 0.071875 0.23333333
0 0.55833333 0.48888889 0.05833333 0.26666667
0 0.4875 0.475 0.05833333 0.26666667
0 0.42916667 0.47777778 0.05833333 0.26666667
0 0.36458333 0.47361111 0.05833333 0.26666667
0 0.56458333 0.18611111 0.05833333 0.26666667
0 0.49375 0.1875 0.05833333 0.26666667
0 0.434375 0.18888889 0.05833333 0.26666667
0 0.36979167 0.19305556 0.05833333 0.26666667
0 0.30625 0.19305556 0.05833333 0.26666667
0 0.61979167 0.49166667 0.05833333 0.26666667
0 0.86979167 0.20972222 0.05833333 0.26666667
0 0.81041667 0.20972222 0.05833333 0.26666667
0 0.753125 0.19722222 0.05833333 0.26666667
0 0.690625 0.19861111 0.05833333 0.26666667
0 0.628125 0.19027778 0.05833333 0.26666667
0 0.790625 0.49583333 0.05833333 0.26666667
0 0.73229167 0.49027778 0.05833333 0.26666667
0 0.85729167 0.5 0.05833333 0.26666667
0 0.68020833 0.49027778 0.05833333 0.26666667
