0 0.49 0.675625 0.3 0.04625
0 0.83166667 0.67375 0.3 0.045
0 0.16166667 0.67375 0.3 0.045
0 0.16166667 0.608125 0.3 0.04375
0 0.48666667 0.604375 0.33666667 0.04625
0 0.82666667 0.603125 0.3 0.04375
0 0.16333333 0.543125 0.3 0.04375
0 0.49083333 0.535625 0.30166667 0.05125
0 0.81666667 0.535 0.3 0.045
0 0.16333333 0.4775 0.3 0.0425
0 0.48666667 0.471875 0.3 0.04375
0 0.82333333 0.466875 0.3 0.04375
0 0.165 0.41375 0.3 0.0425
0 0.48666667 0.40625 0.3 0.0425
0 0.825 0.399375 0.3 0.04375
0 0.17 0.35125 0.3 0.0425
0 0.485 0.341875 0.3 0.04375
0 0.81833333 0.331875 0.3 0.04375
0 0.17 0.288125 0.3 0.04125
0 0.485 0.2775 0.3 0.0425
0 0.81833333 0.2675 0.3 0.0425
0 0.17166667 0.226875 0.3 0.04125
0 0.48666667 0.21375 0.3 0.0425
0 0.815 0.2025 0.3 0.0425
0 0.175 0.166875 0.3 0.04125
0 0.48666667 0.151875 0.3 0.04125
0 0.81166667 0.139375 0.3 0.04375
0 0.18166667 0.1075 0.3 0.0425
0 0.48833333 0.090625 0.3 0.04125
0 0.81166667 0.0825 0.3 0.055
0 0.80833333 0.08 0.3 0.055
