0 0.15699253 0.14211382 0.24202308 0.05658537
0 0.16259335 0.22666667 0.25118805 0.05853659
0 0.15919891 0.30682927 0.25594026 0.04780488
0 0.16429056 0.38113821 0.25661914 0.06178862
0 0.16717583 0.46731707 0.25560081 0.05203252
0 0.16547862 0.54747967 0.24541752 0.06081301
0 0.15919891 0.63056911 0.24643585 0.05528455
0 0.16989138 0.71398374 0.25695859 0.06406504
0 0.17158859 0.80227642 0.24881195 0.05658537
0 0.17668024 0.88130081 0.25899525 0.05853659
0 0.48285811 0.13170732 0.26035302 0.06178862
0 0.48438561 0.21252033 0.23421589 0.06081301
0 0.48947726 0.29121951 0.24439919 0.0595122
0 0.48676171 0.37674797 0.27019688 0.06601626
0 0.4976239 0.45707317 0.26476578 0.0595122
0 0.50203666 0.53658537 0.28038018 0.05853659
0 0.50763747 0.62341463 0.25356415 0.05658537
0 0.50594026 0.70520325 0.27257298 0.05300813
0 0.50492193 0.79365854 0.26578411 0.06731707
0 0.51289885 0.87707317 0.27494908 0.0604878
0 0.81534284 0.11772358 0.24439919 0.06829268
0 0.82399864 0.20390244 0.25695859 0.05853659
0 0.82399864 0.28682927 0.25899525 0.06178862
0 0.82399864 0.36097561 0.26578411 0.05853659
0 0.82959946 0.45056911 0.27291242 0.06601626
0 0.83638832 0.5295935 0.27970129 0.05756098
0 0.84097081 0.61691057 0.27053632 0.06504065
0 0.84487441 0.69495935 0.26272912 0.06504065
0 0.84080109 0.78487805 0.25458248 0.06081301
0 0.85454854 0.86894309 0.27053632 0.06373984
