0 0.19566667 0.19575 0.21333333 0.035
0 0.179 0.242375 0.18 0.03825
0 0.171 0.287375 0.16 0.03175
0 0.1645 0.3315 0.15566667 0.03
0 0.169 0.374875 0.17333333 0.03325
0 0.17333333 0.42225 0.178 0.035
0 0.17116667 0.473125 0.191 0.03325
0 0.16766667 0.518125 0.19333333 0.04325
0 0.17 0.569875 0.198 0.03325
0 0.16666667 0.6215 0.19133333 0.0335
0 0.16216667 0.667375 0.191 0.03825
0 0.16333333 0.719875 0.198 0.03675
0 0.15666667 0.770625 0.18866667 0.04175
0 0.16216667 0.82475 0.20433333 0.04
0 0.1455 0.87975 0.18433333 0.04
0 0.419 0.197375 0.18 0.03175
0 0.41233333 0.24225 0.16666667 0.035
0 0.41333333 0.284 0.17333333 0.0315
0 0.4155 0.329 0.18233333 0.035
0 0.41883333 0.374875 0.18433333 0.03325
0 0.41 0.419875 0.17533333 0.03675
0 0.41566667 0.4665 0.18666667 0.0335
0 0.40783333 0.515625 0.18433333 0.03825
0 0.4045 0.565625 0.16433333 0.03825
0 0.41 0.615625 0.16666667 0.03825
0 0.41666667 0.665625 0.18866667 0.03825
0 0.42666667 0.717375 0.218 0.03825
0 0.42333333 0.76825 0.21133333 0.04
0 0.41783333 0.820625 0.21766667 0.04175
0 0.42216667 0.883125 0.22233333 0.04675
0 0.63883333 0.1965 0.16233333 0.0365
0 0.63766667 0.239 0.16 0.035
0 0.64666667 0.283125 0.182 0.03675
0 0.6555 0.32725 0.19566667 0.035
0 0.65333333 0.373125 0.16466667 0.03675
0 0.65883333 0.42075 0.171 0.035
0 0.65566667 0.464875 0.16 0.03675
0 0.65783333 0.514875 0.16433333 0.03325
0 0.691 0.563125 0.22666667 0.03675
0 0.67883333 0.610625 0.20233333 0.03825
0 0.68666667 0.660625 0.222 0.04825
0 0.67666667 0.7165 0.18866667 0.04
0 0.6655 0.76975 0.17566667 0.04
0 0.67883333 0.81825 0.19766667 0.04
0 0.7 0.8715 0.23533333 0.0435
