0 0.16333333 0.7675 0.3 0.045
0 0.50166667 0.7575 0.3 0.045
0 0.83166667 0.748125 0.3 0.04375
0 0.16666667 0.6975 0.3 0.045
0 0.5 0.68875 0.3 0.045
0 0.83 0.68125 0.3 0.0425
0 0.16166667 0.62875 0.3 0.045
0 0.49833333 0.623125 0.3 0.04375
0 0.82666667 0.61625 0.3 0.0425
0 0.165 0.563125 0.3 0.04375
0 0.49833333 0.55625 0.3 0.045
0 0.82333333 0.5525 0.3 0.0425
0 0.16833333 0.495 0.3 0.0425
0 0.5 0.4925 0.3 0.0425
0 0.82166667 0.489375 0.3 0.04125
0 0.50333333 0.42875 0.3 0.0425
0 0.16833333 0.429375 0.3 0.04375
0 0.82 0.4275 0.3 0.0425
0 0.81666667 0.366875 0.3 0.04125
0 0.50166667 0.365 0.3 0.0425
0 0.17333333 0.365 0.3 0.0425
0 0.81333333 0.305625 0.3 0.04125
0 0.175 0.300625 0.3 0.04125
0 0.49833333 0.3025 0.3 0.0525
0 0.81166667 0.24625 0.3 0.04
0 0.49666667 0.241875 0.3 0.04125
0 0.175 0.23875 0.3 0.0425
0 0.80833333 0.1875 0.3 0.04
0 0.49666667 0.181875 0.3 0.04125
0 0.17833333 0.178125 0.3 0.04125
