0 0.19333333 0.17875 0.18666667 0.03
0 0.1975 0.220625 0.19833333 0.02875
0 0.19916667 0.263125 0.205 0.03125
0 0.19916667 0.306875 0.205 0.02875
0 0.19583333 0.351875 0.20833333 0.02875
0 0.19333333 0.3975 0.21 0.035
0 0.18916667 0.445 0.20833333 0.0325
0 0.18166667 0.491875 0.19666667 0.03375
0 0.18166667 0.541875 0.20666667 0.03625
0 0.155 0.591875 0.17666667 0.03125
0 0.16166667 0.64375 0.19333333 0.0325
0 0.16416667 0.698125 0.21166667 0.03625
0 0.15416667 0.754375 0.20166667 0.03625
0 0.1525 0.810625 0.215 0.03625
0 0.14916667 0.86875 0.22166667 0.045
0 0.44166667 0.185 0.19 0.0375
0 0.44583333 0.22875 0.19166667 0.0325
0 0.435 0.26875 0.17666667 0.03
0 0.4425 0.313125 0.20166667 0.03625
0 0.43583333 0.35625 0.18166667 0.0275
0 0.4375 0.400625 0.195 0.03125
0 0.43416667 0.444375 0.19166667 0.02875
0 0.44333333 0.49375 0.21 0.035
0 0.43916667 0.541875 0.205 0.03125
0 0.43083333 0.591875 0.19833333 0.03125
0 0.435 0.6425 0.19666667 0.0325
0 0.43916667 0.6975 0.20833333 0.0325
0 0.45 0.7525 0.24333333 0.04
0 0.42666667 0.805625 0.20333333 0.03375
0 0.4225 0.863125 0.195 0.03875
0 0.66833333 0.1925 0.17 0.03
0 0.66833333 0.23375 0.17 0.0325
0 0.65666667 0.274375 0.14666667 0.02875
0 0.67916667 0.316875 0.18166667 0.03625
0 0.68666667 0.3625 0.2 0.0325
0 0.68583333 0.401875 0.19833333 0.03375
0 0.67666667 0.449375 0.18 0.03125
0 0.68583333 0.49375 0.19166667 0.0325
0 0.69166667 0.541875 0.2 0.03375
0 0.6925 0.59125 0.205 0.0325
0 0.6875 0.64375 0.18166667 0.0325
0 0.69583333 0.695625 0.18833333 0.03625
0 0.7 0.74875 0.19 0.035
0 0.70916667 0.803125 0.205 0.03375
0 0.705 0.856875 0.2 0.03375
