0 0.21166667 0.93875 0.23333333 0.03
0 0.5075 0.93875 0.23166667 0.035
0 0.19083333 0.8825 0.19166667 0.0325
0 0.49 0.878125 0.20333333 0.03125
0 0.19083333 0.8225 0.195 0.035
0 0.47333333 0.82125 0.16333333 0.0325
0 0.79 0.82 0.22666667 0.0325
0 0.19666667 0.76625 0.20333333 0.03
0 0.48916667 0.764375 0.19833333 0.02875
0 0.76666667 0.763125 0.17333333 0.03125
0 0.1975 0.710625 0.20833333 0.02875
0 0.48333333 0.708125 0.18333333 0.02875
0 0.75833333 0.706875 0.16 0.02875
0 0.205 0.65375 0.22666667 0.0325
0 0.48583333 0.650625 0.19833333 0.02875
0 0.79083333 0.649375 0.22833333 0.03125
0 0.195 0.5975 0.2 0.03
0 0.48833333 0.594375 0.20666667 0.03125
0 0.75916667 0.593125 0.16833333 0.03125
0 0.17666667 0.540625 0.17333333 0.03125
0 0.78166667 0.53625 0.21666667 0.03
0 0.47416667 0.538125 0.17833333 0.03125
0 0.1875 0.485 0.18833333 0.0325
0 0.48083333 0.481875 0.19166667 0.03125
0 0.79 0.480625 0.23333333 0.03375
0 0.16916667 0.4275 0.15833333 0.03
0 0.47583333 0.425625 0.18166667 0.02875
0 0.76666667 0.423125 0.18666667 0.03125
0 0.18833333 0.37125 0.19 0.0275
0 0.46583333 0.368125 0.16166667 0.02875
0 0.7725 0.36625 0.195 0.03
0 0.18666667 0.31375 0.2 0.03
0 0.49666667 0.311875 0.23 0.02875
0 0.7875 0.310625 0.225 0.02875
0 0.18583333 0.2575 0.19166667 0.03
0 0.4875 0.25625 0.20833333 0.03
0 0.77583333 0.253125 0.21166667 0.03125
0 0.195 0.2 0.21666667 0.03
0 0.46916667 0.199375 0.175 0.02875
0 0.79166667 0.198125 0.27 0.03625
0 0.49166667 0.1425 0.21333333 0.03
0 0.7575 0.14 0.215 0.03
0 0.18833333 0.14375 0.21666667 0.03
0 0.80583333 0.8775 0.26166667 0.035
0 0.80333333 0.930625 0.25 0.03375
