0 0.15524332 0.21113614 0.23646333 0.0579337
0 0.16055517 0.29063405 0.24228924 0.05600257
0 0.16398218 0.36997103 0.25599726 0.06018668
0 0.14958876 0.44512391 0.21830021 0.05986482
0 0.14170665 0.52075958 0.2135024 0.06115224
0 0.15490062 0.60009656 0.21932831 0.05696814
0 0.14804661 0.68554876 0.22618232 0.0579337
0 0.15250171 0.76054071 0.24468814 0.05986482
0 0.15695682 0.83939491 0.24674435 0.05471516
0 0.15661412 0.92146765 0.23646333 0.06887673
0 0.48372173 0.2138719 0.21007539 0.06340521
0 0.48732008 0.29159961 0.21932831 0.05149662
0 0.48492118 0.36948825 0.21932831 0.06308336
0 0.48937629 0.44930801 0.23303633 0.0579337
0 0.47532557 0.52446089 0.20219328 0.06018668
0 0.49126114 0.60025748 0.23886223 0.06115224
0 0.48783413 0.68007724 0.23406443 0.0579337
0 0.48543523 0.75780496 0.22721042 0.06533634
0 0.48200822 0.83665916 0.22515422 0.0537496
0 0.47909527 0.91293853 0.22618232 0.05568072
0 0.81271419 0.22030898 0.24228924 0.05696814
0 0.79386566 0.29755391 0.2114462 0.05889926
0 0.79746402 0.3715803 0.20904729 0.05889926
0 0.81322824 0.4462504 0.24331734 0.0621178
0 0.79677862 0.52446089 0.20767649 0.05568072
0 0.80191912 0.6081429 0.21795751 0.05568072
0 0.81562714 0.68120373 0.24331734 0.05568072
0 0.80020562 0.75796588 0.22412611 0.06115224
0 0.79969157 0.8356936 0.21830021 0.0537496
0 0.80705963 0.91712263 0.24674435 0.0621178
