0 0.21166667 0.930625 0.23666667 0.03125
0 0.1975 0.87375 0.20833333 0.03
0 0.7875 0.87125 0.205 0.035
0 0.20416667 0.815625 0.21833333 0.03125
0 0.7975 0.815 0.22833333 0.035
0 0.49666667 0.81375 0.21333333 0.03
0 0.2 0.75875 0.21 0.03
0 0.49083333 0.758125 0.19166667 0.02875
0 0.79583333 0.7575 0.23166667 0.0325
0 0.19416667 0.7025 0.20166667 0.0325
0 0.79333333 0.700625 0.21666667 0.02875
0 0.4875 0.7 0.195 0.03
0 0.19666667 0.645 0.20333333 0.03
0 0.77083333 0.64375 0.18166667 0.03
0 0.49083333 0.644375 0.19833333 0.02875
0 0.19166667 0.58875 0.19 0.03
0 0.48083333 0.588125 0.17833333 0.02875
0 0.78166667 0.58625 0.20666667 0.03
0 0.18083333 0.5325 0.175 0.03
0 0.49416667 0.531875 0.20833333 0.02875
0 0.765 0.529375 0.17333333 0.02875
0 0.19583333 0.47625 0.205 0.03
0 0.49416667 0.475 0.21166667 0.03
0 0.77833333 0.473125 0.2 0.03125
0 0.195 0.418125 0.20333333 0.02875
0 0.49416667 0.418125 0.20833333 0.02875
0 0.79333333 0.4175 0.22 0.03
0 0.19333333 0.363125 0.20333333 0.03125
0 0.48833333 0.36125 0.2 0.03
0 0.77166667 0.36 0.19 0.03
0 0.4875 0.305625 0.19833333 0.02875
0 0.20083333 0.305625 0.22166667 0.03125
0 0.76166667 0.30375 0.16666667 0.03
0 0.485 0.24875 0.19666667 0.03
0 0.19416667 0.24875 0.20833333 0.03
0 0.795 0.2475 0.23333333 0.03
0 0.48083333 0.19125 0.18833333 0.03
0 0.1875 0.19125 0.195 0.03
0 0.78083333 0.19 0.205 0.03
0 0.4775 0.134375 0.18166667 0.03125
0 0.77416667 0.1325 0.18833333 0.03
0 0.17666667 0.135625 0.18333333 0.03125
0 0.485 0.875625 0.19 0.03375
0 0.50666667 0.92875 0.22333333 0.03
0 0.7825 0.930625 0.20166667 0.03375
