0 0.24266667 0.12275 0.18 0.0455
0 0.5245 0.114 0.20433333 0.0565
0 0.79566667 0.130875 0.17533333 0.04675
0 0.25133333 0.175 0.194 0.037
0 0.53183333 0.17325 0.219 0.0445
0 0.79116667 0.183125 0.16366667 0.04025
0 0.25283333 0.224375 0.21166667 0.04025
0 0.51 0.226625 0.184 0.04225
0 0.78966667 0.23525 0.158 0.038
0 0.2485 0.283625 0.203 0.03925
0 0.5195 0.282625 0.21166667 0.04775
0 0.80283333 0.292375 0.187 0.04125
0 0.24266667 0.33575 0.19733333 0.037
0 0.81883333 0.3445 0.22766667 0.0455
0 0.247 0.39025 0.21466667 0.037
0 0.52016667 0.39075 0.193 0.036
0 0.80433333 0.398375 0.20733333 0.04225
0 0.247 0.4495 0.21133333 0.049
0 0.518 0.445625 0.20866667 0.04325
0 0.7905 0.44775 0.17966667 0.0455
0 0.24483333 0.5065 0.20166667 0.039
0 0.531 0.5075 0.21733333 0.0435
0 0.79916667 0.505375 0.18566667 0.04125
0 0.23616667 0.558125 0.19566667 0.03175
0 0.52666667 0.56075 0.21466667 0.037
0 0.813 0.55925 0.216 0.038
0 0.215 0.615625 0.15066667 0.04025
0 0.52016667 0.618875 0.20166667 0.04675
0 0.80716667 0.617375 0.207 0.04125
0 0.226 0.669 0.18666667 0.038
0 0.52083333 0.67225 0.197 0.038
0 0.78966667 0.67325 0.17533333 0.038
0 0.23333333 0.72775 0.19266667 0.038
0 0.5295 0.733625 0.21166667 0.04575
0 0.79833333 0.725 0.16666667 0.039
0 0.226 0.7825 0.19866667 0.0435
0 0.53533333 0.786875 0.23466667 0.04125
0 0.79633333 0.7815 0.16533333 0.035
0 0.23983333 0.8375 0.21166667 0.0445
0 0.51433333 0.844 0.19866667 0.0445
0 0.80866667 0.836375 0.19 0.03825
0 0.22816667 0.891875 0.191 0.04025
0 0.50216667 0.894 0.171 0.0425
0 0.8065 0.890625 0.17966667 0.04025
