0 0.4475 0.93 0.185 0.03
0 0.14416667 0.929375 0.175 0.03125
0 0.14916667 0.8725 0.17833333 0.03
0 0.75583333 0.8725 0.215 0.03
0 0.44416667 0.87125 0.18166667 0.03
0 0.75416667 0.815 0.205 0.03
0 0.16166667 0.815 0.20666667 0.03
0 0.44833333 0.815 0.18666667 0.03
0 0.74666667 0.758125 0.18666667 0.02875
0 0.45166667 0.75875 0.19 0.03
0 0.15083333 0.7575 0.18833333 0.0275
0 0.7575 0.701875 0.21833333 0.03125
0 0.14 0.70125 0.16666667 0.03
0 0.44 0.699375 0.16666667 0.02875
0 0.74 0.64375 0.22 0.03
0 0.15416667 0.644375 0.195 0.02875
0 0.45333333 0.643125 0.19333333 0.02875
0 0.75833333 0.586875 0.21333333 0.02875
0 0.44333333 0.586875 0.16666667 0.02875
0 0.1425 0.585 0.17166667 0.03
0 0.74416667 0.53 0.18166667 0.03
0 0.44416667 0.52875 0.17833333 0.03
0 0.15833333 0.52875 0.2 0.03
0 0.7475 0.47375 0.18833333 0.0325
0 0.455 0.471875 0.19666667 0.02875
0 0.15 0.471875 0.18333333 0.02875
0 0.7475 0.415625 0.235 0.03125
0 0.44666667 0.415 0.18333333 0.03
0 0.1525 0.414375 0.18833333 0.03125
0 0.74083333 0.35875 0.17833333 0.03
0 0.44416667 0.358125 0.17166667 0.02875
0 0.14666667 0.356875 0.21666667 0.03125
0 0.75916667 0.301875 0.215 0.03125
0 0.44083333 0.3 0.165 0.03
0 0.15333333 0.29875 0.19333333 0.03
0 0.7425 0.244375 0.17833333 0.02875
0 0.4375 0.24375 0.16166667 0.0325
0 0.14666667 0.24125 0.17666667 0.03
0 0.74 0.1875 0.17666667 0.03
0 0.43916667 0.186875 0.16166667 0.03375
0 0.145 0.183125 0.17666667 0.02875
0 0.75416667 0.13 0.20166667 0.0325
0 0.43666667 0.129375 0.16 0.03125
0 0.12 0.12625 0.12666667 0.0325
0 0.73833333 0.931875 0.18 0.03375
