0 0.75833333 0.78375 0.20666667 0.0325
0 0.74083333 0.733125 0.19166667 0.03875
0 0.2025 0.681875 0.20833333 0.03875
0 0.74916667 0.674375 0.19833333 0.03375
0 0.49666667 0.676875 0.24 0.03625
0 0.7475 0.621875 0.195 0.03125
0 0.47416667 0.621875 0.195 0.03125
0 0.19166667 0.62625 0.18333333 0.0475
0 0.47666667 0.5725 0.19333333 0.04
0 0.74833333 0.524375 0.19666667 0.04375
0 0.46583333 0.515625 0.175 0.02875
0 0.745 0.465625 0.19333333 0.03375
0 0.47416667 0.46625 0.19166667 0.04
0 0.74166667 0.41125 0.18333333 0.0275
0 0.22333333 0.41 0.24333333 0.0375
0 0.46583333 0.40375 0.175 0.0425
0 0.47666667 0.359375 0.19666667 0.02875
0 0.1925 0.356875 0.18166667 0.03125
0 0.46666667 0.3125 0.17333333 0.04
0 0.74416667 0.308125 0.18833333 0.03375
0 0.19 0.31 0.17333333 0.04
0 0.74416667 0.255625 0.18833333 0.03125
0 0.47666667 0.255 0.19333333 0.035
0 0.205 0.2525 0.19666667 0.0325
0 0.735 0.20375 0.17 0.0275
0 0.46416667 0.203125 0.16833333 0.03375
0 0.20416667 0.198125 0.19833333 0.03125
0 0.74333333 0.155 0.19 0.0375
0 0.46416667 0.151875 0.16166667 0.03375
0 0.20833333 0.145625 0.21 0.03125
0 0.72416667 0.358125 0.13833333 0.03375
0 0.19833333 0.469375 0.19333333 0.03375
0 0.2175 0.520625 0.225 0.03625
0 0.195 0.573125 0.18333333 0.03625
0 0.75166667 0.573125 0.2 0.03875
0 0.47666667 0.733125 0.19333333 0.03125
0 0.19333333 0.738125 0.19 0.03875
0 0.1875 0.790625 0.17166667 0.03625
0 0.18416667 0.845 0.16166667 0.0325
0 0.19833333 0.89875 0.19333333 0.035
0 0.46416667 0.784375 0.165 0.02875
0 0.46333333 0.839375 0.16 0.03125
0 0.47583333 0.89625 0.18166667 0.045
0 0.76 0.839375 0.21333333 0.03625
0 0.74916667 0.89375 0.19166667 0.035
