0 0.21083333 0.69125 0.245 0.045
0 0.185 0.633125 0.19333333 0.04125
0 0.45916667 0.62875 0.205 0.04
0 0.21416667 0.574375 0.24833333 0.04125
0 0.4775 0.57125 0.24166667 0.04
0 0.1975 0.51875 0.20833333 0.045
0 0.45666667 0.51625 0.2 0.04
0 0.46333333 0.4725 0.20333333 0.0375
0 0.46333333 0.42 0.21 0.0375
0 0.19583333 0.416875 0.20833333 0.03625
0 0.20083333 0.365 0.20833333 0.04
0 0.45416667 0.361875 0.185 0.04375
0 0.72166667 0.315 0.21333333 0.0475
0 0.20083333 0.31125 0.20833333 0.0375
0 0.45916667 0.311875 0.19833333 0.04625
0 0.455 0.26125 0.18666667 0.0325
0 0.7325 0.26125 0.235 0.0425
0 0.19 0.26125 0.19 0.04
0 0.715 0.213125 0.19333333 0.04625
0 0.47833333 0.210625 0.23666667 0.04125
0 0.20666667 0.205 0.21333333 0.04
0 0.195 0.471875 0.2 0.03625
0 0.46083333 0.681875 0.20833333 0.04125
0 0.71416667 0.368125 0.18833333 0.04125
0 0.7225 0.416875 0.21833333 0.04375
0 0.71333333 0.4675 0.19666667 0.0425
0 0.71666667 0.52125 0.19666667 0.0425
0 0.71666667 0.57375 0.19666667 0.0425
0 0.7275 0.62625 0.215 0.04
0 0.71833333 0.68125 0.2 0.045
