0 0.185 0.77625 0.22333333 0.045
0 0.16333333 0.89125 0.19666667 0.0375
0 0.835 0.910625 0.22333333 0.03125
0 0.50666667 0.901875 0.23333333 0.03875
0 0.8375 0.85 0.22833333 0.0325
0 0.165 0.830625 0.18333333 0.03125
0 0.84333333 0.790625 0.24 0.03625
0 0.51 0.7825 0.23 0.0325
0 0.83916667 0.730625 0.235 0.03375
0 0.50333333 0.72375 0.21 0.0325
0 0.19083333 0.716875 0.215 0.02875
0 0.83666667 0.673125 0.23 0.03375
0 0.4875 0.666875 0.17166667 0.02875
0 0.85333333 0.615 0.26333333 0.0325
0 0.49916667 0.6125 0.19166667 0.0325
0 0.19916667 0.610625 0.21166667 0.03125
0 0.84916667 0.558125 0.24833333 0.02875
0 0.51583333 0.5575 0.22166667 0.03
0 0.205 0.505 0.21 0.0325
0 0.83416667 0.5025 0.22166667 0.03
0 0.52083333 0.501875 0.22166667 0.02875
0 0.2325 0.4525 0.255 0.03
0 0.52166667 0.449375 0.22333333 0.02875
0 0.82083333 0.450625 0.195 0.03125
0 0.5025 0.4 0.17166667 0.0325
0 0.835 0.39625 0.22333333 0.0275
0 0.21416667 0.349375 0.20833333 0.02875
0 0.49833333 0.34625 0.17 0.0275
0 0.82083333 0.3425 0.19833333 0.0275
0 0.21916667 0.296875 0.21166667 0.02875
0 0.5175 0.294375 0.205 0.03125
0 0.82583333 0.29 0.20833333 0.0275
0 0.5175 0.243125 0.205 0.03375
0 0.2175 0.243125 0.205 0.03125
0 0.20833333 0.194375 0.17333333 0.03125
0 0.515 0.189375 0.19666667 0.02875
0 0.82666667 0.186875 0.20333333 0.03125
0 0.22 0.144375 0.2 0.02625
0 0.83333333 0.1325 0.21333333 0.0325
0 0.5225 0.135 0.21166667 0.0325
0 0.81166667 0.236875 0.19666667 0.04125
0 0.2 0.55625 0.21 0.0375
0 0.20166667 0.66 0.23333333 0.0425
0 0.20166667 0.39875 0.21 0.035
0 0.50666667 0.8425 0.22666667 0.045
