0 0.18916667 0.62875 0.225 0.035
0 0.75583333 0.623125 0.215 0.03625
0 0.75333333 0.568125 0.22 0.03375
0 0.1825 0.465625 0.21166667 0.03625
0 0.2 0.411875 0.23666667 0.03125
0 0.73416667 0.3625 0.19833333 0.035
0 0.18333333 0.1525 0.22 0.045
0 0.47583333 0.163125 0.23166667 0.04625
0 0.73833333 0.164375 0.24666667 0.05125
0 0.7475 0.205625 0.25166667 0.03125
0 0.7475 0.25875 0.24166667 0.04
0 0.74666667 0.30875 0.24 0.045
0 0.7325 0.415 0.22833333 0.0575
0 0.74833333 0.464375 0.26 0.03875
0 0.74666667 0.511875 0.22666667 0.04375
0 0.46833333 0.2125 0.22666667 0.0475
0 0.48083333 0.261875 0.26833333 0.04625
0 0.48666667 0.31375 0.26333333 0.045
0 0.46333333 0.35875 0.23 0.04
0 0.47166667 0.410625 0.25333333 0.04125
0 0.4775 0.460625 0.245 0.05125
0 0.47333333 0.52375 0.25 0.055
0 0.47666667 0.5725 0.25 0.0425
0 0.47333333 0.628125 0.22666667 0.05375
0 0.18666667 0.19875 0.22333333 0.045
0 0.18666667 0.2575 0.25666667 0.0575
0 0.18833333 0.3075 0.25333333 0.045
0 0.1975 0.35125 0.24833333 0.045
0 0.19333333 0.521875 0.23 0.05625
0 0.18666667 0.575 0.25333333 0.05
