0 0.2125 0.15875 0.215 0.045
0 0.4825 0.145625 0.22166667 0.04875
0 0.78916667 0.145 0.26166667 0.0575
0 0.77166667 0.198125 0.24666667 0.04625
0 0.77583333 0.25375 0.275 0.05
0 0.785 0.305625 0.26666667 0.04125
0 0.775 0.36 0.28 0.05
0 0.78166667 0.421875 0.27333333 0.05375
0 0.78583333 0.475625 0.27833333 0.04125
0 0.7875 0.5275 0.255 0.0525
0 0.76916667 0.57875 0.23166667 0.05
0 0.78333333 0.62875 0.27333333 0.04
0 0.50333333 0.63125 0.24333333 0.05
0 0.495 0.575 0.25333333 0.0425
0 0.4975 0.520625 0.26166667 0.04875
0 0.4825 0.46375 0.245 0.045
0 0.4825 0.41 0.245 0.0425
0 0.4925 0.3625 0.255 0.045
0 0.48333333 0.306875 0.26 0.04375
0 0.48583333 0.255625 0.22833333 0.05125
0 0.4875 0.203125 0.23833333 0.04375
0 0.22333333 0.21375 0.23333333 0.045
0 0.21666667 0.265625 0.23333333 0.04125
0 0.2125 0.315625 0.22833333 0.04875
0 0.23 0.3675 0.26 0.0375
0 0.21583333 0.41625 0.23166667 0.04
0 0.21583333 0.4675 0.24833333 0.045
0 0.21833333 0.528125 0.22666667 0.04625
0 0.21666667 0.5825 0.25 0.0375
0 0.21 0.633125 0.24666667 0.04625
