0 0.17 0.735625 0.3 0.04375
0 0.505 0.7325 0.3 0.045
0 0.83666667 0.728125 0.3 0.04375
0 0.17166667 0.6675 0.3 0.045
0 0.50333333 0.66375 0.3 0.045
0 0.83666667 0.660625 0.3 0.04375
0 0.175 0.598125 0.3 0.04375
0 0.505 0.596875 0.3 0.04375
0 0.83333333 0.593125 0.3 0.04375
0 0.17833333 0.530625 0.3 0.04375
0 0.50166667 0.518125 0.29333333 0.06375
0 0.83166667 0.52625 0.3 0.0425
0 0.17833333 0.461875 0.3 0.04375
0 0.83166667 0.46 0.3 0.0425
0 0.50666667 0.460625 0.3 0.04375
0 0.82833333 0.395 0.3 0.0425
0 0.17833333 0.394375 0.3 0.04375
0 0.50333333 0.38875 0.3 0.0625
0 0.82666667 0.33 0.3 0.0425
0 0.505 0.32625 0.3 0.0425
0 0.18166667 0.32375 0.3 0.0575
0 0.825 0.26625 0.3 0.0425
0 0.505 0.26 0.3 0.0425
0 0.82333333 0.201875 0.3 0.04125
0 0.505 0.194375 0.3 0.04375
0 0.82 0.139375 0.3 0.04125
0 0.18666667 0.13375 0.3 0.0425
0 0.50333333 0.129375 0.3 0.04375
0 0.15833333 0.19875 0.24333333 0.0375
0 0.15833333 0.26375 0.24333333 0.045
