0 0.18796296 0.03958333 0.24444444 0.04166667
0 0.16527778 0.10763889 0.19351852 0.04305556
0 0.17037037 0.171875 0.21296296 0.03541667
0 0.18055556 0.24027778 0.22962963 0.04583333
0 0.18287037 0.30520833 0.24351852 0.04513889
0 0.16111111 0.365625 0.19074074 0.04791667
0 0.2 0.42569444 0.27407407 0.04305556
0 0.16111111 0.49340278 0.20185185 0.04097222
0 0.17083333 0.55520833 0.225 0.04375
0 0.19583333 0.61423611 0.27314815 0.04513889
0 0.18842593 0.671875 0.26574074 0.04097222
0 0.14166667 0.72534722 0.17407407 0.04930556
0 0.16990741 0.79131944 0.23055556 0.04652778
0 0.16851852 0.85104167 0.23148148 0.03819444
0 0.15648148 0.90729167 0.2037037 0.04097222
0 0.51157407 0.03506944 0.23425926 0.05486111
0 0.51296296 0.11041667 0.24444444 0.04861111
0 0.49212963 0.17048611 0.21944444 0.04375
0 0.48935185 0.240625 0.21388889 0.04097222
0 0.49907407 0.30625 0.25555556 0.03888889
0 0.49259259 0.37291667 0.21296296 0.05
0 0.50601852 0.43645833 0.25092593 0.04236111
0 0.50185185 0.49756944 0.2462963 0.04236111
0 0.47638889 0.55833333 0.20092593 0.0375
0 0.48194444 0.62569444 0.22685185 0.04444444
0 0.46296296 0.68159722 0.19814815 0.05069444
0 0.46481481 0.74097222 0.1962963 0.0375
0 0.45787037 0.80625 0.19166667 0.05277778
0 0.47962963 0.85798611 0.21666667 0.03819444
0 0.4787037 0.91909722 0.23703704 0.05347222
0 0.86111111 0.04444444 0.25925926 0.05833333
0 0.84722222 0.10868056 0.24814815 0.04513889
0 0.83101852 0.17361111 0.22314815 0.05
0 0.82407407 0.23506944 0.20555556 0.04236111
0 0.83055556 0.309375 0.25 0.04236111
0 0.83796296 0.371875 0.26111111 0.03819444
0 0.82361111 0.43923611 0.25277778 0.04236111
0 0.81388889 0.50902778 0.23703704 0.05
0 0.83425926 0.57222222 0.26851852 0.05138889
0 0.80787037 0.63576389 0.22314815 0.04930556
0 0.79212963 0.69791667 0.20462963 0.05138889
0 0.80601852 0.76111111 0.24166667 0.04305556
0 0.79490741 0.815625 0.23055556 0.04236111
0 0.8 0.871875 0.25 0.04236111
0 0.79027778 0.92847222 0.23425926 0.03888889
