0 0.73 0.606875 0.21333333 0.03625
0 0.1425 0.605 0.255 0.035
0 0.45416667 0.6075 0.265 0.04
0 0.44583333 0.54625 0.22166667 0.0325
0 0.14416667 0.543125 0.19833333 0.03375
0 0.75166667 0.490625 0.25666667 0.03625
0 0.45 0.49125 0.22 0.035
0 0.135 0.486875 0.17666667 0.03125
0 0.44083333 0.435625 0.20833333 0.04125
0 0.14833333 0.426875 0.20333333 0.03125
0 0.735 0.374375 0.21333333 0.03375
0 0.42583333 0.3725 0.17833333 0.0325
0 0.1575 0.366875 0.22166667 0.03125
0 0.73333333 0.315625 0.20666667 0.02875
0 0.72583333 0.256875 0.195 0.03125
0 0.45166667 0.254375 0.22666667 0.03375
0 0.16583333 0.24875 0.235 0.0325
0 0.72166667 0.198125 0.18666667 0.02875
0 0.45333333 0.194375 0.22666667 0.03375
0 0.16333333 0.193125 0.23333333 0.04125
0 0.4625 0.136875 0.24833333 0.03625
0 0.75583333 0.1375 0.24833333 0.035
0 0.15583333 0.128125 0.21166667 0.03625
0 0.1925 0.316875 0.29166667 0.04625
0 0.445 0.31 0.20333333 0.05
0 0.73333333 0.438125 0.21 0.04375
0 0.7225 0.548125 0.195 0.03375
0 0.16666667 0.6675 0.23333333 0.0425
0 0.15916667 0.726875 0.22166667 0.04375
0 0.17083333 0.78875 0.24833333 0.045
0 0.165 0.841875 0.23 0.03625
0 0.155 0.8975 0.22666667 0.0425
0 0.15083333 0.95625 0.20833333 0.0425
0 0.45833333 0.668125 0.24333333 0.03875
0 0.44583333 0.721875 0.21833333 0.03875
0 0.45583333 0.779375 0.255 0.04125
0 0.44916667 0.8375 0.22166667 0.04
0 0.44083333 0.89875 0.21166667 0.0325
0 0.43666667 0.954375 0.21333333 0.03625
0 0.72833333 0.663125 0.21 0.03875
0 0.72416667 0.72375 0.205 0.0425
0 0.74583333 0.78625 0.25166667 0.045
0 0.74166667 0.84375 0.24333333 0.0475
0 0.71583333 0.89625 0.18166667 0.0325
0 0.72833333 0.954375 0.21333333 0.03625
