0 0.46 0.928125 0.24666667 0.03125
0 0.17583333 0.92625 0.23833333 0.03
0 0.46 0.87125 0.21666667 0.03
0 0.14583333 0.870625 0.17166667 0.02875
0 0.76916667 0.81625 0.25166667 0.0325
0 0.4525 0.81375 0.19833333 0.03
0 0.17333333 0.8125 0.23333333 0.03
0 0.7675 0.760625 0.245 0.03125
0 0.4575 0.758125 0.205 0.02875
0 0.1675 0.756875 0.21833333 0.03375
0 0.78333333 0.7025 0.27666667 0.0325
0 0.445 0.7 0.18 0.03
0 0.16166667 0.69875 0.20333333 0.03
0 0.75833333 0.646875 0.22666667 0.03125
0 0.47 0.64375 0.23 0.03
0 0.17083333 0.64 0.22166667 0.035
0 0.76833333 0.58875 0.24666667 0.03
0 0.45833333 0.586875 0.20666667 0.02875
0 0.16666667 0.585625 0.21 0.02875
0 0.75916667 0.533125 0.22166667 0.02875
0 0.45166667 0.53 0.19 0.03
0 0.76166667 0.47625 0.23 0.03
0 0.46166667 0.475 0.21 0.03
0 0.75666667 0.420625 0.21666667 0.03125
0 0.45 0.418125 0.18 0.02875
0 0.17416667 0.41625 0.225 0.03
0 0.7475 0.3625 0.19833333 0.03
0 0.4475 0.36125 0.17833333 0.0325
0 0.16583333 0.35875 0.20833333 0.03
0 0.7725 0.30625 0.24833333 0.03
0 0.465 0.304375 0.21333333 0.02875
0 0.16666667 0.303125 0.20333333 0.02875
0 0.76 0.25 0.22 0.03
0 0.4625 0.2475 0.20833333 0.03
0 0.1525 0.245 0.17833333 0.0325
0 0.75583333 0.1925 0.21166667 0.03
0 0.465 0.19125 0.21 0.03
0 0.15083333 0.188125 0.175 0.02875
0 0.77 0.135625 0.23666667 0.03375
0 0.45083333 0.134375 0.18166667 0.03125
0 0.16 0.134375 0.19666667 0.03375
0 0.14833333 0.47375 0.17666667 0.0325
0 0.15333333 0.52875 0.18333333 0.035
0 0.77833333 0.875625 0.27666667 0.03125
0 0.77083333 0.93125 0.255 0.0275
