0 0.30885417 0.77569444 0.04895833 0.21527778
0 0.309375 0.48819444 0.05833333 0.25694444
0 0.72395833 0.49375 0.05833333 0.25694444
0 0.66666667 0.49375 0.05833333 0.25694444
0 0.61041667 0.49097222 0.05833333 0.25694444
0 0.43020833 0.49652778 0.05833333 0.25694444
0 0.359375 0.48958333 0.05833333 0.25694444
0 0.48020833 0.49097222 0.05833333 0.25694444
0 0.546875 0.48958333 0.05833333 0.25694444
0 0.83645833 0.50069444 0.05833333 0.25694444
0 0.740625 0.22291667 0.05833333 0.25694444
0 0.68333333 0.22013889 0.05833333 0.25694444
0 0.61770833 0.21319444 0.05833333 0.25694444
0 0.56145833 0.20902778 0.05833333 0.25694444
0 0.49583333 0.21180556 0.05833333 0.25694444
0 0.43645833 0.20208333 0.05833333 0.25694444
0 0.365625 0.20069444 0.05833333 0.25694444
0 0.30625 0.20208333 0.05833333 0.25694444
0 0.81770833 0.78125 0.05833333 0.25694444
0 0.85416667 0.20902778 0.05833333 0.25694444
0 0.79791667 0.20486111 0.05833333 0.25694444
0 0.59791667 0.76736111 0.05833333 0.25694444
0 0.53958333 0.77430556 0.05833333 0.25694444
0 0.48125 0.77569444 0.05833333 0.25694444
0 0.42395833 0.77430556 0.05833333 0.25694444
0 0.36770833 0.77986111 0.05833333 0.25694444
0 0.71041667 0.76736111 0.05833333 0.25694444
0 0.65 0.76319444 0.05833333 0.25694444
0 0.76302083 0.77222222 0.04270833 0.23611111
0 0.78229167 0.49375 0.05833333 0.25694444
