0 0.185 0.708125 0.3 0.04375
0 0.51166667 0.701875 0.3 0.04375
0 0.83 0.69375 0.3 0.0425
0 0.185 0.64125 0.3 0.0425
0 0.515 0.636875 0.3 0.04375
0 0.82833333 0.63125 0.3 0.0425
0 0.18833333 0.575625 0.3 0.04375
0 0.825 0.568125 0.3 0.04125
0 0.51 0.56875 0.3 0.0475
0 0.185 0.509375 0.3 0.04375
0 0.51 0.506875 0.3 0.04375
0 0.825 0.505625 0.3 0.04125
0 0.82666667 0.444375 0.3 0.04125
0 0.18666667 0.444375 0.3 0.04375
0 0.515 0.44375 0.3 0.0425
0 0.825 0.380625 0.3 0.04125
0 0.18833333 0.379375 0.3 0.04375
0 0.51 0.37875 0.3 0.0425
0 0.82333333 0.32 0.3 0.0425
0 0.50833333 0.315 0.3 0.0425
0 0.18833333 0.315 0.3 0.0425
0 0.82333333 0.258125 0.3 0.04125
0 0.50833333 0.250625 0.3 0.04125
0 0.19 0.25125 0.3 0.0425
0 0.82666667 0.196875 0.3 0.04125
0 0.50666667 0.19 0.3 0.045
0 0.19333333 0.1875 0.3 0.0425
0 0.82333333 0.135625 0.3 0.04125
0 0.19833333 0.125 0.3 0.0425
0 0.50833333 0.125 0.3 0.0425
