0 0.27622283 0.34282544 0.18722826 0.03698225
0 0.27201087 0.39117973 0.17228261 0.03272929
0 0.26834239 0.43093565 0.1986413 0.03420858
0 0.26521739 0.47475962 0.19456522 0.03901627
0 0.27146739 0.51710429 0.20706522 0.0427145
0 0.25421196 0.55723003 0.21005435 0.03198964
0 0.26521739 0.60133136 0.22554348 0.04326923
0 0.26100543 0.64894601 0.23179348 0.04197485
0 0.26630435 0.69378698 0.24673913 0.05177515
0 0.26005435 0.73751849 0.21956522 0.04123521
0 0.48994565 0.36029956 0.1673913 0.03198964
0 0.49184783 0.39968565 0.16086957 0.02422337
0 0.51236413 0.43629808 0.22690217 0.02903107
0 0.50720109 0.4793824 0.21005435 0.03125
0 0.50774457 0.51987796 0.22146739 0.03568787
0 0.49619565 0.56675296 0.19836957 0.02847633
0 0.50720109 0.60808062 0.22038043 0.03125
0 0.51032609 0.65366124 0.23097826 0.03698225
0 0.50597826 0.70266272 0.23097826 0.03994083
0 0.51019022 0.75064719 0.22255435 0.04900148
0 0.72622283 0.36556953 0.16929348 0.03550296
0 0.71263587 0.39931583 0.15679348 0.02644231
0 0.72717391 0.4441568 0.18586957 0.03772189
0 0.72146739 0.48363536 0.17880435 0.03975592
0 0.73396739 0.53198964 0.18097826 0.03994083
0 0.73546196 0.5756287 0.16711957 0.04622781
0 0.73491848 0.61945266 0.18288043 0.03254438
0 0.73288043 0.66531065 0.17663043 0.04068047
0 0.73029891 0.70552885 0.18179348 0.04123521
0 0.74225543 0.75388314 0.18288043 0.03550296
