0 0.47083333 0.6375 0.24166667 0.04
0 0.76166667 0.631875 0.22 0.04625
0 0.4675 0.58 0.23166667 0.045
0 0.76916667 0.575 0.22833333 0.045
0 0.47333333 0.523125 0.24333333 0.05625
0 0.77583333 0.521875 0.23833333 0.04125
0 0.15333333 0.514375 0.22333333 0.04125
0 0.15083333 0.45625 0.21833333 0.05
0 0.45833333 0.398125 0.21 0.03875
0 0.15666667 0.393125 0.23 0.04625
0 0.76583333 0.350625 0.20833333 0.03875
0 0.46416667 0.33 0.21833333 0.0475
0 0.1425 0.328125 0.19833333 0.04125
0 0.77916667 0.29875 0.22833333 0.05
0 0.475 0.270625 0.24 0.04125
0 0.16 0.259375 0.22666667 0.04875
0 0.77916667 0.176875 0.22166667 0.05375
0 0.475 0.205625 0.23666667 0.04875
0 0.1625 0.198125 0.22833333 0.05125
0 0.48083333 0.1525 0.245 0.0475
0 0.16 0.13625 0.23 0.06
0 0.49 0.0925 0.25333333 0.06
0 0.15333333 0.065625 0.21666667 0.04875
0 0.145 0.585 0.22 0.055
0 0.145 0.6425 0.22 0.055
0 0.48166667 0.468125 0.26666667 0.05625
0 0.78083333 0.12 0.23166667 0.0625
0 0.76333333 0.23 0.19 0.04
0 0.76416667 0.40875 0.245 0.0525
0 0.7675 0.4625 0.245 0.0525
