0 0.21435185 0.03506944 0.25277778 0.04791667
0 0.18425926 0.10138889 0.19814815 0.04305556
0 0.19351852 0.16284722 0.22037037 0.03541667
0 0.21435185 0.22569444 0.25648148 0.04722222
0 0.2125 0.28645833 0.25648148 0.04513889
0 0.21527778 0.34895833 0.26203704 0.04791667
0 0.21574074 0.40694444 0.25925926 0.04305556
0 0.21064815 0.46631944 0.24351852 0.03819444
0 0.20509259 0.52465278 0.24166667 0.04236111
0 0.20555556 0.5875 0.25 0.0375
0 0.20601852 0.64583333 0.25833333 0.04027778
0 0.20462963 0.70729167 0.24814815 0.04930556
0 0.1787037 0.77013889 0.21851852 0.04305556
0 0.18055556 0.82916667 0.22777778 0.04583333
0 0.17268519 0.89236111 0.225 0.04444444
0 0.48935185 0.03368056 0.21018519 0.03958333
0 0.525 0.09131944 0.26111111 0.04930556
0 0.53287037 0.15451389 0.28981481 0.04236111
0 0.50509259 0.22118056 0.23796296 0.04236111
0 0.50231481 0.284375 0.23611111 0.04513889
0 0.50462963 0.34131944 0.23148148 0.03958333
0 0.50324074 0.40555556 0.24166667 0.04861111
0 0.51944444 0.47152778 0.27777778 0.04444444
0 0.51851852 0.53229167 0.27962963 0.04652778
0 0.51342593 0.59375 0.26574074 0.04444444
0 0.51296296 0.65138889 0.27037037 0.04583333
0 0.50925926 0.71701389 0.25925926 0.04236111
0 0.48009259 0.77986111 0.225 0.04444444
0 0.49861111 0.84201389 0.24537037 0.04791667
0 0.50092593 0.90590278 0.25925926 0.04236111
0 0.83518519 0.034375 0.24259259 0.05625
0 0.825 0.09097222 0.21851852 0.04305556
0 0.82777778 0.15208333 0.23888889 0.04444444
0 0.83240741 0.22291667 0.26481481 0.04722222
0 0.83888889 0.27881944 0.27222222 0.03819444
0 0.82546296 0.34270833 0.25833333 0.04652778
0 0.80648148 0.40902778 0.22962963 0.04166667
0 0.82268519 0.47291667 0.25277778 0.03611111
0 0.82592593 0.53090278 0.25740741 0.03819444
0 0.83472222 0.60034722 0.275 0.04513889
0 0.8287037 0.66527778 0.28148148 0.04305556
0 0.82777778 0.72673611 0.26666667 0.04513889
0 0.83981481 0.79548611 0.28518519 0.04375
0 0.83703704 0.85868056 0.29259259 0.04236111
0 0.8287037 0.92569444 0.28148148 0.04861111
