0 0.234375 0.76527778 0.04583333 0.20277778
0 0.28125 0.26666667 0.04583333 0.20277778
0 0.225 0.26388889 0.04583333 0.20277778
0 0.21875 0.525 0.04583333 0.20277778
0 0.43802083 0.52291667 0.04479167 0.22361111
0 0.39375 0.52361111 0.04583333 0.20277778
0 0.33229167 0.525 0.04583333 0.20277778
0 0.27916667 0.51944444 0.04583333 0.20277778
0 0.59322917 0.51458333 0.04479167 0.22361111
0 0.54427083 0.52013889 0.04479167 0.22361111
0 0.49114583 0.52291667 0.04479167 0.22361111
0 0.43489583 0.74791667 0.04479167 0.22361111
0 0.3890625 0.75902778 0.04479167 0.22361111
0 0.3359375 0.76597222 0.04479167 0.22361111
0 0.2890625 0.75625 0.04479167 0.22361111
0 0.6796875 0.74930556 0.04479167 0.22361111
0 0.6328125 0.75208333 0.04479167 0.22361111
0 0.5828125 0.75763889 0.04479167 0.22361111
0 0.5390625 0.74930556 0.04479167 0.22361111
0 0.48489583 0.74930556 0.04479167 0.22361111
0 0.49322917 0.27847222 0.04479167 0.22361111
0 0.44010417 0.26458333 0.04479167 0.22361111
0 0.39114583 0.27291667 0.04479167 0.22361111
0 0.33489583 0.27152778 0.04479167 0.22361111
0 0.70052083 0.28541667 0.04479167 0.22361111
0 0.65260417 0.28125 0.04479167 0.22361111
0 0.5984375 0.27430556 0.04479167 0.22361111
0 0.54947917 0.27430556 0.04479167 0.22361111
0 0.69114583 0.51319444 0.04479167 0.22361111
0 0.63802083 0.51319444 0.04479167 0.22361111
