0 0.19 0.646875 0.24 0.03875
0 0.76 0.639375 0.22 0.03375
0 0.48666667 0.6425 0.24666667 0.04
0 0.18333333 0.585 0.22333333 0.0325
0 0.76083333 0.59 0.22166667 0.0525
0 0.4875 0.58125 0.25166667 0.0375
0 0.7575 0.529375 0.22166667 0.03875
0 0.4725 0.525 0.22166667 0.035
0 0.19083333 0.5225 0.235 0.0425
0 0.75333333 0.470625 0.21666667 0.03375
0 0.47166667 0.468125 0.21333333 0.03375
0 0.75916667 0.415625 0.225 0.03125
0 0.4725 0.406875 0.21833333 0.03875
0 0.1875 0.406875 0.22166667 0.03625
0 0.7525 0.359375 0.215 0.04125
0 0.46916667 0.35625 0.205 0.035
0 0.17416667 0.351875 0.195 0.03625
0 0.7575 0.306875 0.225 0.03125
0 0.47333333 0.2975 0.21666667 0.035
0 0.18416667 0.29125 0.205 0.035
0 0.75916667 0.254375 0.23166667 0.03375
0 0.47833333 0.24125 0.23 0.0375
0 0.19583333 0.23625 0.22166667 0.04
0 0.74333333 0.201875 0.2 0.03625
0 0.46666667 0.185625 0.20666667 0.03375
0 0.19166667 0.176875 0.21666667 0.03625
0 0.74583333 0.149375 0.205 0.04125
0 0.46583333 0.134375 0.20166667 0.04875
0 0.18083333 0.12375 0.18833333 0.0375
0 0.18416667 0.468125 0.22166667 0.03625
