0 0.20416667 0.664375 0.21166667 0.03875
0 0.20083333 0.6025 0.20833333 0.0425
0 0.49416667 0.48875 0.21166667 0.03
0 0.76 0.4875 0.2 0.0325
0 0.76083333 0.215 0.215 0.0375
0 0.74166667 0.158125 0.17666667 0.03125
0 0.50083333 0.161875 0.23833333 0.03875
0 0.20166667 0.150625 0.24666667 0.04875
0 0.205 0.21375 0.24 0.05
0 0.20416667 0.26625 0.245 0.045
0 0.21333333 0.320625 0.24333333 0.03875
0 0.22166667 0.380625 0.24666667 0.05125
0 0.21833333 0.433125 0.25333333 0.04375
0 0.2225 0.491875 0.25833333 0.04625
0 0.225 0.545625 0.26 0.04125
0 0.49166667 0.219375 0.23333333 0.04875
0 0.49916667 0.269375 0.24166667 0.04125
0 0.5025 0.323125 0.24833333 0.04625
0 0.5 0.3825 0.24 0.045
0 0.49583333 0.435 0.235 0.0375
0 0.48916667 0.548125 0.22166667 0.04375
0 0.49166667 0.600625 0.23333333 0.04125
0 0.49166667 0.66125 0.22 0.055
0 0.76 0.268125 0.21666667 0.04375
0 0.75916667 0.32 0.215 0.04
0 0.75666667 0.37375 0.21 0.05
0 0.7625 0.4325 0.20833333 0.045
0 0.78166667 0.545625 0.24666667 0.03875
0 0.77416667 0.59875 0.25166667 0.04
0 0.77666667 0.65 0.26 0.0475
