0 0.17166667 0.7025 0.3 0.0425
0 0.495 0.700625 0.3 0.04375
0 0.825 0.69875 0.3 0.0425
0 0.17333333 0.635 0.3 0.0525
0 0.495 0.6375 0.3 0.0425
0 0.82166667 0.630625 0.3 0.05875
0 0.49333333 0.5725 0.3 0.0425
0 0.175 0.57375 0.3 0.0575
0 0.81833333 0.56875 0.3 0.0425
0 0.17666667 0.515625 0.3 0.04125
0 0.49166667 0.51 0.3 0.0425
0 0.81833333 0.503125 0.3 0.05125
0 0.17833333 0.453125 0.3 0.04125
0 0.49166667 0.446875 0.3 0.04125
0 0.81833333 0.4375 0.3 0.0575
0 0.18166667 0.391875 0.3 0.04125
0 0.49416667 0.38125 0.29166667 0.05
0 0.81333333 0.374375 0.3 0.04375
0 0.17833333 0.32625 0.30333333 0.05
0 0.48833333 0.3225 0.3 0.0425
0 0.8175 0.303125 0.285 0.05625
0 0.18166667 0.271875 0.3 0.04125
0 0.48833333 0.261875 0.3 0.04125
0 0.81 0.244375 0.3 0.05125
0 0.18166667 0.211875 0.3 0.04125
0 0.48833333 0.199375 0.3 0.04375
0 0.80666667 0.18 0.3 0.05
0 0.18333333 0.150625 0.3 0.04875
0 0.48833333 0.138125 0.3 0.05375
0 0.805 0.116875 0.3 0.04375
