0 0.18666667 0.686875 0.3 0.04375
0 0.52 0.683125 0.3 0.04875
0 0.83666667 0.675 0.3 0.0425
0 0.18666667 0.62125 0.3 0.0425
0 0.52 0.62125 0.3 0.0525
0 0.83833333 0.61125 0.3 0.0425
0 0.18666667 0.55625 0.3 0.0425
0 0.51833333 0.551875 0.3 0.04125
0 0.84666667 0.553125 0.3 0.04875
0 0.185 0.490625 0.3 0.04375
0 0.52333333 0.489375 0.3 0.04125
0 0.85 0.494375 0.3 0.05875
0 0.18666667 0.425625 0.3 0.04375
0 0.84666667 0.425625 0.3 0.04125
0 0.52 0.42625 0.3 0.0425
0 0.845 0.364375 0.3 0.04125
0 0.18833333 0.36375 0.3 0.0425
0 0.51833333 0.361875 0.3 0.04875
0 0.84166667 0.303125 0.3 0.04125
0 0.51833333 0.30125 0.3 0.0425
0 0.19 0.30125 0.3 0.0425
0 0.84 0.243125 0.3 0.04125
0 0.51833333 0.24 0.3 0.0425
0 0.19166667 0.24 0.3 0.0425
0 0.84 0.183125 0.3 0.04125
0 0.51833333 0.179375 0.3 0.04125
0 0.19333333 0.176875 0.3 0.04125
0 0.83833333 0.12625 0.3 0.0475
0 0.51833333 0.124375 0.3 0.05125
0 0.19333333 0.116875 0.3 0.04125
