0 0.18 0.14442596 0.24533333 0.06855241
0 0.18433333 0.23394343 0.26866667 0.0718802
0 0.17716667 0.31630616 0.257 0.06222962
0 0.19016667 0.4 0.27833333 0.05790349
0 0.16383333 0.48951747 0.22566667 0.05923461
0 0.17033333 0.5797005 0.232 0.05457571
0 0.1725 0.6608985 0.23633333 0.06655574
0 0.1785 0.74875208 0.24833333 0.07520799
0 0.16766667 0.83943428 0.22666667 0.05890183
0 0.18483333 0.93178037 0.253 0.06988353
0 0.49883333 0.14009983 0.24633333 0.05790349
0 0.494 0.22479201 0.254 0.06222962
0 0.49016667 0.30532446 0.23766667 0.06222962
0 0.502 0.39284526 0.26333333 0.06755408
0 0.48866667 0.47986689 0.23666667 0.06788686
0 0.48966667 0.5625624 0.228 0.0655574
0 0.49783333 0.65108153 0.23966667 0.06888519
0 0.49616667 0.74076539 0.23633333 0.06988353
0 0.53533333 0.8266223 0.30666667 0.05923461
0 0.49616667 0.9124792 0.241 0.06788686
0 0.79133333 0.12945092 0.212 0.06655574
0 0.79933333 0.22013311 0.21066667 0.06356073
0 0.80533333 0.30282862 0.23133333 0.06322795
0 0.809 0.39351082 0.232 0.06023295
0 0.7935 0.46755408 0.21166667 0.06655574
0 0.807 0.5608985 0.21933333 0.06222962
0 0.82133333 0.64625624 0.244 0.05923461
0 0.82033333 0.73377704 0.242 0.06455907
0 0.8445 0.82063228 0.269 0.06455907
0 0.84183333 0.90815308 0.285 0.0718802
