0 0.815 0.656875 0.24 0.03125
0 0.19916667 0.6475 0.175 0.0375
0 0.81833333 0.594375 0.24666667 0.03125
0 0.495 0.591875 0.22 0.03375
0 0.195 0.58625 0.16666667 0.03
0 0.81 0.5325 0.23333333 0.0325
0 0.51166667 0.530625 0.25 0.03125
0 0.20166667 0.529375 0.18 0.03125
0 0.21916667 0.4775 0.21166667 0.04
0 0.79333333 0.474375 0.19333333 0.03875
0 0.49416667 0.47125 0.205 0.0325
0 0.20416667 0.41375 0.185 0.03
0 0.82 0.4075 0.25 0.035
0 0.19916667 0.358125 0.17833333 0.03125
0 0.51833333 0.348125 0.25666667 0.03375
0 0.80333333 0.345625 0.21666667 0.03625
0 0.20166667 0.300625 0.18 0.03125
0 0.49 0.288125 0.2 0.03375
0 0.81666667 0.28 0.23666667 0.035
0 0.20583333 0.24 0.195 0.03
0 0.4925 0.225625 0.20833333 0.03125
0 0.80916667 0.216875 0.22166667 0.03625
0 0.22083333 0.179375 0.21833333 0.03875
0 0.51083333 0.164375 0.245 0.03625
0 0.79083333 0.1525 0.18166667 0.035
0 0.205 0.125 0.19 0.0325
0 0.51833333 0.10125 0.25333333 0.035
0 0.80666667 0.09625 0.21333333 0.0525
0 0.4775 0.413125 0.17833333 0.04375
0 0.50916667 0.65125 0.245 0.0575
0 0.49583333 0.7125 0.21166667 0.0475
0 0.81666667 0.71875 0.25333333 0.05
0 0.79 0.779375 0.18333333 0.03875
0 0.80333333 0.845 0.21 0.0425
0 0.80666667 0.904375 0.22666667 0.04875
0 0.82 0.9625 0.24666667 0.05
0 0.51916667 0.7725 0.24833333 0.0525
0 0.49666667 0.83625 0.19 0.0525
0 0.48833333 0.8925 0.19 0.0525
0 0.505 0.954375 0.22333333 0.05625
0 0.21333333 0.70375 0.2 0.0375
0 0.21166667 0.76375 0.2 0.0375
0 0.20666667 0.81875 0.2 0.0375
0 0.20833333 0.8775 0.2 0.0375
0 0.23583333 0.935 0.23833333 0.0475
