0 0.21458333 0.74236111 0.07708333 0.23472222
0 0.2734375 0.74791667 0.071875 0.22361111
0 0.33489583 0.73194444 0.059375 0.25
0 0.40416667 0.73819444 0.05208333 0.24861111
0 0.46770833 0.74166667 0.05208333 0.23611111
0 0.52447917 0.74236111 0.05729167 0.23472222
0 0.58958333 0.74722222 0.06041667 0.22777778
0 0.65625 0.74930556 0.05 0.22916667
0 0.71875 0.74652778 0.05416667 0.23472222
0 0.78020833 0.74444444 0.06666667 0.23888889
0 0.78072917 0.45555556 0.06145833 0.23611111
0 0.71822917 0.45416667 0.065625 0.25555556
0 0.64739583 0.45555556 0.05729167 0.25555556
0 0.59010417 0.45208333 0.059375 0.25416667
0 0.53072917 0.45416667 0.05520833 0.26111111
0 0.46927083 0.45694444 0.06145833 0.25277778
0 0.40625 0.45625 0.05833333 0.25138889
0 0.34583333 0.45625 0.05625 0.25972222
0 0.28125 0.45416667 0.05833333 0.24444444
0 0.21875 0.45833333 0.05625 0.26388889
0 0.24895833 0.19861111 0.05416667 0.225
0 0.30260417 0.19583333 0.05104167 0.22777778
0 0.35520833 0.20625 0.05416667 0.21805556
0 0.40989583 0.20347222 0.05520833 0.20416667
0 0.471875 0.18958333 0.05416667 0.2125
0 0.53020833 0.20625 0.04583333 0.20138889
0 0.58541667 0.20208333 0.04791667 0.19305556
0 0.63489583 0.19444444 0.05104167 0.21111111
0 0.6921875 0.19583333 0.05104167 0.20833333
0 0.7546875 0.19791667 0.07395833 0.20972222
