0 0.31203704 0.25 0.14074074 0.02916667
0 0.32083333 0.28506944 0.16203704 0.02430556
0 0.32037037 0.32430556 0.15740741 0.02777778
0 0.31851852 0.35729167 0.17222222 0.02569444
0 0.32268519 0.39583333 0.1712963 0.03194444
0 0.3212963 0.43055556 0.17962963 0.02638889
0 0.31388889 0.46805556 0.1537037 0.02222222
0 0.325 0.51076389 0.18518519 0.03541667
0 0.32407407 0.546875 0.17962963 0.02847222
0 0.32037037 0.59027778 0.18703704 0.02777778
0 0.50601852 0.24895833 0.16203704 0.03958333
0 0.50509259 0.28819444 0.15648148 0.02777778
0 0.50046296 0.32256944 0.15462963 0.02430556
0 0.50694444 0.35763889 0.15277778 0.02361111
0 0.50787037 0.39409722 0.15092593 0.02847222
0 0.51296296 0.42847222 0.1537037 0.02083333
0 0.51805556 0.46597222 0.15277778 0.02638889
0 0.51759259 0.50868056 0.16481481 0.02708333
0 0.52407407 0.54479167 0.15740741 0.02430556
0 0.52685185 0.58506944 0.16296296 0.02152778
0 0.67962963 0.25347222 0.1537037 0.03194444
0 0.6875 0.29027778 0.15833333 0.02777778
0 0.69074074 0.32743056 0.15185185 0.02291667
0 0.7 0.36006944 0.16296296 0.02708333
0 0.69212963 0.39479167 0.15462963 0.02569444
0 0.70416667 0.42951389 0.1712963 0.02708333
0 0.70185185 0.47013889 0.16111111 0.02916667
0 0.70694444 0.50486111 0.16759259 0.02083333
0 0.70601852 0.54131944 0.16944444 0.03402778
0 0.71574074 0.58055556 0.16851852 0.03611111
