0 0.77916667 0.694375 0.24166667 0.03875
0 0.21083333 0.698125 0.225 0.03375
0 0.48666667 0.694375 0.22333333 0.03625
0 0.775 0.6375 0.23666667 0.0375
0 0.215 0.644375 0.23666667 0.04375
0 0.4825 0.63875 0.215 0.0375
0 0.20583333 0.5825 0.22833333 0.0375
0 0.775 0.578125 0.23666667 0.03875
0 0.4875 0.583125 0.23166667 0.04375
0 0.48833333 0.5275 0.23666667 0.035
0 0.20583333 0.53125 0.23166667 0.04
0 0.77916667 0.524375 0.25166667 0.03875
0 0.20666667 0.470625 0.24 0.03875
0 0.48166667 0.46625 0.22666667 0.0425
0 0.77 0.463125 0.24 0.03625
0 0.2 0.4175 0.22666667 0.035
0 0.48 0.41 0.23333333 0.0375
0 0.77416667 0.4 0.24833333 0.04
0 0.20166667 0.364375 0.24 0.04125
0 0.4325 0.354375 0.145 0.03125
0 0.77333333 0.34 0.25 0.04
0 0.20166667 0.306875 0.24333333 0.03625
0 0.47583333 0.2975 0.23833333 0.0425
0 0.76833333 0.285 0.24 0.035
0 0.195 0.244375 0.23666667 0.04125
0 0.47 0.235625 0.23 0.03875
0 0.76583333 0.22875 0.235 0.04
0 0.19166667 0.194375 0.23 0.03625
0 0.47 0.18 0.23333333 0.0375
0 0.7575 0.165625 0.225 0.03625
