0 0.15166667 0.885625 0.3 0.24875
0 0.79333333 0.71125 0.3 0.0425
0 0.48666667 0.70625 0.3 0.0425
0 0.2 0.699375 0.3 0.04125
0 0.79166667 0.64875 0.3 0.0425
0 0.48833333 0.644375 0.3 0.04125
0 0.20166667 0.640625 0.3 0.04125
0 0.79333333 0.58625 0.3 0.0425
0 0.48833333 0.583125 0.3 0.04125
0 0.20166667 0.580625 0.3 0.04125
0 0.79333333 0.523125 0.3 0.04125
0 0.49 0.523125 0.3 0.04125
0 0.19833333 0.521875 0.3 0.04125
0 0.20166667 0.461875 0.3 0.04125
0 0.79333333 0.460625 0.3 0.04125
0 0.48833333 0.46125 0.3 0.0425
0 0.2 0.401875 0.3 0.04125
0 0.49 0.4 0.3 0.0425
0 0.795 0.3975 0.3 0.0425
0 0.2 0.341875 0.3 0.04125
0 0.49 0.3375 0.3 0.0425
0 0.79333333 0.335 0.3 0.0425
0 0.48833333 0.275625 0.3 0.04125
0 0.19666667 0.281875 0.3 0.04875
0 0.795 0.2725 0.3 0.0425
0 0.2 0.2225 0.3 0.04
0 0.48833333 0.215625 0.3 0.04125
0 0.795 0.21 0.3 0.0425
0 0.20333333 0.164375 0.3 0.04125
0 0.79333333 0.14625 0.3 0.0425
0 0.49 0.15125 0.3 0.05
