0 0.20333333 0.6475 0.23666667 0.04
0 0.50583333 0.63875 0.24166667 0.05
0 0.8125 0.644375 0.245 0.03875
0 0.2 0.586875 0.22333333 0.04125
0 0.495 0.580625 0.22333333 0.04125
0 0.82666667 0.58375 0.27666667 0.0325
0 0.20166667 0.5225 0.24 0.0425
0 0.49666667 0.520625 0.23 0.03625
0 0.79416667 0.516875 0.215 0.03875
0 0.19666667 0.4625 0.23666667 0.04
0 0.8025 0.450625 0.24166667 0.04125
0 0.50333333 0.45625 0.24666667 0.045
0 0.505 0.401875 0.25666667 0.03625
0 0.20583333 0.404375 0.25833333 0.04125
0 0.8125 0.39125 0.25833333 0.0425
0 0.20583333 0.344375 0.26166667 0.04375
0 0.5075 0.3325 0.25833333 0.04
0 0.79666667 0.325 0.23 0.035
0 0.18416667 0.278125 0.225 0.04125
0 0.4975 0.268125 0.245 0.04375
0 0.8025 0.26 0.245 0.0625
0 0.20083333 0.219375 0.255 0.04375
0 0.8075 0.193125 0.26166667 0.04375
0 0.49583333 0.2075 0.25166667 0.0425
0 0.19833333 0.16375 0.25333333 0.04
0 0.49583333 0.14375 0.25166667 0.0425
0 0.805 0.13375 0.25666667 0.04
0 0.19 0.091875 0.24333333 0.04625
0 0.49666667 0.083125 0.26 0.04375
0 0.7975 0.07375 0.24833333 0.045
