0 0.19 0.76125 0.3 0.045
0 0.84916667 0.745625 0.255 0.05125
0 0.19916667 0.681875 0.315 0.05875
0 0.53666667 0.685625 0.3 0.05875
0 0.84333333 0.666875 0.25666667 0.05375
0 0.19333333 0.62 0.3 0.045
0 0.53666667 0.613125 0.3 0.04625
0 0.84 0.604375 0.25333333 0.03875
0 0.53333333 0.544375 0.3 0.04375
0 0.19333333 0.546875 0.3 0.05375
0 0.84333333 0.54125 0.26333333 0.045
0 0.19833333 0.48375 0.3 0.0525
0 0.53166667 0.476875 0.3 0.04375
0 0.83833333 0.478125 0.26333333 0.05125
0 0.19833333 0.41375 0.3 0.0425
0 0.8425 0.4125 0.27833333 0.0525
0 0.195 0.346875 0.3 0.04375
0 0.84583333 0.346875 0.29166667 0.04875
0 0.53166667 0.343125 0.3 0.04375
0 0.20333333 0.286875 0.3 0.05125
0 0.8425 0.28125 0.28833333 0.0425
0 0.52833333 0.283125 0.3 0.04875
0 0.84666667 0.218125 0.3 0.04125
0 0.19666667 0.2175 0.3 0.0425
0 0.52833333 0.215 0.3 0.0425
0 0.84333333 0.155625 0.3 0.04125
0 0.52833333 0.153125 0.3 0.04125
0 0.19833333 0.151875 0.3 0.04375
0 0.53583333 0.40875 0.28833333 0.0475
0 0.54916667 0.746875 0.31166667 0.04875
