0 0.1662037 0.04479167 0.23611111 0.04097222
0 0.16157407 0.096875 0.22685185 0.04513889
0 0.1712963 0.15729167 0.24259259 0.04791667
0 0.1587963 0.21805556 0.23611111 0.04305556
0 0.1537037 0.28090278 0.24074074 0.04375
0 0.14722222 0.340625 0.22777778 0.03958333
0 0.15185185 0.40729167 0.23518519 0.02986111
0 0.1587963 0.47152778 0.23240741 0.03472222
0 0.15833333 0.53888889 0.23888889 0.04166667
0 0.1625 0.603125 0.26203704 0.03541667
0 0.16574074 0.66736111 0.27037037 0.03888889
0 0.16296296 0.73506944 0.27592593 0.04236111
0 0.16481481 0.79861111 0.28333333 0.04583333
0 0.17314815 0.86875 0.28888889 0.03888889
0 0.19212963 0.93541667 0.33240741 0.04583333
0 0.47916667 0.04340278 0.23240741 0.04375
0 0.47731481 0.10520833 0.20462963 0.04652778
0 0.48194444 0.16493056 0.23240741 0.04930556
0 0.47407407 0.22013889 0.21481481 0.0375
0 0.48009259 0.28263889 0.23611111 0.03888889
0 0.47592593 0.34618056 0.24444444 0.03680556
0 0.50277778 0.40763889 0.27407407 0.04444444
0 0.48935185 0.47048611 0.25092593 0.04236111
0 0.50231481 0.53506944 0.28611111 0.03541667
0 0.50740741 0.60104167 0.29259259 0.04097222
0 0.51064815 0.66493056 0.29537037 0.03402778
0 0.48611111 0.73368056 0.23888889 0.03958333
0 0.51388889 0.790625 0.30185185 0.05208333
0 0.48194444 0.86006944 0.24722222 0.05347222
0 0.50740741 0.925 0.29074074 0.04583333
0 0.79907407 0.05798611 0.25185185 0.04375
0 0.7875 0.11805556 0.21388889 0.05
0 0.78657407 0.17222222 0.21944444 0.04166667
0 0.80509259 0.23020833 0.26574074 0.03680556
0 0.81712963 0.28819444 0.2712963 0.03611111
0 0.81898148 0.34861111 0.275 0.03472222
0 0.81666667 0.41041667 0.27222222 0.0375
0 0.78148148 0.47430556 0.2037037 0.04166667
0 0.77731481 0.53645833 0.20462963 0.03680556
0 0.81203704 0.6 0.28518519 0.03888889
0 0.82546296 0.66180556 0.28796296 0.03888889
0 0.83564815 0.72569444 0.30833333 0.03611111
0 0.83472222 0.78993056 0.29166667 0.03819444
0 0.83703704 0.85520833 0.30925926 0.04097222
0 0.82407407 0.91875 0.28148148 0.04027778
