0 0.18220109 0.35743343 0.15788043 0.02921598
0 0.1888587 0.40181213 0.1673913 0.02551775
0 0.18627717 0.44230769 0.15788043 0.02847633
0 0.18627717 0.4793824 0.17038043 0.03272929
0 0.18777174 0.52024778 0.17771739 0.04197485
0 0.1857337 0.56823225 0.16494565 0.03994083
0 0.18220109 0.60706361 0.19755435 0.0262574
0 0.17527174 0.6504253 0.19456522 0.03494822
0 0.18519022 0.70016642 0.20788043 0.03051036
0 0.18736413 0.74648669 0.22255435 0.04622781
0 0.40638587 0.35558432 0.16929348 0.03402367
0 0.41467391 0.39432322 0.17771739 0.03051036
0 0.42445652 0.43380178 0.20380435 0.03550296
0 0.41725543 0.47577663 0.19538043 0.02847633
0 0.41875 0.51876849 0.20271739 0.03198964
0 0.43396739 0.56434911 0.21195652 0.02921598
0 0.42608696 0.6102071 0.2173913 0.03254438
0 0.42717391 0.65578772 0.21521739 0.03272929
0 0.4298913 0.69767012 0.21847826 0.03550296
0 0.4267663 0.74889053 0.24972826 0.03994083
0 0.63994565 0.35456731 0.19130435 0.04197485
0 0.64660326 0.3964497 0.20896739 0.02921598
0 0.6451087 0.43491124 0.19728261 0.03069527
0 0.65149457 0.48076923 0.19755435 0.03402367
0 0.65502717 0.51987796 0.20679348 0.03420858
0 0.66127717 0.56721524 0.2111413 0.03901627
0 0.66345109 0.60734098 0.2236413 0.03568787
0 0.66127717 0.65643491 0.22581522 0.02847633
0 0.68016304 0.69803994 0.2423913 0.04622781
0 0.68179348 0.75 0.24565217 0.03772189
