0 0.48833333 0.64875 0.21 0.035
0 0.76 0.64375 0.19 0.035
0 0.48583333 0.593125 0.20833333 0.03125
0 0.75583333 0.59 0.18166667 0.03
0 0.75416667 0.535625 0.18166667 0.03125
0 0.77 0.485 0.21 0.035
0 0.76166667 0.3225 0.20666667 0.03
0 0.475 0.27 0.2 0.0325
0 0.20083333 0.26125 0.245 0.04
0 0.18583333 0.203125 0.21833333 0.03625
0 0.75 0.1625 0.19333333 0.03
0 0.18833333 0.145 0.22333333 0.04
0 0.47416667 0.15625 0.24166667 0.065
0 0.7575 0.21125 0.20833333 0.04
0 0.7725 0.269375 0.22833333 0.04125
0 0.48583333 0.219375 0.24166667 0.05125
0 0.18583333 0.323125 0.225 0.04625
0 0.18416667 0.384375 0.22166667 0.04875
0 0.48333333 0.325 0.25 0.0525
0 0.47833333 0.375625 0.22 0.03875
0 0.75833333 0.3775 0.21333333 0.0525
0 0.7625 0.426875 0.20833333 0.04375
0 0.4825 0.435 0.21833333 0.0525
0 0.185 0.430625 0.22 0.04125
0 0.2025 0.485625 0.24833333 0.05125
0 0.49 0.49125 0.21666667 0.045
0 0.21333333 0.544375 0.29 0.04125
0 0.48833333 0.54375 0.22 0.04
0 0.19916667 0.60125 0.225 0.055
0 0.19833333 0.661875 0.24 0.05375
