0 0.78 0.75 0.17666667 0.0325
0 0.53416667 0.68875 0.24166667 0.035
0 0.25583333 0.69 0.23833333 0.04
0 0.80416667 0.639375 0.22166667 0.03375
0 0.5375 0.636875 0.24833333 0.03375
0 0.23583333 0.634375 0.19833333 0.03375
0 0.79583333 0.58375 0.205 0.0325
0 0.51333333 0.581875 0.19 0.03125
0 0.24833333 0.578125 0.22 0.02875
0 0.79083333 0.5275 0.195 0.035
0 0.5075 0.526875 0.18166667 0.02875
0 0.25 0.5275 0.21 0.0325
0 0.79333333 0.47625 0.2 0.03
0 0.50666667 0.475625 0.17666667 0.03125
0 0.23666667 0.4725 0.18666667 0.03
0 0.79583333 0.4225 0.205 0.03
0 0.50833333 0.423125 0.18 0.03125
0 0.235 0.416875 0.18333333 0.03375
0 0.53583333 0.36875 0.22833333 0.0275
0 0.78666667 0.36875 0.18 0.03
0 0.2575 0.364375 0.225 0.03375
0 0.79916667 0.316875 0.205 0.03125
0 0.5275 0.315 0.20833333 0.03
0 0.24083333 0.31125 0.18833333 0.0325
0 0.51833333 0.261875 0.19666667 0.03125
0 0.80083333 0.260625 0.205 0.03125
0 0.22083333 0.26 0.14833333 0.03
0 0.5125 0.210625 0.17833333 0.03125
0 0.79 0.208125 0.18 0.02875
0 0.25416667 0.205 0.21833333 0.03
0 0.79083333 0.155625 0.17833333 0.02875
0 0.53916667 0.155625 0.22833333 0.03375
0 0.23833333 0.155 0.18 0.035
0 0.78333333 0.6975 0.17333333 0.0425
0 0.2225 0.7475 0.17833333 0.05
0 0.23416667 0.801875 0.21833333 0.04875
0 0.225 0.856875 0.18333333 0.03875
0 0.22833333 0.910625 0.2 0.04625
0 0.5325 0.751875 0.23833333 0.05375
0 0.51083333 0.803125 0.195 0.03375
0 0.515 0.86125 0.2 0.0425
0 0.50666667 0.916875 0.2 0.04875
0 0.81083333 0.8125 0.22833333 0.045
0 0.81 0.868125 0.23 0.04375
0 0.8025 0.92375 0.21166667 0.035
