0 0.20666667 0.7025 0.3 0.045
0 0.54333333 0.694375 0.3 0.04375
0 0.8475 0.6825 0.25833333 0.05
0 0.205 0.634375 0.3 0.04375
0 0.54 0.628125 0.3 0.04375
0 0.84666667 0.6225 0.26666667 0.0525
0 0.205 0.565625 0.3 0.04375
0 0.53833333 0.5625 0.3 0.0425
0 0.83666667 0.55375 0.25 0.0475
0 0.20666667 0.499375 0.3 0.04375
0 0.54166667 0.495625 0.3 0.04375
0 0.84166667 0.493125 0.26 0.04125
0 0.20333333 0.43125 0.3 0.0425
0 0.54 0.43 0.3 0.0425
0 0.84 0.43375 0.25666667 0.0525
0 0.84083333 0.36875 0.255 0.0475
0 0.53833333 0.36375 0.3 0.0425
0 0.20333333 0.364375 0.3 0.04375
0 0.84416667 0.303125 0.27166667 0.04375
0 0.53666667 0.29875 0.3 0.0425
0 0.20666667 0.298125 0.3 0.04375
0 0.84333333 0.2425 0.27333333 0.0475
0 0.2075 0.225625 0.305 0.05625
0 0.8375 0.176875 0.26166667 0.04125
0 0.535 0.169375 0.3 0.04375
0 0.83666667 0.114375 0.26333333 0.04375
0 0.53333333 0.10625 0.3 0.0425
0 0.205 0.1025 0.3 0.0425
0 0.17 0.16375 0.24 0.045
0 0.50083333 0.23125 0.225 0.055
