0 0.18833333 0.926875 0.26 0.02875
0 0.76333333 0.8725 0.23666667 0.03
0 0.45833333 0.87125 0.20666667 0.03
0 0.17666667 0.87 0.23 0.03
0 0.775 0.81625 0.25333333 0.0325
0 0.47083333 0.81375 0.23166667 0.03
0 0.18333333 0.81375 0.24666667 0.0325
0 0.45833333 0.756875 0.2 0.03125
0 0.165 0.75625 0.20333333 0.0325
0 0.7625 0.700625 0.23166667 0.03125
0 0.47916667 0.69875 0.24833333 0.03
0 0.1825 0.6975 0.24166667 0.03
0 0.76416667 0.6425 0.235 0.03
0 0.47833333 0.64125 0.23666667 0.03
0 0.17083333 0.64125 0.22166667 0.0325
0 0.735 0.585625 0.17666667 0.02875
0 0.47583333 0.584375 0.235 0.02875
0 0.165 0.58375 0.20333333 0.0325
0 0.74416667 0.52875 0.195 0.03
0 0.46416667 0.52625 0.21166667 0.03
0 0.15916667 0.525 0.19166667 0.03
0 0.76666667 0.471875 0.23333333 0.02875
0 0.47083333 0.47 0.225 0.03
0 0.16416667 0.4675 0.19833333 0.03
0 0.77083333 0.414375 0.23833333 0.03125
0 0.45416667 0.4125 0.19166667 0.03
0 0.1625 0.41 0.19833333 0.03
0 0.76416667 0.3575 0.22166667 0.03
0 0.45666667 0.355 0.19333333 0.03
0 0.16416667 0.355 0.20166667 0.03
0 0.75083333 0.299375 0.235 0.02875
0 0.45666667 0.298125 0.18333333 0.02875
0 0.16666667 0.296875 0.20333333 0.03125
0 0.7525 0.243125 0.205 0.03375
0 0.46166667 0.24375 0.22666667 0.035
0 0.16416667 0.238125 0.20166667 0.02875
0 0.73833333 0.185625 0.21666667 0.03375
0 0.46083333 0.1825 0.19166667 0.03
0 0.16333333 0.180625 0.2 0.03125
0 0.74833333 0.126875 0.24 0.03125
0 0.46666667 0.125 0.20666667 0.03
0 0.16583333 0.12375 0.20166667 0.0325
0 0.47 0.930625 0.23333333 0.03375
0 0.76666667 0.931875 0.24 0.03125
