0 0.19333333 0.719375 0.3 0.04375
0 0.525 0.7125 0.3 0.045
0 0.83833333 0.708125 0.3 0.04375
0 0.19166667 0.654375 0.3 0.04375
0 0.52333333 0.649375 0.3 0.04375
0 0.83666667 0.64375 0.3 0.0425
0 0.19 0.589375 0.3 0.04375
0 0.525 0.585625 0.3 0.04375
0 0.835 0.58125 0.3 0.0425
0 0.19166667 0.524375 0.3 0.04375
0 0.525 0.525625 0.3 0.05125
0 0.83666667 0.52 0.3 0.0425
0 0.83666667 0.4575 0.3 0.0425
0 0.52666667 0.458125 0.3 0.04375
0 0.19333333 0.455625 0.3 0.04375
0 0.835 0.395 0.3 0.0425
0 0.525 0.3925 0.3 0.0425
0 0.195 0.390625 0.3 0.04375
0 0.83666667 0.333125 0.3 0.04125
0 0.52166667 0.3275 0.3 0.0425
0 0.19666667 0.324375 0.3 0.04375
0 0.835 0.27125 0.3 0.0425
0 0.52166667 0.26375 0.3 0.0425
0 0.19666667 0.2575 0.3 0.045
0 0.83666667 0.20875 0.3 0.0425
0 0.52333333 0.2 0.3 0.0425
0 0.19833333 0.1925 0.3 0.045
0 0.83333333 0.14625 0.3 0.0425
0 0.52166667 0.135625 0.3 0.04375
0 0.2 0.128125 0.3 0.04375
