0 0.18583333 0.683125 0.23166667 0.05625
0 0.1725 0.613125 0.205 0.04875
0 0.18166667 0.555 0.22666667 0.0475
0 0.16083333 0.498125 0.18833333 0.04125
0 0.16166667 0.44 0.19 0.0425
0 0.47333333 0.37125 0.21666667 0.05
0 0.1725 0.3675 0.215 0.0575
0 0.17583333 0.30875 0.22166667 0.0475
0 0.47 0.255 0.21333333 0.04
0 0.175 0.253125 0.22 0.04625
0 0.77333333 0.213125 0.22333333 0.04375
0 0.47333333 0.19625 0.21666667 0.05
0 0.16833333 0.191875 0.21 0.04625
0 0.77416667 0.15375 0.225 0.04
0 0.1775 0.13 0.23833333 0.0475
0 0.46833333 0.138125 0.21666667 0.05125
0 0.47416667 0.323125 0.21833333 0.04875
0 0.475 0.4325 0.21666667 0.0475
0 0.465 0.48875 0.21666667 0.0475
0 0.46333333 0.55 0.21666667 0.0475
0 0.475 0.61375 0.21666667 0.0475
0 0.46833333 0.67 0.21666667 0.0475
0 0.765 0.270625 0.22333333 0.04375
0 0.77 0.326875 0.22333333 0.04375
0 0.76333333 0.379375 0.22333333 0.04375
0 0.75666667 0.436875 0.22333333 0.04375
0 0.77 0.495 0.23 0.0475
0 0.76 0.5475 0.23 0.0475
0 0.755 0.6 0.23 0.0475
0 0.75666667 0.65875 0.23 0.0475
