0 0.74583333 0.85625 0.22833333 0.04
0 0.845 0.58375 0.28666667 0.035
0 0.14666667 0.58 0.27666667 0.04
0 0.495 0.5775 0.28 0.0425
0 0.83916667 0.529375 0.28833333 0.03125
0 0.48583333 0.53125 0.25833333 0.035
0 0.15416667 0.52875 0.28166667 0.0375
0 0.83833333 0.4825 0.29 0.04
0 0.15666667 0.480625 0.28 0.03875
0 0.49666667 0.479375 0.27666667 0.04125
0 0.4875 0.430625 0.25833333 0.03625
0 0.15833333 0.42875 0.27333333 0.0375
0 0.82666667 0.428125 0.26 0.03875
0 0.82083333 0.375 0.26166667 0.0425
0 0.49583333 0.37875 0.27166667 0.035
0 0.15833333 0.37875 0.26666667 0.0375
0 0.5 0.326875 0.28 0.03375
0 0.82333333 0.331875 0.27 0.03125
0 0.15833333 0.328125 0.26333333 0.03875
0 0.49833333 0.28 0.27333333 0.0325
0 0.16583333 0.28 0.26833333 0.03
0 0.815 0.236875 0.25666667 0.03125
0 0.49416667 0.2325 0.26166667 0.0325
0 0.1675 0.231875 0.26166667 0.03125
0 0.49416667 0.18625 0.26166667 0.0325
0 0.17666667 0.183125 0.27666667 0.03375
0 0.8075 0.148125 0.25166667 0.02625
0 0.50083333 0.143125 0.26833333 0.02625
0 0.18666667 0.1375 0.29 0.03
0 0.79 0.18875 0.22 0.0375
0 0.8075 0.2825 0.235 0.0425
