0 0.27604167 0.74513889 0.07083333 0.22638889
0 0.34010417 0.74166667 0.06145833 0.225
0 0.396875 0.74652778 0.06458333 0.22083333
0 0.46302083 0.75694444 0.06354167 0.23055556
0 0.52604167 0.75416667 0.06041667 0.21944444
0 0.58385417 0.75694444 0.05520833 0.23333333
0 0.64895833 0.75208333 0.0625 0.25138889
0 0.7109375 0.75347222 0.05104167 0.23472222
0 0.775 0.75208333 0.03958333 0.25972222
0 0.83541667 0.75347222 0.04791667 0.22916667
0 0.83229167 0.46527778 0.07291667 0.25833333
0 0.778125 0.47430556 0.06041667 0.24861111
0 0.71145833 0.45 0.075 0.26388889
0 0.6515625 0.46041667 0.05520833 0.2375
0 0.5921875 0.46388889 0.04895833 0.25277778
0 0.528125 0.46319444 0.0625 0.25416667
0 0.46770833 0.45416667 0.05208333 0.25
0 0.39947917 0.45625 0.065625 0.25416667
0 0.34166667 0.45347222 0.05833333 0.25416667
0 0.27760417 0.45486111 0.04895833 0.26527778
0 0.29427083 0.18055556 0.053125 0.21944444
0 0.35364583 0.18888889 0.05520833 0.24722222
0 0.41302083 0.18541667 0.04479167 0.23194444
0 0.47291667 0.19722222 0.05625 0.20833333
0 0.521875 0.20069444 0.05416667 0.21527778
0 0.58541667 0.19583333 0.05208333 0.20833333
0 0.63802083 0.20347222 0.046875 0.21527778
0 0.69479167 0.19930556 0.06041667 0.20694444
0 0.81197917 0.20486111 0.06770833 0.22638889
0 0.7546875 0.19444444 0.059375 0.23333333
