0 0.18 0.706875 0.3 0.04375
0 0.50666667 0.698125 0.3 0.04375
0 0.83 0.688125 0.3 0.04375
0 0.18 0.638125 0.3 0.04375
0 0.50666667 0.633125 0.3 0.05125
0 0.82666667 0.6225 0.3 0.0425
0 0.18166667 0.570625 0.3 0.04375
0 0.505 0.569375 0.3 0.05375
0 0.82333333 0.5575 0.3 0.0425
0 0.18166667 0.50375 0.3 0.0425
0 0.505 0.496875 0.3 0.04375
0 0.82 0.494375 0.3 0.04125
0 0.18333333 0.4375 0.3 0.0425
0 0.50166667 0.43375 0.3 0.05
0 0.81666667 0.431875 0.3 0.04125
0 0.185 0.37375 0.3 0.0425
0 0.81166667 0.371875 0.3 0.04625
0 0.505 0.36875 0.3 0.0425
0 0.81 0.309375 0.3 0.04125
0 0.18833333 0.308125 0.3 0.04375
0 0.5 0.305625 0.3 0.04125
0 0.805 0.248125 0.3 0.04125
0 0.19 0.249375 0.3 0.04125
0 0.5 0.246875 0.3 0.04875
0 0.80333333 0.19125 0.3 0.045
0 0.49833333 0.183125 0.3 0.04125
0 0.19166667 0.18125 0.3 0.05
0 0.49666667 0.123125 0.3 0.04125
0 0.19333333 0.125625 0.3 0.04875
0 0.775 0.129375 0.23333333 0.04625
