0 0.1625 0.93125 0.17166667 0.0325
0 0.47833333 0.93 0.20666667 0.03
0 0.77333333 0.870625 0.21666667 0.02875
0 0.47416667 0.87125 0.195 0.03
0 0.175 0.871875 0.19333333 0.03125
0 0.175 0.815 0.19333333 0.03
0 0.7675 0.81375 0.205 0.03
0 0.45916667 0.81375 0.17166667 0.03
0 0.74666667 0.756875 0.20333333 0.02875
0 0.155 0.760625 0.14666667 0.03375
0 0.4625 0.756875 0.17166667 0.02875
0 0.45 0.70125 0.14333333 0.0325
0 0.2 0.700625 0.23666667 0.02875
0 0.74833333 0.7025 0.16333333 0.035
0 0.76416667 0.644375 0.195 0.02875
0 0.46666667 0.643125 0.18333333 0.03125
0 0.19333333 0.644375 0.23 0.03375
0 0.76916667 0.58625 0.20833333 0.03
0 0.46583333 0.586875 0.17166667 0.02875
0 0.175 0.5875 0.18666667 0.03
0 0.7575 0.530625 0.18166667 0.03375
0 0.4775 0.530625 0.19833333 0.02875
0 0.16583333 0.530625 0.16833333 0.02875
0 0.76416667 0.475 0.19833333 0.0325
0 0.4775 0.4725 0.205 0.03
0 0.19666667 0.4725 0.23333333 0.03
0 0.77166667 0.41625 0.21333333 0.03
0 0.47333333 0.416875 0.19333333 0.02875
0 0.1675 0.416875 0.16833333 0.03125
0 0.76333333 0.360625 0.19 0.02875
0 0.47583333 0.359375 0.19833333 0.02875
0 0.18333333 0.358125 0.2 0.02875
0 0.75166667 0.303125 0.17 0.02875
0 0.46166667 0.3025 0.17333333 0.03
0 0.17666667 0.30125 0.19333333 0.03
0 0.77666667 0.245 0.21666667 0.03
0 0.47416667 0.245 0.19833333 0.03
0 0.1725 0.245 0.185 0.03
0 0.78416667 0.189375 0.235 0.03125
0 0.48 0.19 0.20333333 0.0325
0 0.165 0.188125 0.17 0.03125
0 0.7775 0.13125 0.255 0.0325
0 0.47 0.130625 0.19 0.03125
0 0.17583333 0.13125 0.19833333 0.0325
0 0.7675 0.930625 0.215 0.03625
