0 0.17883333 0.045625 0.20566667 0.04775
0 0.48333333 0.04725 0.24066667 0.06
0 0.80416667 0.064625 0.23633333 0.04675
0 0.176 0.10375 0.21466667 0.038
0 0.48833333 0.108125 0.23066667 0.04875
0 0.79983333 0.12225 0.22166667 0.0465
0 0.16883333 0.164625 0.197 0.04475
0 0.48466667 0.165125 0.23466667 0.04775
0 0.80416667 0.179875 0.22766667 0.05325
0 0.176 0.221625 0.21733333 0.04775
0 0.473 0.223875 0.20866667 0.04575
0 0.79116667 0.239625 0.21033333 0.04675
0 0.1585 0.2815 0.20566667 0.0455
0 0.48033333 0.282625 0.22866667 0.05225
0 0.79183333 0.295625 0.203 0.04125
0 0.16233333 0.343 0.216 0.038
0 0.46883333 0.348375 0.21166667 0.04675
0 0.80566667 0.357 0.236 0.0425
0 0.15133333 0.4075 0.18866667 0.0435
0 0.468 0.409125 0.216 0.04675
0 0.79983333 0.415125 0.23033333 0.04125
0 0.13683333 0.469 0.18566667 0.0445
0 0.47366667 0.477125 0.23333333 0.05225
0 0.82166667 0.4805 0.26533333 0.0565
0 0.142 0.5325 0.19866667 0.0435
0 0.47016667 0.5385 0.22633333 0.049
0 0.80783333 0.545625 0.24033333 0.04125
0 0.14916667 0.59775 0.21033333 0.0545
0 0.46733333 0.606 0.232 0.049
0 0.8 0.608625 0.22466667 0.03925
0 0.15866667 0.664 0.24933333 0.05
0 0.44983333 0.665125 0.20566667 0.04575
0 0.80566667 0.667875 0.248 0.04025
0 0.13683333 0.72775 0.203 0.049
0 0.47383333 0.73375 0.245 0.05
0 0.79183333 0.73475 0.22033333 0.048
0 0.13983333 0.792875 0.21166667 0.05325
0 0.46516667 0.802625 0.22766667 0.04025
0 0.81016667 0.79675 0.25366667 0.0435
0 0.12666667 0.857125 0.19133333 0.05325
0 0.4565 0.86725 0.23033333 0.05
0 0.8065 0.86025 0.25233333 0.049
0 0.14133333 0.923875 0.21733333 0.05425
0 0.4615 0.931 0.24366667 0.038
0 0.79183333 0.9245 0.229 0.0445
