0 0.27567935 0.27450074 0.17309783 0.05787722
0 0.28315217 0.32211538 0.19076087 0.0477071
0 0.2625 0.36168639 0.18423913 0.04659763
0 0.26046196 0.40588018 0.18179348 0.03846154
0 0.26086957 0.45488166 0.1826087 0.05029586
0 0.25855978 0.49935281 0.18722826 0.04789201
0 0.246875 0.54345414 0.20298913 0.04363905
0 0.23858696 0.59180843 0.19565217 0.04049556
0 0.24157609 0.64136464 0.24836957 0.04197485
0 0.23410326 0.69138314 0.26168478 0.04363905
0 0.51263587 0.3075074 0.15461957 0.04215976
0 0.50883152 0.34966716 0.16548913 0.0410503
0 0.49673913 0.39016272 0.16847826 0.03402367
0 0.50203804 0.43001109 0.19266304 0.03753698
0 0.48967391 0.47420488 0.1826087 0.03346893
0 0.4892663 0.51858358 0.18505435 0.02977071
0 0.50964674 0.55889423 0.22418478 0.03864645
0 0.5013587 0.60031435 0.20923913 0.04308432
0 0.4986413 0.64950074 0.21141304 0.04419379
0 0.49442935 0.70275518 0.22418478 0.05085059
0 0.72214674 0.33570636 0.14809783 0.04308432
0 0.71983696 0.3716716 0.1375 0.03698225
0 0.71956522 0.41050296 0.15326087 0.03846154
0 0.72065217 0.45081361 0.14782609 0.0410503
0 0.71902174 0.49167899 0.16304348 0.03846154
0 0.71834239 0.53430104 0.16929348 0.04160503
0 0.71766304 0.57867973 0.16304348 0.04308432
0 0.72255435 0.62518491 0.1923913 0.04068047
0 0.72744565 0.67011834 0.1826087 0.04511834
0 0.72513587 0.71301775 0.17961957 0.04474852
