0 0.76666667 0.659375 0.24666667 0.03625
0 0.20833333 0.66 0.22666667 0.0475
0 0.49333333 0.659375 0.27 0.04375
0 0.76083333 0.60125 0.235 0.0325
0 0.485 0.6025 0.25 0.0425
0 0.2125 0.595625 0.22833333 0.03875
0 0.76666667 0.5475 0.24666667 0.0425
0 0.49 0.54125 0.25666667 0.0325
0 0.2125 0.538125 0.23166667 0.04125
0 0.765 0.49 0.24333333 0.04
0 0.47583333 0.483125 0.24166667 0.03625
0 0.2175 0.479375 0.235 0.04125
0 0.76666667 0.435625 0.24 0.03875
0 0.48333333 0.43 0.23666667 0.0425
0 0.22083333 0.423125 0.23833333 0.04625
0 0.77083333 0.37875 0.25166667 0.0425
0 0.49083333 0.374375 0.245 0.04125
0 0.21583333 0.3675 0.21833333 0.0375
0 0.75916667 0.32625 0.22833333 0.04
0 0.49583333 0.3125 0.255 0.035
0 0.22083333 0.30625 0.22833333 0.04
0 0.75666667 0.27 0.22333333 0.035
0 0.48833333 0.2575 0.23666667 0.0375
0 0.22416667 0.25125 0.23166667 0.0375
0 0.17666667 0.198125 0.13333333 0.03375
0 0.49 0.200625 0.23666667 0.03875
0 0.21916667 0.1425 0.215 0.0375
0 0.49166667 0.146875 0.23666667 0.04125
0 0.7625 0.1675 0.225 0.0475
0 0.76666667 0.21875 0.23 0.0375
