0 0.17166667 0.891875 0.25 0.03625
0 0.50583333 0.886875 0.26833333 0.03625
0 0.80833333 0.875625 0.23666667 0.03125
0 0.15833333 0.834375 0.21666667 0.03625
0 0.4875 0.82875 0.23166667 0.035
0 0.80166667 0.82 0.22666667 0.03
0 0.14333333 0.775 0.18666667 0.0325
0 0.48416667 0.768125 0.225 0.02875
0 0.79916667 0.763125 0.22166667 0.02875
0 0.1825 0.716875 0.25833333 0.03375
0 0.465 0.709375 0.18 0.03125
0 0.79833333 0.7075 0.22333333 0.03
0 0.165 0.6575 0.21666667 0.0325
0 0.46833333 0.65625 0.18333333 0.03
0 0.79666667 0.651875 0.21666667 0.02875
0 0.5 0.598125 0.24666667 0.03125
0 0.175 0.6025 0.23 0.0375
0 0.78166667 0.596875 0.19333333 0.03375
0 0.78916667 0.545 0.20833333 0.0275
0 0.495 0.545 0.22333333 0.03
0 0.17833333 0.544375 0.22666667 0.03125
0 0.77916667 0.493125 0.185 0.02875
0 0.48166667 0.490625 0.20333333 0.02875
0 0.175 0.490625 0.21333333 0.03125
0 0.78333333 0.44125 0.20333333 0.03
0 0.48166667 0.4375 0.20333333 0.03
0 0.1525 0.4375 0.165 0.0325
0 0.77166667 0.388125 0.18333333 0.02875
0 0.47583333 0.385 0.18833333 0.03
0 0.17916667 0.381875 0.20833333 0.03125
0 0.78 0.33875 0.2 0.03
0 0.49583333 0.331875 0.22833333 0.03125
0 0.21916667 0.329375 0.28833333 0.03125
0 0.76833333 0.290625 0.18 0.03375
0 0.475 0.28 0.18666667 0.0275
0 0.17166667 0.27625 0.18666667 0.03
0 0.77416667 0.23625 0.195 0.0275
0 0.48583333 0.231875 0.20833333 0.03125
0 0.78 0.189375 0.20333333 0.03125
0 0.49 0.18 0.21333333 0.0275
0 0.18083333 0.17625 0.19166667 0.03
0 0.77916667 0.141875 0.20833333 0.03125
0 0.48833333 0.129375 0.21 0.03125
0 0.19666667 0.125 0.22 0.0325
0 0.18 0.225625 0.19666667 0.03625
