0 0.78833333 0.645 0.29 0.035
0 0.47 0.643125 0.22333333 0.04125
0 0.1775 0.635625 0.18166667 0.03625
0 0.78333333 0.580625 0.27666667 0.03125
0 0.20583333 0.574375 0.23166667 0.03125
0 0.4725 0.579375 0.22166667 0.04125
0 0.78083333 0.52375 0.27166667 0.0425
0 0.45916667 0.5175 0.25166667 0.0325
0 0.19 0.51625 0.2 0.0325
0 0.20833333 0.455 0.23333333 0.035
0 0.47833333 0.454375 0.23666667 0.03875
0 0.19 0.4 0.20333333 0.0325
0 0.48416667 0.39875 0.24166667 0.0375
0 0.20416667 0.340625 0.22833333 0.03125
0 0.45083333 0.33875 0.17833333 0.035
0 0.76583333 0.329375 0.235 0.03375
0 0.20333333 0.284375 0.22333333 0.03375
0 0.475 0.2725 0.22333333 0.035
0 0.775 0.266875 0.26333333 0.03625
0 0.19833333 0.223125 0.21666667 0.03125
0 0.49583333 0.21125 0.275 0.035
0 0.76916667 0.20375 0.24166667 0.035
0 0.20166667 0.164375 0.21666667 0.03125
0 0.48083333 0.151875 0.245 0.03875
0 0.79166667 0.1475 0.29 0.0475
0 0.20083333 0.10875 0.20833333 0.04
0 0.47666667 0.089375 0.23666667 0.04375
0 0.79333333 0.085625 0.29 0.04625
0 0.48 0.70375 0.23333333 0.04
0 0.19416667 0.699375 0.22833333 0.04625
0 0.80083333 0.7125 0.29166667 0.0525
0 0.80583333 0.400625 0.30833333 0.04375
0 0.8075 0.45875 0.33166667 0.0375
0 0.80166667 0.77 0.30666667 0.0375
0 0.81833333 0.829375 0.35333333 0.04875
0 0.80333333 0.89125 0.30333333 0.0475
0 0.76 0.95875 0.23666667 0.0375
0 0.4775 0.7675 0.235 0.0475
0 0.46583333 0.8275 0.21833333 0.05
0 0.4825 0.89125 0.245 0.055
0 0.46083333 0.948125 0.19833333 0.04125
0 0.19416667 0.755625 0.21833333 0.04625
0 0.17166667 0.81625 0.16666667 0.0425
0 0.18666667 0.87875 0.20333333 0.05
0 0.20333333 0.94 0.22666667 0.0575
