0 0.24089069 0.1377551 0.24549135 0.03061224
0 0.23739418 0.18533163 0.24291498 0.03392857
0 0.23905042 0.2372449 0.25653294 0.02908163
0 0.2298491 0.28954082 0.23813029 0.03826531
0 0.21641516 0.34005102 0.22819286 0.03571429
0 0.21144645 0.38826531 0.22561649 0.03826531
0 0.2208318 0.44260204 0.25395657 0.03316327
0 0.22193596 0.49872449 0.24438719 0.02959184
0 0.21880751 0.55012755 0.25506073 0.03392857
0 0.52926021 0.1309949 0.24291498 0.03239796
0 0.51012146 0.17984694 0.20242915 0.03163265
0 0.53606919 0.22742347 0.263894 0.03647959
0 0.52852411 0.28188776 0.25395657 0.02959184
0 0.53238866 0.33290816 0.263894 0.03673469
0 0.52318734 0.38482143 0.23297755 0.03494898
0 0.50846522 0.44132653 0.21089437 0.03571429
0 0.51821862 0.49579082 0.22819286 0.0375
0 0.55189547 0.55357143 0.30290762 0.03928571
0 0.81026868 0.12831633 0.21825543 0.04081633
0 0.81376518 0.17908163 0.22819286 0.03826531
0 0.82241443 0.22793367 0.23813029 0.0375
0 0.83419212 0.28061224 0.24401914 0.03571429
0 0.81505337 0.33239796 0.21604711 0.03571429
0 0.83161575 0.38469388 0.2513802 0.03826531
0 0.82977549 0.43966837 0.25506073 0.03903061
0 0.83051159 0.49617347 0.24181082 0.04183673
0 0.84265734 0.55063776 0.24917188 0.04005102
0 0.22377622 0.60969388 0.26278984 0.03214286
0 0.21825543 0.66760204 0.26867869 0.04081633
0 0.2090541 0.72487245 0.25027604 0.04005102
0 0.21770335 0.78405612 0.26757453 0.03392857
0 0.22929702 0.84221939 0.29076187 0.04158163
0 0.21770335 0.90561224 0.29186603 0.04591837
0 0.53349282 0.61058673 0.26610232 0.03392857
0 0.83106367 0.60969388 0.2451233 0.0372449
0 0.84210526 0.67130102 0.25984542 0.04158163
0 0.84523371 0.72920918 0.25874126 0.04158163
0 0.84468163 0.7877551 0.2576371 0.04336735
0 0.84578579 0.84604592 0.26278984 0.04770408
0 0.85369893 0.90688776 0.27125506 0.04489796
0 0.50478469 0.66619898 0.20868605 0.03494898
0 0.51214575 0.72193878 0.22561649 0.0372449
0 0.5187707 0.78533163 0.23665808 0.04005102
0 0.52686787 0.84821429 0.24769967 0.04183673
0 0.5242915 0.90395408 0.25285241 0.03903061
