0 0.175 0.7025 0.3 0.045
0 0.84833333 0.686875 0.3 0.04625
0 0.51333333 0.693125 0.3 0.04875
0 0.175 0.63375 0.3 0.045
0 0.51166667 0.630625 0.3 0.05875
0 0.845 0.61875 0.3 0.0575
0 0.17333333 0.56375 0.3 0.045
0 0.51 0.558125 0.3 0.04625
0 0.84 0.551875 0.3 0.04375
0 0.175 0.495 0.3 0.045
0 0.50666667 0.49125 0.3 0.05
0 0.83833333 0.485625 0.3 0.04375
0 0.17666667 0.428125 0.3 0.04375
0 0.50833333 0.425 0.3 0.05
0 0.84 0.420625 0.3 0.04375
0 0.17833333 0.361875 0.3 0.04375
0 0.50666667 0.359375 0.3 0.04375
0 0.83166667 0.355625 0.3 0.04375
0 0.18 0.2975 0.3 0.0425
0 0.505 0.29375 0.3 0.0425
0 0.82666667 0.2925 0.3 0.0425
0 0.18166667 0.23625 0.3 0.0425
0 0.50666667 0.23125 0.3 0.0425
0 0.825 0.22875 0.3 0.0425
0 0.18166667 0.171875 0.3 0.04375
0 0.505 0.17 0.3 0.0425
0 0.82333333 0.168125 0.3 0.04375
0 0.18333333 0.109375 0.3 0.04375
0 0.50166667 0.110625 0.3 0.04875
0 0.81666667 0.1025 0.3 0.05
