0 0.18148148 0.07465278 0.27777778 0.04236111
0 0.15833333 0.13645833 0.24259259 0.04513889
0 0.15046296 0.19895833 0.2212963 0.04375
0 0.14027778 0.26076389 0.22314815 0.04236111
0 0.15787037 0.31388889 0.25092593 0.05
0 0.14398148 0.39305556 0.23425926 0.05833333
0 0.15138889 0.45277778 0.25648148 0.04722222
0 0.15 0.51423611 0.26296296 0.05763889
0 0.14444444 0.57326389 0.25185185 0.04930556
0 0.1412037 0.63506944 0.23240741 0.05347222
0 0.14027778 0.70520833 0.23611111 0.04097222
0 0.15324074 0.75972222 0.26018519 0.05277778
0 0.13564815 0.83090278 0.2212963 0.05069444
0 0.14953704 0.89097222 0.24907407 0.04305556
0 0.1337963 0.96458333 0.20833333 0.05833333
0 0.47546296 0.07048611 0.21203704 0.04791667
0 0.4587963 0.134375 0.21944444 0.05625
0 0.47638889 0.19444444 0.23796296 0.04722222
0 0.475 0.25590278 0.25555556 0.04930556
0 0.46435185 0.32395833 0.22314815 0.04791667
0 0.47685185 0.38194444 0.24444444 0.05
0 0.46296296 0.45069444 0.21851852 0.04722222
0 0.46388889 0.51111111 0.21111111 0.04305556
0 0.46712963 0.57326389 0.2287037 0.05347222
0 0.45324074 0.64131944 0.19722222 0.04930556
0 0.47268519 0.70555556 0.24166667 0.04861111
0 0.46759259 0.76666667 0.23333333 0.04583333
0 0.4537037 0.82951389 0.20555556 0.04652778
0 0.47638889 0.890625 0.24907407 0.04652778
0 0.47731481 0.95277778 0.23796296 0.04722222
0 0.81342593 0.06180556 0.24907407 0.04166667
0 0.80324074 0.12916667 0.21574074 0.04722222
0 0.81759259 0.18784722 0.24814815 0.04097222
0 0.80787037 0.253125 0.24537037 0.05208333
0 0.81064815 0.32083333 0.23425926 0.03472222
0 0.8087963 0.38472222 0.23611111 0.04861111
0 0.80185185 0.45590278 0.23333333 0.04791667
0 0.79953704 0.515625 0.21944444 0.05208333
0 0.7912037 0.58055556 0.21759259 0.05277778
0 0.79074074 0.646875 0.21666667 0.04652778
0 0.78935185 0.71527778 0.20092593 0.04166667
0 0.78240741 0.77534722 0.20740741 0.04097222
0 0.79722222 0.83680556 0.21851852 0.04027778
0 0.80324074 0.90451389 0.23055556 0.04513889
0 0.80277778 0.9625 0.23148148 0.04722222
