0 0.49166667 0.62 0.24333333 0.0375
0 0.49166667 0.558125 0.24666667 0.03125
0 0.1875 0.50625 0.23166667 0.045
0 0.49333333 0.503125 0.24333333 0.04625
0 0.17666667 0.44625 0.22 0.0325
0 0.49083333 0.444375 0.245 0.03375
0 0.17 0.38875 0.20666667 0.03
0 0.48416667 0.38375 0.22833333 0.045
0 0.17666667 0.3325 0.22 0.0375
0 0.48583333 0.325625 0.23833333 0.03625
0 0.1625 0.275 0.185 0.0375
0 0.4825 0.155625 0.235 0.05125
0 0.18666667 0.105625 0.23 0.04375
0 0.48583333 0.09875 0.24166667 0.0425
0 0.77333333 0.08375 0.23666667 0.04
0 0.77916667 0.1475 0.215 0.0525
0 0.17416667 0.15375 0.225 0.04
0 0.165 0.2125 0.22666667 0.0525
0 0.48833333 0.206875 0.25333333 0.04375
0 0.78833333 0.204375 0.23333333 0.04125
0 0.78333333 0.260625 0.23 0.04125
0 0.48333333 0.27 0.25 0.05
0 0.78583333 0.3225 0.23833333 0.0475
0 0.79333333 0.379375 0.25666667 0.03875
0 0.775 0.435 0.24 0.0425
0 0.78333333 0.498125 0.24666667 0.04625
0 0.80083333 0.56375 0.255 0.045
0 0.79666667 0.621875 0.26 0.07375
0 0.18 0.55875 0.23 0.05
0 0.17666667 0.613125 0.23333333 0.05625
