0 0.1825 0.9325 0.19833333 0.0325
0 0.49166667 0.93 0.22 0.0325
0 0.17916667 0.87375 0.19166667 0.03
0 0.48166667 0.8725 0.20666667 0.03
0 0.78 0.87 0.22666667 0.03
0 0.18 0.81625 0.19333333 0.03
0 0.49083333 0.815625 0.22166667 0.02875
0 0.76833333 0.81375 0.25333333 0.03
0 0.76166667 0.7575 0.19 0.03
0 0.47083333 0.7575 0.185 0.03
0 0.18166667 0.758125 0.19 0.02875
0 0.7575 0.7 0.17833333 0.03
0 0.46833333 0.700625 0.17666667 0.02875
0 0.1825 0.700625 0.195 0.03125
0 0.18916667 0.645625 0.20833333 0.02875
0 0.76416667 0.64375 0.18833333 0.03
0 0.4675 0.644375 0.175 0.02875
0 0.49333333 0.5875 0.22666667 0.0275
0 0.18416667 0.5875 0.20166667 0.03
0 0.76916667 0.5875 0.19833333 0.03
0 0.16583333 0.53125 0.165 0.03
0 0.76583333 0.53 0.19833333 0.03
0 0.47166667 0.53125 0.18 0.0325
0 0.17 0.475625 0.17 0.03125
0 0.74166667 0.474375 0.14666667 0.02875
0 0.48666667 0.474375 0.21666667 0.03125
0 0.47083333 0.4175 0.185 0.03
0 0.16833333 0.418125 0.20666667 0.02875
0 0.74833333 0.4175 0.16333333 0.03
0 0.4525 0.360625 0.15166667 0.02875
0 0.17166667 0.36125 0.17666667 0.0325
0 0.76166667 0.360625 0.19 0.03125
0 0.4925 0.30375 0.23166667 0.03
0 0.185 0.305 0.2 0.0325
0 0.7625 0.30375 0.18833333 0.03
0 0.76416667 0.246875 0.19166667 0.02875
0 0.47083333 0.24625 0.18833333 0.03
0 0.17166667 0.2475 0.17333333 0.03
0 0.19 0.190625 0.21 0.03125
0 0.475 0.189375 0.19333333 0.02875
0 0.76666667 0.188125 0.19666667 0.03125
0 0.7625 0.130625 0.215 0.03125
0 0.49166667 0.13125 0.23 0.03
0 0.17 0.13375 0.17666667 0.0375
0 0.77666667 0.929375 0.23 0.02875
