0 0.18532609 0.25859837 0.17880435 0.0789571
0 0.18940217 0.33043639 0.17663043 0.06471893
0 0.1763587 0.3848003 0.17554348 0.05695266
0 0.18464674 0.44055104 0.2111413 0.05343935
0 0.18315217 0.49288092 0.21847826 0.04974112
0 0.16372283 0.55122041 0.2111413 0.06693787
0 0.15747283 0.60983728 0.19429348 0.0591716
0 0.14809783 0.66715976 0.20054348 0.05695266
0 0.42921196 0.29585799 0.17146739 0.04992604
0 0.42934783 0.34772559 0.16521739 0.04123521
0 0.43396739 0.39829882 0.18097826 0.04696746
0 0.43288043 0.45377219 0.17880435 0.05399408
0 0.41263587 0.50212648 0.15679348 0.05122041
0 0.41263587 0.56009615 0.18179348 0.05769231
0 0.40326087 0.61658654 0.20271739 0.06120562
0 0.40828804 0.67991864 0.20896739 0.05547337
0 0.64714674 0.31397929 0.14538043 0.05473373
0 0.66019022 0.3691753 0.16929348 0.04974112
0 0.65611413 0.41678994 0.1736413 0.04696746
0 0.64932065 0.46616124 0.15788043 0.04622781
0 0.64456522 0.51923077 0.1548913 0.04548817
0 0.64415761 0.56998891 0.15788043 0.04345414
0 0.64402174 0.63156435 0.16195652 0.05972633
0 0.64470109 0.68555843 0.18396739 0.0526997
