0 0.49333333 0.665 0.25666667 0.0475
0 0.16666667 0.67625 0.22666667 0.045
0 0.17333333 0.610625 0.25 0.05875
0 0.48916667 0.6075 0.245 0.06
0 0.17 0.546875 0.24 0.05375
0 0.1725 0.479375 0.255 0.04375
0 0.79333333 0.4825 0.24333333 0.0475
0 0.48166667 0.476875 0.23666667 0.04125
0 0.17416667 0.4125 0.26166667 0.0575
0 0.79083333 0.410625 0.23833333 0.04125
0 0.475 0.4075 0.22333333 0.0525
0 0.16416667 0.34625 0.24833333 0.0675
0 0.7925 0.351875 0.23833333 0.04125
0 0.49 0.284375 0.26666667 0.05625
0 0.78166667 0.29125 0.21 0.055
0 0.79 0.225625 0.23 0.04875
0 0.48333333 0.215625 0.25 0.04625
0 0.15166667 0.209375 0.23 0.05875
0 0.8 0.171875 0.23666667 0.05375
0 0.15416667 0.136875 0.255 0.06375
0 0.78916667 0.104375 0.22166667 0.04875
0 0.15833333 0.06375 0.24666667 0.055
0 0.165 0.286875 0.25333333 0.06125
0 0.49166667 0.538125 0.26 0.05375
0 0.4825 0.079375 0.265 0.06625
0 0.48083333 0.146875 0.265 0.06625
0 0.49416667 0.346875 0.27833333 0.05875
0 0.80166667 0.54375 0.25333333 0.0525
0 0.79333333 0.5975 0.25333333 0.0525
0 0.795 0.65625 0.25333333 0.0525
