0 0.82666667 0.570625 0.29 0.03875
0 0.49166667 0.568125 0.26333333 0.03625
0 0.16333333 0.56625 0.26666667 0.0375
0 0.82583333 0.52 0.285 0.0375
0 0.15583333 0.5175 0.23833333 0.0325
0 0.49416667 0.5175 0.26833333 0.035
0 0.825 0.470625 0.28333333 0.03875
0 0.49583333 0.469375 0.265 0.03625
0 0.18333333 0.469375 0.28666667 0.03875
0 0.495 0.419375 0.26333333 0.03625
0 0.81833333 0.41625 0.26666667 0.0425
0 0.17583333 0.42 0.26833333 0.04
0 0.18083333 0.373125 0.26833333 0.03875
0 0.50083333 0.370625 0.27166667 0.03625
0 0.82666667 0.36875 0.28666667 0.04
0 0.16333333 0.32625 0.22666667 0.0325
0 0.82666667 0.319375 0.29 0.03125
0 0.50833333 0.3225 0.28 0.04
0 0.17 0.278125 0.23333333 0.03625
0 0.5025 0.27625 0.26833333 0.0375
0 0.825 0.264375 0.28666667 0.03875
0 0.51166667 0.226875 0.28666667 0.03375
0 0.80416667 0.219375 0.24166667 0.03375
0 0.49833333 0.183125 0.25 0.03375
0 0.81 0.165625 0.25333333 0.04125
0 0.50166667 0.13375 0.26333333 0.03
0 0.82666667 0.118125 0.28666667 0.03625
0 0.19833333 0.135625 0.26666667 0.03875
0 0.19416667 0.18375 0.26833333 0.03
0 0.19666667 0.230625 0.27666667 0.03375
