0 0.20866667 0.123875 0.216 0.04575
0 0.4825 0.120625 0.22766667 0.03925
0 0.75566667 0.123375 0.22333333 0.05125
0 0.20716667 0.176 0.219 0.037
0 0.4775 0.170625 0.223 0.04125
0 0.74483333 0.177625 0.20433333 0.04025
0 0.194 0.2265 0.19866667 0.038
0 0.48033333 0.2255 0.22333333 0.038
0 0.73683333 0.22725 0.18833333 0.0435
0 0.18316667 0.276625 0.197 0.03575
0 0.48983333 0.279875 0.25366667 0.03825
0 0.75416667 0.2815 0.21433333 0.0435
0 0.19566667 0.330875 0.23333333 0.04025
0 0.48166667 0.333625 0.24933333 0.03475
0 0.7615 0.335375 0.229 0.04025
0 0.18683333 0.386875 0.20433333 0.03925
0 0.48316667 0.38475 0.23766667 0.048
0 0.76283333 0.389625 0.24633333 0.04225
0 0.18766667 0.442875 0.226 0.04025
0 0.471 0.44225 0.21 0.0435
0 0.75133333 0.44175 0.226 0.038
0 0.1955 0.497875 0.22166667 0.04125
0 0.47316667 0.495 0.21433333 0.0445
0 0.75416667 0.49225 0.25233333 0.0435
0 0.16733333 0.55275 0.2 0.038
0 0.46516667 0.55425 0.213 0.037
0 0.76366667 0.551625 0.25066667 0.05525
0 0.18616667 0.610375 0.23766667 0.04025
0 0.4695 0.610375 0.219 0.04025
0 0.76233333 0.607 0.22466667 0.038
0 0.17316667 0.667375 0.197 0.03925
0 0.455 0.664125 0.19 0.04775
0 0.736 0.6635 0.184 0.049
0 0.15716667 0.726625 0.18566667 0.04675
0 0.46716667 0.723875 0.21166667 0.03675
0 0.77016667 0.720625 0.24633333 0.04775
0 0.15583333 0.781 0.17966667 0.038
0 0.4585 0.776625 0.20566667 0.04225
0 0.768 0.780375 0.248 0.04125
0 0.179 0.840125 0.226 0.03925
0 0.49266667 0.839125 0.26533333 0.04575
0 0.76 0.836375 0.22333333 0.04025
0 0.18183333 0.896125 0.23766667 0.04225
0 0.47083333 0.89775 0.239 0.037
0 0.7715 0.895625 0.24633333 0.03475
