0 0.47083333 0.64 0.23166667 0.04
0 0.84333333 0.63875 0.26333333 0.04
0 0.15333333 0.635625 0.28 0.04125
0 0.84416667 0.585 0.26166667 0.04
0 0.1425 0.581875 0.255 0.03625
0 0.48416667 0.57625 0.255 0.05
0 0.83833333 0.528125 0.26 0.04375
0 0.48166667 0.528125 0.24666667 0.04125
0 0.4975 0.47 0.27166667 0.0425
0 0.13833333 0.425625 0.21666667 0.04125
0 0.47916667 0.370625 0.225 0.03375
0 0.15083333 0.37375 0.235 0.0375
0 0.82666667 0.3675 0.23666667 0.035
0 0.8275 0.318125 0.245 0.03625
0 0.49083333 0.324375 0.245 0.03875
0 0.155 0.3225 0.24 0.0375
0 0.83416667 0.269375 0.265 0.03625
0 0.47833333 0.223125 0.22 0.03375
0 0.1625 0.220625 0.24833333 0.04125
0 0.83833333 0.21875 0.27333333 0.0375
0 0.49083333 0.17375 0.245 0.035
0 0.15583333 0.175625 0.22833333 0.04125
0 0.8325 0.16625 0.26166667 0.035
0 0.1575 0.27375 0.23833333 0.0425
0 0.14583333 0.47625 0.22833333 0.04
0 0.1425 0.52625 0.23166667 0.0475
0 0.47083333 0.27375 0.20833333 0.0325
0 0.48583333 0.4175 0.24833333 0.0425
0 0.83 0.41625 0.25333333 0.04
0 0.82666667 0.47375 0.24666667 0.0425
