0 0.49083333 0.916875 0.19833333 0.02875
0 0.21666667 0.915625 0.22666667 0.02875
0 0.7725 0.863125 0.20166667 0.02875
0 0.50083333 0.86125 0.215 0.0275
0 0.22833333 0.859375 0.25 0.02875
0 0.7775 0.808125 0.20833333 0.02875
0 0.4825 0.80625 0.17833333 0.03
0 0.215 0.804375 0.21666667 0.02875
0 0.78 0.75375 0.21 0.03
0 0.48083333 0.749375 0.175 0.02875
0 0.20583333 0.75 0.205 0.03
0 0.77666667 0.69875 0.20666667 0.0325
0 0.4825 0.695 0.185 0.03
0 0.21583333 0.695 0.22166667 0.0275
0 0.77 0.643125 0.19666667 0.02875
0 0.49833333 0.640625 0.21 0.02875
0 0.21666667 0.64 0.22333333 0.03
0 0.2175 0.584375 0.225 0.03125
0 0.77333333 0.53125 0.2 0.03
0 0.49083333 0.530625 0.195 0.02875
0 0.21166667 0.53 0.20666667 0.0325
0 0.775 0.476875 0.2 0.03125
0 0.47833333 0.475625 0.17 0.02875
0 0.21 0.474375 0.21333333 0.03125
0 0.77416667 0.42125 0.20166667 0.03
0 0.495 0.419375 0.20666667 0.02875
0 0.1925 0.418125 0.175 0.02875
0 0.7625 0.365625 0.175 0.03125
0 0.505 0.364375 0.22333333 0.02875
0 0.19416667 0.364375 0.175 0.02875
0 0.79 0.31 0.22666667 0.0275
0 0.50083333 0.309375 0.215 0.02875
0 0.205 0.3075 0.20333333 0.03
0 0.78166667 0.25375 0.21333333 0.03
0 0.50583333 0.254375 0.225 0.02875
0 0.20916667 0.253125 0.205 0.02875
0 0.77666667 0.1975 0.2 0.03
0 0.48333333 0.198125 0.18 0.02875
0 0.205 0.1975 0.20333333 0.03
0 0.49916667 0.141875 0.215 0.03125
0 0.77416667 0.140625 0.195 0.03125
0 0.21333333 0.14375 0.21333333 0.0325
0 0.78166667 0.921875 0.21666667 0.03625
0 0.525 0.58625 0.27 0.0375
0 0.78166667 0.58625 0.23 0.035
