0 0.84166667 0.456875 0.28 0.03375
0 0.49666667 0.411875 0.28666667 0.03875
0 0.83583333 0.403125 0.255 0.04625
0 0.49833333 0.509375 0.26 0.04375
0 0.495 0.46 0.26 0.0425
0 0.84083333 0.35375 0.26833333 0.0375
0 0.83916667 0.30125 0.26833333 0.0425
0 0.5125 0.260625 0.28166667 0.03625
0 0.8425 0.2525 0.28166667 0.04
0 0.82166667 0.20125 0.24 0.0375
0 0.49666667 0.21125 0.24666667 0.0375
0 0.52 0.1625 0.29333333 0.0375
0 0.84666667 0.15 0.29 0.0375
0 0.17166667 0.163125 0.25 0.04375
0 0.175 0.215625 0.25 0.04375
0 0.16916667 0.265625 0.24166667 0.04125
0 0.17166667 0.31375 0.26 0.0375
0 0.1725 0.36375 0.255 0.035
0 0.16583333 0.4125 0.24833333 0.045
0 0.16166667 0.465 0.25666667 0.04
0 0.16 0.51625 0.26 0.0425
0 0.15833333 0.566875 0.27 0.03625
0 0.16333333 0.618125 0.27 0.04125
0 0.5125 0.31 0.27833333 0.0425
0 0.48583333 0.36 0.225 0.035
0 0.49916667 0.619375 0.275 0.04375
0 0.50333333 0.564375 0.29 0.03875
0 0.83166667 0.51125 0.25 0.0475
0 0.845 0.565625 0.26333333 0.04125
0 0.84083333 0.62125 0.255 0.05
