0 0.50083333 0.64125 0.27166667 0.0375
0 0.8175 0.539375 0.255 0.03875
0 0.82916667 0.486875 0.28166667 0.03875
0 0.49083333 0.493125 0.255 0.04625
0 0.49833333 0.439375 0.26666667 0.04125
0 0.8175 0.433125 0.26166667 0.03875
0 0.82 0.381875 0.27 0.03625
0 0.14666667 0.345625 0.21 0.03875
0 0.8075 0.334375 0.24833333 0.03375
0 0.15 0.3 0.22 0.0375
0 0.49416667 0.29375 0.265 0.0375
0 0.805 0.284375 0.24 0.03875
0 0.14583333 0.251875 0.21166667 0.03625
0 0.46166667 0.245 0.20333333 0.035
0 0.8 0.23625 0.24 0.03
0 0.1525 0.198125 0.22166667 0.03625
0 0.4575 0.196875 0.19833333 0.03625
0 0.80166667 0.181875 0.24333333 0.03875
0 0.14916667 0.395 0.21833333 0.0425
0 0.15916667 0.443125 0.23833333 0.03625
0 0.16833333 0.491875 0.26 0.03875
0 0.1575 0.54 0.24166667 0.045
0 0.15833333 0.590625 0.25333333 0.04125
0 0.16166667 0.640625 0.24333333 0.03875
0 0.50166667 0.341875 0.27 0.03625
0 0.50166667 0.390625 0.27 0.03875
0 0.48416667 0.540625 0.245 0.04125
0 0.4825 0.59125 0.245 0.035
0 0.80916667 0.59125 0.235 0.05
0 0.84083333 0.645625 0.29166667 0.04125
