0 0.17316667 0.19954545 0.26766667 0.06151515
0 0.17733333 0.28227273 0.262 0.05606061
0 0.1655 0.36287879 0.257 0.06151515
0 0.17616667 0.44681818 0.281 0.05848485
0 0.1755 0.53060606 0.27966667 0.05939394
0 0.17383333 0.61560606 0.28566667 0.05848485
0 0.17566667 0.70060606 0.27733333 0.06363636
0 0.17266667 0.78393939 0.26666667 0.07030303
0 0.16483333 0.86878788 0.27033333 0.07575758
0 0.16966667 0.95545455 0.26533333 0.06727273
0 0.51783333 0.21181818 0.24766667 0.06060606
0 0.51783333 0.28878788 0.24766667 0.05636364
0 0.522 0.36833333 0.26333333 0.05727273
0 0.519 0.44939394 0.25 0.05515152
0 0.52083333 0.5230303 0.251 0.05939394
0 0.51616667 0.60424242 0.24633333 0.06606061
0 0.51666667 0.69030303 0.24733333 0.0630303
0 0.52333333 0.77090909 0.256 0.05939394
0 0.51966667 0.85575758 0.26333333 0.06060606
0 0.51966667 0.93212121 0.27 0.05939394
0 0.82866667 0.20924242 0.22866667 0.06393939
0 0.834 0.29151515 0.23466667 0.05515152
0 0.83566667 0.36621212 0.24533333 0.06151515
0 0.83216667 0.43969697 0.22833333 0.05515152
0 0.844 0.52409091 0.24266667 0.04878788
0 0.84883333 0.60045455 0.255 0.05606061
0 0.85 0.685 0.25933333 0.06272727
0 0.8535 0.76712121 0.269 0.06272727
0 0.8475 0.84621212 0.24766667 0.06272727
0 0.85183333 0.92575758 0.249 0.05939394
