0 0.29791667 0.82777778 0.07291667 0.19722222
0 0.36614583 0.82986111 0.053125 0.21805556
0 0.41979167 0.79930556 0.07083333 0.27083333
0 0.4875 0.81388889 0.0625 0.23888889
0 0.54583333 0.80277778 0.05625 0.26944444
0 0.60364583 0.79375 0.059375 0.25138889
0 0.65677083 0.78888889 0.053125 0.27777778
0 0.71510417 0.78611111 0.059375 0.24722222
0 0.7671875 0.79305556 0.06145833 0.26944444
0 0.821875 0.78194444 0.05416667 0.24722222
0 0.84739583 0.5125 0.05520833 0.23611111
0 0.78645833 0.49166667 0.05 0.27777778
0 0.7390625 0.49097222 0.05520833 0.27916667
0 0.6703125 0.49652778 0.06770833 0.2875
0 0.60989583 0.49375 0.08020833 0.27361111
0 0.55677083 0.50416667 0.06145833 0.30277778
0 0.490625 0.49375 0.05625 0.27638889
0 0.43125 0.50833333 0.0625 0.25555556
0 0.36666667 0.50694444 0.05208333 0.26944444
0 0.2984375 0.50208333 0.06145833 0.27916667
0 0.29739583 0.19652778 0.046875 0.24305556
0 0.35833333 0.18888889 0.06875 0.24444444
0 0.43072917 0.19305556 0.06145833 0.25833333
0 0.49635417 0.19097222 0.071875 0.25416667
0 0.55885417 0.19652778 0.053125 0.2625
0 0.61875 0.19305556 0.05833333 0.24722222
0 0.684375 0.20208333 0.05208333 0.2625
0 0.74322917 0.19722222 0.059375 0.23611111
0 0.80625 0.20277778 0.05 0.23611111
0 0.86770833 0.20416667 0.05625 0.26666667
