0 0.15 0.3339497 0.24456522 0.04068047
0 0.16304348 0.37684911 0.2423913 0.04659763
0 0.16467391 0.42677515 0.22608696 0.03402367
0 0.1625 0.47633136 0.24565217 0.04289941
0 0.15 0.52477811 0.24021739 0.04215976
0 0.16358696 0.58136095 0.26521739 0.04585799
0 0.16032609 0.6364645 0.24130435 0.05547337
0 0.17336957 0.69156805 0.28913043 0.04733728
0 0.16413043 0.75110947 0.25108696 0.05843195
0 0.16956522 0.82359467 0.29021739 0.0510355
0 0.39728261 0.33653846 0.2173913 0.05621302
0 0.41630435 0.38609467 0.21630435 0.04733728
0 0.42880435 0.43232249 0.23913043 0.04363905
0 0.42608696 0.47670118 0.21630435 0.03772189
0 0.46630435 0.51072485 0.26195652 0.04068047
0 0.4423913 0.56434911 0.22065217 0.05325444
0 0.4625 0.6283284 0.24782609 0.05399408
0 0.46521739 0.69045858 0.26195652 0.04659763
0 0.47554348 0.75073964 0.26086957 0.04289941
0 0.50217391 0.81286982 0.2923913 0.03994083
0 0.6298913 0.36723373 0.18913043 0.04955621
0 0.63695652 0.40199704 0.17065217 0.04215976
0 0.65434783 0.44859467 0.18369565 0.04807692
0 0.65923913 0.48705621 0.19130435 0.03920118
0 0.68641304 0.53180473 0.18913043 0.03846154
0 0.70434783 0.5772929 0.20978261 0.04807692
0 0.71413043 0.61871302 0.20543478 0.04363905
0 0.74293478 0.67788462 0.21956522 0.0510355
0 0.74619565 0.73076923 0.21086957 0.04881657
0 0.77282609 0.79252959 0.21847826 0.05399408
