0 0.53833333 0.69875 0.3 0.0525
0 0.22333333 0.69625 0.3 0.0425
0 0.8475 0.7025 0.285 0.0475
0 0.84416667 0.630625 0.275 0.03875
0 0.53833333 0.6325 0.3 0.0425
0 0.225 0.6325 0.3 0.0425
0 0.53666667 0.56875 0.3 0.0425
0 0.22666667 0.56875 0.3 0.0425
0 0.84333333 0.56875 0.28 0.0525
0 0.22583333 0.50125 0.295 0.0525
0 0.85166667 0.504375 0.29333333 0.04875
0 0.535 0.5 0.3 0.055
0 0.225 0.443125 0.3 0.04125
0 0.85166667 0.43625 0.3 0.0425
0 0.53666667 0.439375 0.3 0.06125
0 0.225 0.380625 0.3 0.04125
0 0.535 0.37625 0.3 0.0425
0 0.845 0.370625 0.29 0.03875
0 0.535 0.31375 0.3 0.0425
0 0.22833333 0.31875 0.3 0.0525
0 0.84833333 0.308125 0.3 0.04125
0 0.22833333 0.256875 0.3 0.04125
0 0.53666667 0.25 0.3 0.0425
0 0.84666667 0.245 0.3 0.05
0 0.23 0.194375 0.3 0.04125
0 0.535 0.18875 0.3 0.0425
0 0.845 0.1875 0.3 0.0575
0 0.535 0.1275 0.3 0.0425
0 0.22833333 0.13875 0.3 0.06
0 0.84333333 0.118125 0.3 0.04125
