0 0.24130435 0.21588388 0.19076087 0.04900148
0 0.22853261 0.26913831 0.21521739 0.04049556
0 0.23288043 0.31795488 0.2298913 0.05824704
0 0.23546196 0.36307322 0.22472826 0.04900148
0 0.22758152 0.40255178 0.1986413 0.03846154
0 0.21766304 0.45053624 0.21413043 0.04345414
0 0.21657609 0.4975037 0.22880435 0.03901627
0 0.21290761 0.54400888 0.24048913 0.04548817
0 0.20149457 0.5970784 0.24048913 0.03920118
0 0.1857337 0.64718935 0.26331522 0.05251479
0 0.50244565 0.25101701 0.2298913 0.0427145
0 0.50095109 0.28873891 0.23940217 0.03827663
0 0.49252717 0.33357988 0.21222826 0.03846154
0 0.50353261 0.37657175 0.22771739 0.03901627
0 0.4701087 0.4210429 0.20271739 0.03143491
0 0.46793478 0.46227811 0.22173913 0.03550296
0 0.47581522 0.51026257 0.21630435 0.03901627
0 0.4763587 0.55907914 0.20706522 0.03272929
0 0.46997283 0.60586169 0.22581522 0.04123521
0 0.47350543 0.66022559 0.23722826 0.05898669
0 0.7111413 0.26793639 0.15706522 0.07803254
0 0.69986413 0.31675296 0.14375 0.04622781
0 0.70652174 0.35650888 0.15054348 0.04215976
0 0.70774457 0.39691198 0.16494565 0.05306953
0 0.70190217 0.43981139 0.1625 0.04308432
0 0.69945652 0.48298817 0.1625 0.04252959
0 0.69850543 0.52921598 0.16766304 0.0443787
0 0.70298913 0.5756287 0.1625 0.04622781
0 0.70706522 0.62268861 0.17554348 0.03642751
0 0.70774457 0.6727071 0.15298913 0.04659763
