0 0.8375 0.93625 0.29166667 0.04
0 0.47666667 0.934375 0.19333333 0.03625
0 0.155 0.929375 0.2 0.03375
0 0.83416667 0.881875 0.28166667 0.03375
0 0.4925 0.871875 0.22166667 0.03125
0 0.1675 0.86875 0.215 0.035
0 0.8025 0.8225 0.21166667 0.0325
0 0.49583333 0.813125 0.225 0.03125
0 0.20416667 0.810625 0.28166667 0.03625
0 0.81666667 0.765 0.23 0.0375
0 0.4975 0.753125 0.21833333 0.04125
0 0.18166667 0.749375 0.22666667 0.03625
0 0.8025 0.710625 0.20166667 0.03625
0 0.46 0.698125 0.14333333 0.02875
0 0.1675 0.69125 0.19166667 0.0325
0 0.795 0.64875 0.18666667 0.0325
0 0.5025 0.6425 0.225 0.0325
0 0.20083333 0.639375 0.25166667 0.03625
0 0.81916667 0.590625 0.23166667 0.03125
0 0.19083333 0.579375 0.21833333 0.02875
0 0.4875 0.583125 0.19166667 0.03375
0 0.81 0.533125 0.2 0.03125
0 0.49833333 0.5275 0.20666667 0.03
0 0.19333333 0.5225 0.22666667 0.0325
0 0.80333333 0.474375 0.19333333 0.03125
0 0.51833333 0.47125 0.24666667 0.0325
0 0.18666667 0.470625 0.21 0.03875
0 0.79 0.414375 0.16333333 0.03125
0 0.525 0.41 0.25333333 0.0375
0 0.17833333 0.41 0.19 0.035
0 0.81416667 0.355625 0.195 0.03125
0 0.53 0.354375 0.26333333 0.03375
0 0.19333333 0.353125 0.20666667 0.03625
0 0.82083333 0.3 0.215 0.0375
0 0.50083333 0.294375 0.20833333 0.03125
0 0.17583333 0.290625 0.17833333 0.03125
0 0.83416667 0.244375 0.22833333 0.04375
0 0.51833333 0.2325 0.23666667 0.0325
0 0.8225 0.17875 0.205 0.0325
0 0.51833333 0.17375 0.23 0.03
0 0.21416667 0.174375 0.25166667 0.03375
0 0.82916667 0.1275 0.215 0.0525
0 0.53083333 0.11375 0.265 0.035
0 0.20833333 0.115625 0.23666667 0.04125
0 0.1875 0.23375 0.20166667 0.035
