0 0.53583333 0.655 0.24166667 0.0375
0 0.24916667 0.655625 0.245 0.04125
0 0.83166667 0.595625 0.23 0.03375
0 0.5375 0.596875 0.255 0.03625
0 0.2425 0.595625 0.23166667 0.03875
0 0.245 0.538125 0.23666667 0.04375
0 0.83 0.53625 0.22333333 0.0375
0 0.53916667 0.53375 0.24833333 0.0425
0 0.2475 0.475 0.24166667 0.045
0 0.53916667 0.47875 0.24166667 0.04
0 0.82833333 0.474375 0.22333333 0.03875
0 0.53666667 0.41625 0.24666667 0.035
0 0.2475 0.419375 0.24166667 0.03375
0 0.825 0.40625 0.22 0.0425
0 0.24416667 0.360625 0.23833333 0.03875
0 0.53083333 0.355 0.23833333 0.0375
0 0.82833333 0.350625 0.23333333 0.03375
0 0.24666667 0.301875 0.24666667 0.03625
0 0.82166667 0.29 0.21666667 0.0325
0 0.5425 0.296875 0.25833333 0.03625
0 0.24416667 0.245 0.24166667 0.0325
0 0.525 0.241875 0.23 0.04625
0 0.82333333 0.2275 0.22333333 0.035
0 0.24416667 0.1925 0.23166667 0.0425
0 0.5225 0.175625 0.21833333 0.04125
0 0.82166667 0.171875 0.21333333 0.04125
0 0.25 0.13375 0.25666667 0.0325
0 0.81916667 0.11125 0.21166667 0.0375
0 0.53583333 0.11875 0.255 0.04
0 0.83083333 0.6575 0.23166667 0.0375
