0 0.31111111 0.26875 0.2 0.03472222
0 0.32453704 0.31180556 0.19722222 0.0375
0 0.32546296 0.35972222 0.19907407 0.03194444
0 0.31666667 0.40381944 0.20185185 0.03263889
0 0.32037037 0.45 0.18888889 0.03333333
0 0.31898148 0.50104167 0.18611111 0.03680556
0 0.3087963 0.54861111 0.20092593 0.03611111
0 0.31990741 0.60208333 0.21388889 0.03888889
0 0.30972222 0.65243056 0.18796296 0.03402778
0 0.3087963 0.7 0.18425926 0.0375
0 0.53981481 0.26805556 0.16666667 0.03333333
0 0.54722222 0.31041667 0.18518519 0.02777778
0 0.55462963 0.35798611 0.18888889 0.03125
0 0.55972222 0.39652778 0.19166667 0.03333333
0 0.55277778 0.44548611 0.18518519 0.02847222
0 0.55601852 0.490625 0.19166667 0.03541667
0 0.56527778 0.540625 0.20092593 0.03263889
0 0.56157407 0.58923611 0.19351852 0.02291667
0 0.56805556 0.64444444 0.18611111 0.02777778
0 0.57314815 0.69340278 0.20555556 0.03125
0 0.76203704 0.26909722 0.18333333 0.02847222
0 0.77546296 0.31284722 0.18240741 0.03125
0 0.77037037 0.35729167 0.18333333 0.02986111
0 0.77916667 0.39965278 0.18981481 0.03541667
0 0.78611111 0.446875 0.2037037 0.02986111
0 0.78287037 0.49236111 0.19351852 0.02638889
0 0.79907407 0.53645833 0.22962963 0.03541667
0 0.81111111 0.58333333 0.21296296 0.03888889
0 0.80787037 0.63472222 0.225 0.03333333
0 0.80833333 0.68819444 0.20555556 0.02916667
