0 0.209375 0.76944444 0.05416667 0.24722222
0 0.2703125 0.77430556 0.059375 0.24305556
0 0.33229167 0.77083333 0.04791667 0.23333333
0 0.39322917 0.76666667 0.05520833 0.24166667
0 0.453125 0.76736111 0.05208333 0.24861111
0 0.5171875 0.77013889 0.05520833 0.25972222
0 0.57864583 0.76597222 0.059375 0.25138889
0 0.63333333 0.76388889 0.06666667 0.25
0 0.696875 0.76111111 0.05416667 0.26666667
0 0.76510417 0.76111111 0.059375 0.275
0 0.75104167 0.48333333 0.06666667 0.225
0 0.68489583 0.47847222 0.06770833 0.25138889
0 0.628125 0.47777778 0.05 0.25277778
0 0.57395833 0.48333333 0.05833333 0.23055556
0 0.51822917 0.4875 0.05104167 0.23333333
0 0.45989583 0.48472222 0.05520833 0.22777778
0 0.40364583 0.48472222 0.05104167 0.23888889
0 0.3453125 0.48541667 0.059375 0.2375
0 0.28229167 0.48819444 0.06458333 0.22361111
0 0.22395833 0.48888889 0.06041667 0.22777778
0 0.25 0.23611111 0.04791667 0.21111111
0 0.30416667 0.24097222 0.05416667 0.19583333
0 0.35572917 0.24513889 0.05104167 0.20416667
0 0.4046875 0.25 0.05520833 0.20555556
0 0.4609375 0.24305556 0.059375 0.21388889
0 0.51145833 0.24375 0.04166667 0.19305556
0 0.56197917 0.24791667 0.059375 0.20972222
0 0.61302083 0.23333333 0.053125 0.20555556
0 0.6703125 0.24791667 0.05520833 0.19305556
0 0.7265625 0.24236111 0.071875 0.19027778
