0 0.15166667 0.1969112 0.26533333 0.06058806
0 0.15533333 0.27828928 0.25533333 0.06058806
0 0.15483333 0.36456786 0.25433333 0.05494505
0 0.14983333 0.44000594 0.247 0.05613306
0 0.15366667 0.52524503 0.26666667 0.06147906
0 0.14683333 0.6029106 0.23833333 0.05167805
0 0.1405 0.68146718 0.24833333 0.05732106
0 0.143 0.75675676 0.248 0.05405405
0 0.1505 0.83056133 0.253 0.05375705
0 0.13633333 0.91847342 0.22466667 0.06504307
0 0.4905 0.21621622 0.247 0.05940006
0 0.49416667 0.29209979 0.25433333 0.05078705
0 0.47816667 0.36783487 0.23433333 0.05494505
0 0.46766667 0.44653995 0.21133333 0.04959905
0 0.4825 0.52747253 0.241 0.05524206
0 0.493 0.6017226 0.264 0.05821206
0 0.4845 0.68087318 0.247 0.05850906
0 0.47583333 0.75957826 0.24433333 0.05732106
0 0.47266667 0.82937333 0.238 0.05613306
0 0.48016667 0.91134541 0.25566667 0.06623107
0 0.79983333 0.22171072 0.21833333 0.05494505
0 0.81216667 0.3024948 0.241 0.05850906
0 0.8035 0.37570538 0.22566667 0.05702406
0 0.809 0.45604396 0.23933333 0.05494505
0 0.80466667 0.52970003 0.24066667 0.05732106
0 0.80166667 0.60721711 0.23733333 0.04959905
0 0.8055 0.68651619 0.25433333 0.05613306
0 0.80416667 0.75794476 0.26433333 0.06474606
0 0.81166667 0.83828334 0.284 0.05613306
0 0.79416667 0.91253341 0.237 0.05494505
