0 0.48666667 0.624375 0.23666667 0.04125
0 0.18333333 0.62875 0.20666667 0.0475
0 0.49 0.57125 0.23333333 0.0475
0 0.49333333 0.503125 0.23 0.05625
0 0.185 0.453125 0.20333333 0.04625
0 0.1825 0.394375 0.19833333 0.03875
0 0.1825 0.334375 0.19833333 0.04375
0 0.49083333 0.330625 0.225 0.05375
0 0.18916667 0.269375 0.20833333 0.04625
0 0.8025 0.269375 0.22833333 0.05125
0 0.18166667 0.216875 0.2 0.03625
0 0.7925 0.203125 0.20833333 0.03875
0 0.1925 0.16125 0.215 0.0375
0 0.5 0.1525 0.23666667 0.0425
0 0.80583333 0.149375 0.22833333 0.04625
0 0.19083333 0.103125 0.215 0.04625
0 0.49416667 0.095625 0.225 0.04125
0 0.79666667 0.088125 0.21666667 0.04625
0 0.17833333 0.508125 0.20333333 0.04625
0 0.17666667 0.561875 0.20333333 0.04625
0 0.495 0.2175 0.24333333 0.06
0 0.48666667 0.26625 0.24333333 0.06
0 0.50083333 0.38625 0.23833333 0.055
0 0.4925 0.44625 0.23833333 0.055
0 0.80416667 0.323125 0.22833333 0.05125
0 0.79916667 0.389375 0.22833333 0.05125
0 0.7975 0.450625 0.22833333 0.05125
0 0.80833333 0.51375 0.24 0.0575
0 0.80333333 0.57 0.24 0.0575
0 0.80666667 0.625 0.24 0.0575
