0 0.49583333 0.665 0.23833333 0.0475
0 0.19666667 0.663125 0.22666667 0.04875
0 0.1925 0.601875 0.21833333 0.04375
0 0.495 0.599375 0.23333333 0.05625
0 0.49916667 0.54125 0.24833333 0.0425
0 0.19916667 0.539375 0.235 0.04875
0 0.49916667 0.475625 0.245 0.04125
0 0.19166667 0.4775 0.21666667 0.0525
0 0.49583333 0.415625 0.245 0.04375
0 0.49416667 0.355 0.23833333 0.05
0 0.18833333 0.235 0.23 0.045
0 0.805 0.220625 0.25333333 0.04625
0 0.4925 0.224375 0.245 0.04625
0 0.50583333 0.166875 0.27833333 0.05125
0 0.18416667 0.17625 0.22166667 0.0525
0 0.80333333 0.16125 0.24666667 0.045
0 0.17916667 0.114375 0.22166667 0.06625
0 0.19666667 0.30375 0.23 0.045
0 0.18666667 0.364375 0.22666667 0.06125
0 0.19 0.421875 0.22666667 0.06125
0 0.49416667 0.103125 0.27833333 0.05125
0 0.50083333 0.29125 0.26166667 0.055
0 0.805 0.104375 0.25333333 0.05125
0 0.81 0.289375 0.25333333 0.04625
0 0.80583333 0.35 0.26166667 0.06
0 0.79583333 0.415 0.26166667 0.06
0 0.80833333 0.47375 0.26333333 0.06
0 0.80333333 0.535 0.26333333 0.06
0 0.8 0.59875 0.26333333 0.06
0 0.80333333 0.65875 0.26333333 0.06
