0 0.42416667 0.905 0.185 0.03
0 0.71333333 0.901875 0.17666667 0.03125
0 0.1375 0.9075 0.19833333 0.035
0 0.42666667 0.844375 0.18666667 0.03125
0 0.14583333 0.845625 0.20833333 0.03125
0 0.72 0.843125 0.18666667 0.03625
0 0.44333333 0.7875 0.21333333 0.035
0 0.15 0.786875 0.21 0.03125
0 0.72166667 0.784375 0.19333333 0.03125
0 0.43083333 0.729375 0.17833333 0.03375
0 0.15 0.730625 0.20333333 0.03625
0 0.71083333 0.72375 0.17166667 0.03
0 0.72 0.66875 0.19333333 0.035
0 0.42833333 0.669375 0.17666667 0.03125
0 0.16833333 0.67125 0.22 0.0325
0 0.715 0.6125 0.19 0.0325
0 0.44083333 0.6125 0.20166667 0.03
0 0.70833333 0.560625 0.17666667 0.03125
0 0.435 0.56 0.18666667 0.0325
0 0.15583333 0.558125 0.18833333 0.03125
0 0.7025 0.5075 0.16833333 0.03
0 0.445 0.50375 0.20333333 0.0275
0 0.1675 0.5025 0.205 0.03
0 0.70416667 0.455625 0.17166667 0.03125
0 0.44666667 0.453125 0.20333333 0.03375
0 0.17333333 0.45 0.20666667 0.03
0 0.7125 0.403125 0.18166667 0.02875
0 0.4325 0.39875 0.17166667 0.03
0 0.15916667 0.39625 0.175 0.03
0 0.69583333 0.351875 0.155 0.03125
0 0.44083333 0.34625 0.18833333 0.0275
0 0.6925 0.30125 0.15166667 0.03
0 0.44666667 0.295625 0.19666667 0.02875
0 0.17416667 0.29125 0.19166667 0.03
0 0.69416667 0.25125 0.155 0.03
0 0.45 0.245 0.2 0.03
0 0.16833333 0.240625 0.17333333 0.03125
0 0.43666667 0.19375 0.17 0.03
0 0.165 0.19 0.15333333 0.03
0 0.70916667 0.154375 0.18833333 0.02875
0 0.4325 0.145 0.16166667 0.03
0 0.18166667 0.140625 0.18666667 0.03625
0 0.16416667 0.34375 0.195 0.0375
0 0.69833333 0.200625 0.17 0.03375
0 0.14666667 0.611875 0.2 0.04125
