0 0.80916667 0.981875 0.245 0.03625
0 0.46416667 0.976875 0.185 0.04625
0 0.78583333 0.923125 0.21166667 0.03375
0 0.475 0.911875 0.20666667 0.03125
0 0.7825 0.860625 0.205 0.03125
0 0.465 0.85 0.19333333 0.0325
0 0.17166667 0.84875 0.21666667 0.04
0 0.78583333 0.799375 0.21166667 0.03375
0 0.47583333 0.79375 0.21833333 0.04
0 0.18416667 0.78625 0.24166667 0.0325
0 0.795 0.743125 0.22333333 0.04625
0 0.47166667 0.730625 0.21333333 0.03625
0 0.80583333 0.671875 0.25833333 0.03125
0 0.46166667 0.666875 0.19 0.03375
0 0.16416667 0.66875 0.20833333 0.0375
0 0.7925 0.6175 0.22833333 0.0475
0 0.46416667 0.60875 0.19833333 0.035
0 0.1725 0.6125 0.225 0.0425
0 0.17083333 0.551875 0.225 0.03875
0 0.80416667 0.54875 0.255 0.0375
0 0.4725 0.546875 0.21166667 0.03875
0 0.185 0.489375 0.25333333 0.03375
0 0.78416667 0.48625 0.21166667 0.04
0 0.48083333 0.48875 0.235 0.045
0 0.18416667 0.42875 0.255 0.0325
0 0.47583333 0.4275 0.22833333 0.04
0 0.78083333 0.421875 0.205 0.03875
0 0.17083333 0.3675 0.235 0.035
0 0.47416667 0.3675 0.22166667 0.0425
0 0.79833333 0.354375 0.24333333 0.03625
0 0.1525 0.306875 0.20166667 0.03375
0 0.475 0.30125 0.23 0.035
0 0.79583333 0.291875 0.245 0.03875
0 0.17416667 0.24375 0.245 0.0325
0 0.48 0.238125 0.23666667 0.03625
0 0.81333333 0.224375 0.27666667 0.03625
0 0.1525 0.185625 0.205 0.03125
0 0.46916667 0.173125 0.225 0.03375
0 0.7775 0.16125 0.20833333 0.0375
0 0.16833333 0.125 0.23333333 0.0425
0 0.48666667 0.108125 0.25666667 0.03125
0 0.80583333 0.094375 0.265 0.04375
0 0.17583333 0.729375 0.22833333 0.03625
0 0.16916667 0.91625 0.205 0.0575
0 0.19333333 0.965625 0.24 0.04875
