0 0.7975 0.9425 0.22833333 0.03
0 0.48666667 0.933125 0.19 0.02875
0 0.20333333 0.930625 0.20666667 0.03375
0 0.7775 0.88125 0.18833333 0.03
0 0.50083333 0.874375 0.22166667 0.03125
0 0.2125 0.87 0.225 0.0325
0 0.805 0.823125 0.24666667 0.03125
0 0.5 0.819375 0.21333333 0.03125
0 0.21083333 0.813125 0.21833333 0.03125
0 0.77833333 0.765 0.18333333 0.0325
0 0.48166667 0.76125 0.18 0.0325
0 0.21083333 0.75625 0.215 0.0325
0 0.7925 0.7075 0.22166667 0.03
0 0.495 0.70375 0.20333333 0.035
0 0.22916667 0.7025 0.25166667 0.03
0 0.77666667 0.64875 0.19 0.03
0 0.47833333 0.648125 0.16333333 0.02875
0 0.78416667 0.59125 0.21166667 0.03
0 0.47666667 0.589375 0.16 0.03125
0 0.78583333 0.535 0.21833333 0.03
0 0.4975 0.535 0.205 0.03
0 0.1975 0.53375 0.175 0.035
0 0.78583333 0.479375 0.21833333 0.02875
0 0.2175 0.48 0.215 0.03
0 0.50083333 0.480625 0.21166667 0.03625
0 0.49916667 0.42625 0.20166667 0.03
0 0.205 0.425625 0.18666667 0.03125
0 0.77 0.4225 0.19 0.03
0 0.50833333 0.37125 0.22666667 0.03
0 0.1975 0.370625 0.16833333 0.03125
0 0.77083333 0.366875 0.18833333 0.03125
0 0.5075 0.318125 0.22166667 0.03125
0 0.2325 0.319375 0.235 0.03375
0 0.78166667 0.311875 0.21 0.03625
0 0.48166667 0.263125 0.17 0.02875
0 0.76666667 0.260625 0.18 0.02875
0 0.2175 0.26375 0.20166667 0.0325
0 0.21583333 0.213125 0.195 0.02875
0 0.51083333 0.21125 0.23166667 0.03
0 0.7725 0.205625 0.19833333 0.02875
0 0.4875 0.16 0.18166667 0.0275
0 0.77083333 0.153125 0.195 0.02875
0 0.23583333 0.158125 0.215 0.03125
0 0.21166667 0.589375 0.20333333 0.03625
0 0.20333333 0.64375 0.19666667 0.04
