0 0.20333333 0.660625 0.25333333 0.04875
0 0.51333333 0.651875 0.23333333 0.03875
0 0.18916667 0.59 0.225 0.045
0 0.8125 0.594375 0.23833333 0.04875
0 0.5 0.590625 0.20666667 0.05375
0 0.81583333 0.5375 0.23833333 0.0425
0 0.19416667 0.529375 0.235 0.04125
0 0.50583333 0.533125 0.22166667 0.04625
0 0.81416667 0.475 0.22833333 0.0525
0 0.51083333 0.473125 0.22166667 0.04625
0 0.19416667 0.4725 0.22833333 0.0475
0 0.81166667 0.416875 0.22 0.03875
0 0.195 0.409375 0.23 0.05375
0 0.81083333 0.36125 0.20833333 0.045
0 0.19666667 0.3375 0.23 0.055
0 0.81583333 0.303125 0.21166667 0.05125
0 0.5175 0.293125 0.23166667 0.05625
0 0.19916667 0.28375 0.23833333 0.05
0 0.80916667 0.245625 0.19166667 0.04125
0 0.52083333 0.22875 0.235 0.0475
0 0.195 0.215 0.21333333 0.045
0 0.81583333 0.18375 0.205 0.0425
0 0.5175 0.16125 0.215 0.0375
0 0.2025 0.150625 0.235 0.04625
0 0.51916667 0.099375 0.225 0.04625
0 0.2075 0.088125 0.25166667 0.05375
0 0.51416667 0.351875 0.23166667 0.05625
0 0.5075 0.411875 0.23166667 0.05625
0 0.81666667 0.12625 0.20666667 0.06
0 0.8075 0.649375 0.23833333 0.04875
