0 0.16666667 0.736875 0.3 0.04375
0 0.49833333 0.731875 0.3 0.04375
0 0.83166667 0.726875 0.3 0.04375
0 0.16666667 0.670625 0.3 0.04375
0 0.49666667 0.665625 0.3 0.04375
0 0.83 0.663125 0.3 0.04625
0 0.165 0.604375 0.3 0.04375
0 0.49333333 0.599375 0.3 0.04375
0 0.83333333 0.595625 0.3 0.04375
0 0.16666667 0.53875 0.3 0.0425
0 0.49666667 0.53375 0.3 0.0425
0 0.82833333 0.528125 0.3 0.04375
0 0.17 0.47375 0.3 0.0425
0 0.49166667 0.468125 0.3 0.04375
0 0.825 0.460625 0.3 0.04375
0 0.16666667 0.409375 0.3 0.04375
0 0.49 0.4025 0.3 0.0425
0 0.82166667 0.394375 0.3 0.04375
0 0.16666667 0.34625 0.3 0.0425
0 0.49 0.338125 0.3 0.04375
0 0.82 0.326875 0.3 0.04375
0 0.16833333 0.2825 0.3 0.0425
0 0.48833333 0.2725 0.3 0.0425
0 0.81833333 0.260625 0.3 0.04375
0 0.17 0.21875 0.3 0.0425
0 0.48833333 0.208125 0.3 0.04375
0 0.82 0.193125 0.3 0.04375
0 0.16666667 0.156875 0.3 0.04125
0 0.48333333 0.14375 0.3 0.0425
0 0.81666667 0.125625 0.3 0.04375
