0 0.231 0.144125 0.18666667 0.02825
0 0.23166667 0.19425 0.19866667 0.035
0 0.22933333 0.242 0.19666667 0.0375
0 0.22216667 0.292 0.191 0.0325
0 0.22333333 0.340875 0.198 0.03325
0 0.22383333 0.3905 0.201 0.0325
0 0.2245 0.44375 0.209 0.034
0 0.21783333 0.49575 0.209 0.03
0 0.47616667 0.15125 0.16566667 0.0375
0 0.49883333 0.1995 0.209 0.0325
0 0.49666667 0.244625 0.21533333 0.03425
0 0.47666667 0.29375 0.178 0.0375
0 0.46833333 0.34425 0.15 0.03
0 0.48166667 0.3925 0.19466667 0.035
0 0.46666667 0.44375 0.16666667 0.0325
0 0.46883333 0.495375 0.16433333 0.03075
0 0.725 0.157875 0.15866667 0.03075
0 0.74333333 0.204125 0.198 0.03175
0 0.74 0.24875 0.19333333 0.0275
0 0.72 0.295875 0.158 0.02675
0 0.7555 0.345875 0.21566667 0.02825
0 0.745 0.398 0.19 0.0275
0 0.73166667 0.445875 0.16133333 0.03175
0 0.74766667 0.495875 0.2 0.03325
0 0.21 0.5495 0.202 0.0325
0 0.20266667 0.6025 0.19 0.0385
0 0.22283333 0.6575 0.241 0.035
0 0.19166667 0.712875 0.18533333 0.03425
0 0.19116667 0.769125 0.19766667 0.03325
0 0.22616667 0.830875 0.261 0.03825
0 0.19333333 0.885 0.218 0.0385
0 0.48883333 0.544125 0.21566667 0.03825
0 0.4745 0.6 0.17566667 0.0315
0 0.49 0.655375 0.202 0.03575
0 0.485 0.71125 0.21 0.0375
0 0.48283333 0.769125 0.20766667 0.03175
0 0.496 0.822875 0.22333333 0.03575
0 0.49 0.879125 0.23133333 0.03825
0 0.7545 0.54875 0.20433333 0.026
0 0.75666667 0.60325 0.20666667 0.03
0 0.749 0.652 0.2 0.0375
0 0.74933333 0.708375 0.19 0.03325
0 0.76716667 0.7645 0.23233333 0.0325
0 0.7695 0.8175 0.23433333 0.035
0 0.75716667 0.88 0.199 0.035
