0 0.226 0.127125 0.22733333 0.02825
0 0.49766667 0.112 0.226 0.037
0 0.76583333 0.09775 0.20566667 0.0455
0 0.2145 0.175 0.19566667 0.048
0 0.47383333 0.16675 0.19833333 0.0425
0 0.77366667 0.1565 0.22466667 0.035
0 0.21583333 0.232625 0.219 0.03275
0 0.48833333 0.223875 0.24466667 0.04125
0 0.77666667 0.21575 0.23333333 0.049
0 0.20933333 0.29175 0.20266667 0.049
0 0.48116667 0.276 0.22166667 0.039
0 0.7795 0.269625 0.245 0.04125
0 0.18983333 0.34175 0.16366667 0.038
0 0.4905 0.333625 0.235 0.03475
0 0.75933333 0.325 0.19866667 0.048
0 0.18833333 0.392875 0.178 0.04225
0 0.47816667 0.389625 0.22166667 0.04875
0 0.76933333 0.386875 0.23333333 0.04775
0 0.202 0.445 0.21466667 0.049
0 0.463 0.446625 0.18266667 0.04125
0 0.76583333 0.446125 0.22633333 0.05125
0 0.208 0.50375 0.20866667 0.038
0 0.47233333 0.498875 0.20133333 0.03925
0 0.763 0.502125 0.22333333 0.03925
0 0.20433333 0.555375 0.23333333 0.04775
0 0.51516667 0.55975 0.287 0.0455
0 0.78033333 0.562375 0.232 0.04025
0 0.2035 0.6125 0.235 0.038
0 0.47883333 0.6135 0.21433333 0.0425
0 0.765 0.625 0.22466667 0.037
0 0.19983333 0.6635 0.239 0.0425
0 0.46366667 0.6705 0.184 0.05
0 0.76883333 0.682625 0.229 0.04125
0 0.186 0.716875 0.20866667 0.04025
0 0.463 0.731 0.2 0.0425
0 0.76733333 0.7445 0.21733333 0.0435
0 0.20283333 0.7755 0.239 0.038
0 0.46516667 0.786375 0.20166667 0.04675
0 0.76733333 0.80325 0.226 0.048
0 0.21016667 0.832625 0.26233333 0.04125
0 0.473 0.84625 0.226 0.0445
0 0.765 0.8635 0.22466667 0.0575
0 0.19483333 0.886375 0.22633333 0.04025
0 0.4645 0.90275 0.203 0.049
0 0.7745 0.92225 0.24366667 0.0425
