0 0.15166667 0.9375 0.18 0.0375
0 0.76416667 0.930625 0.225 0.03125
0 0.4625 0.933125 0.20166667 0.03625
0 0.775 0.873125 0.24666667 0.03375
0 0.15166667 0.87625 0.18666667 0.0325
0 0.46166667 0.87125 0.21 0.0375
0 0.7575 0.816875 0.21166667 0.03625
0 0.45916667 0.81375 0.19166667 0.035
0 0.77916667 0.758125 0.255 0.03375
0 0.175 0.756875 0.22333333 0.03375
0 0.45333333 0.755 0.18333333 0.03
0 0.75083333 0.699375 0.205 0.03125
0 0.4525 0.7 0.175 0.035
0 0.17666667 0.696875 0.22333333 0.03375
0 0.74416667 0.644375 0.185 0.03125
0 0.4625 0.644375 0.19166667 0.03375
0 0.15916667 0.64 0.17833333 0.035
0 0.74333333 0.59 0.18 0.0325
0 0.475 0.585 0.21666667 0.0325
0 0.175 0.584375 0.2 0.03125
0 0.73416667 0.531875 0.17166667 0.02875
0 0.45666667 0.53 0.17333333 0.03
0 0.1875 0.528125 0.22166667 0.03375
0 0.72666667 0.478125 0.15 0.03125
0 0.45166667 0.47375 0.16333333 0.0275
0 0.17083333 0.468125 0.17833333 0.03125
0 0.74333333 0.424375 0.18666667 0.02875
0 0.47833333 0.42 0.21333333 0.03
0 0.17 0.41625 0.17666667 0.03
0 0.76083333 0.371875 0.21833333 0.03125
0 0.73083333 0.31625 0.165 0.03
0 0.4775 0.313125 0.20833333 0.03125
0 0.2025 0.3075 0.23166667 0.0325
0 0.73166667 0.263125 0.16333333 0.02875
0 0.46416667 0.26125 0.17833333 0.035
0 0.18666667 0.25375 0.18666667 0.0325
0 0.74583333 0.213125 0.18166667 0.03125
0 0.47166667 0.204375 0.19 0.03125
0 0.1925 0.199375 0.19833333 0.03125
0 0.73416667 0.158125 0.16166667 0.02625
0 0.47583333 0.153125 0.195 0.03125
0 0.19583333 0.144375 0.20166667 0.03125
0 0.18333333 0.360625 0.19333333 0.03375
0 0.45333333 0.364375 0.17 0.03625
0 0.14666667 0.813125 0.18 0.03875
