0 0.20916667 0.4825 0.235 0.0375
0 0.85166667 0.898125 0.27666667 0.03875
0 0.525 0.89 0.26333333 0.0425
0 0.21416667 0.871875 0.26166667 0.03375
0 0.8475 0.835 0.26166667 0.045
0 0.51416667 0.825 0.24166667 0.035
0 0.20833333 0.811875 0.23666667 0.03375
0 0.82666667 0.771875 0.22666667 0.03875
0 0.5375 0.765625 0.27833333 0.04125
0 0.20416667 0.754375 0.21833333 0.03125
0 0.82583333 0.710625 0.23166667 0.03375
0 0.52833333 0.705 0.25333333 0.0375
0 0.21083333 0.698125 0.22833333 0.03125
0 0.82416667 0.6475 0.23166667 0.035
0 0.53916667 0.645625 0.27166667 0.03125
0 0.205 0.645625 0.21333333 0.03125
0 0.80666667 0.593125 0.19666667 0.03375
0 0.505 0.590625 0.19 0.02875
0 0.20333333 0.590625 0.21 0.03125
0 0.82083333 0.53625 0.225 0.0375
0 0.50666667 0.53625 0.19333333 0.0325
0 0.23583333 0.535 0.26833333 0.0325
0 0.82 0.481875 0.22666667 0.02875
0 0.52083333 0.42875 0.22166667 0.0275
0 0.81583333 0.428125 0.22166667 0.02875
0 0.23166667 0.428125 0.25333333 0.03125
0 0.50166667 0.376875 0.18333333 0.02875
0 0.18083333 0.371875 0.15166667 0.02875
0 0.5225 0.323125 0.22166667 0.02875
0 0.79416667 0.321875 0.18166667 0.03375
0 0.21833333 0.320625 0.22666667 0.03125
0 0.52083333 0.271875 0.21833333 0.02875
0 0.2075 0.265625 0.195 0.02875
0 0.80916667 0.221875 0.20166667 0.02875
0 0.5125 0.219375 0.19833333 0.03375
0 0.225 0.214375 0.22 0.03125
0 0.7975 0.170625 0.18166667 0.03375
0 0.5025 0.165625 0.17833333 0.03125
0 0.7975 0.116875 0.18166667 0.02875
0 0.52083333 0.115625 0.20833333 0.03125
0 0.22083333 0.113125 0.19166667 0.02875
0 0.51 0.484375 0.21333333 0.03625
0 0.20083333 0.163125 0.17166667 0.03625
0 0.79833333 0.273125 0.19333333 0.03375
0 0.81166667 0.379375 0.21333333 0.03625
