0 0.855 0.886875 0.19333333 0.03125
0 0.5525 0.885625 0.25166667 0.03375
0 0.2425 0.8775 0.295 0.035
0 0.56166667 0.828125 0.26666667 0.03625
0 0.86 0.82875 0.2 0.035
0 0.22 0.819375 0.24333333 0.03375
0 0.85583333 0.77125 0.195 0.0325
0 0.53333333 0.768125 0.20666667 0.03125
0 0.22 0.7675 0.23 0.0325
0 0.52666667 0.71375 0.19333333 0.0325
0 0.20916667 0.7125 0.205 0.03
0 0.84916667 0.71375 0.18166667 0.035
0 0.8625 0.65875 0.21833333 0.03
0 0.52416667 0.658125 0.175 0.03125
0 0.22 0.655 0.21333333 0.03
0 0.85416667 0.605625 0.20166667 0.03375
0 0.52916667 0.604375 0.19166667 0.03125
0 0.24166667 0.6025 0.25 0.03
0 0.22 0.548125 0.20666667 0.02875
0 0.52416667 0.546875 0.17833333 0.03125
0 0.84083333 0.5475 0.17833333 0.0325
0 0.2325 0.49875 0.21833333 0.0325
0 0.85583333 0.49625 0.21166667 0.03
0 0.53666667 0.49625 0.2 0.0325
0 0.53916667 0.445 0.19833333 0.03
0 0.25 0.443125 0.25333333 0.02875
0 0.8325 0.3875 0.16166667 0.0325
0 0.23583333 0.34125 0.21166667 0.0275
0 0.54083333 0.34125 0.20833333 0.0325
0 0.83333333 0.3375 0.17 0.03
0 0.25416667 0.2925 0.245 0.0275
0 0.5325 0.29 0.185 0.0275
0 0.82666667 0.283125 0.16 0.02875
0 0.2175 0.241875 0.16833333 0.02875
0 0.83833333 0.23375 0.17666667 0.0275
0 0.54416667 0.186875 0.205 0.02875
0 0.83333333 0.181875 0.19 0.03875
0 0.26083333 0.141875 0.24166667 0.03125
0 0.54916667 0.13625 0.21833333 0.03
0 0.84 0.13 0.19 0.0275
0 0.24 0.188125 0.21333333 0.03625
0 0.5425 0.2375 0.20833333 0.0325
0 0.22916667 0.3925 0.195 0.0325
0 0.53583333 0.390625 0.195 0.03375
0 0.82583333 0.43875 0.15833333 0.03
