0 0.27314815 0.165625 0.2037037 0.03541667
0 0.27546296 0.21423611 0.19351852 0.03680556
0 0.26898148 0.26597222 0.21759259 0.03333333
0 0.26296296 0.315625 0.19074074 0.03402778
0 0.26944444 0.37708333 0.22222222 0.05
0 0.2712963 0.42673611 0.2 0.03402778
0 0.26898148 0.48229167 0.2212963 0.04513889
0 0.26666667 0.53263889 0.21111111 0.04027778
0 0.26759259 0.58715278 0.22037037 0.04513889
0 0.25972222 0.64444444 0.23055556 0.04583333
0 0.53611111 0.15069444 0.1962963 0.02916667
0 0.54351852 0.20555556 0.2037037 0.03888889
0 0.55462963 0.25833333 0.23888889 0.0375
0 0.55277778 0.31736111 0.24074074 0.03055556
0 0.5375 0.37430556 0.24166667 0.03611111
0 0.54027778 0.42847222 0.24166667 0.04166667
0 0.5375 0.47951389 0.23611111 0.03958333
0 0.53472222 0.54027778 0.24166667 0.03611111
0 0.53333333 0.59340278 0.21296296 0.03680556
0 0.53240741 0.65381944 0.22037037 0.03680556
0 0.81898148 0.140625 0.20092593 0.03819444
0 0.81527778 0.19965278 0.21388889 0.03958333
0 0.82314815 0.25347222 0.22592593 0.03194444
0 0.8162037 0.3125 0.22314815 0.03472222
0 0.81944444 0.371875 0.23333333 0.03541667
0 0.81064815 0.42986111 0.21203704 0.03611111
0 0.82592593 0.48715278 0.26666667 0.03541667
0 0.81574074 0.54756944 0.23518519 0.04097222
0 0.80601852 0.60694444 0.23240741 0.04583333
0 0.8337963 0.66458333 0.26759259 0.04583333
