0 0.16166667 0.7075 0.3 0.045
0 0.50166667 0.7075 0.3 0.045
0 0.84333333 0.706875 0.3 0.04625
0 0.165 0.639375 0.3 0.04375
0 0.50166667 0.638125 0.3 0.04375
0 0.845 0.635 0.3 0.045
0 0.17166667 0.571875 0.3 0.04375
0 0.5 0.568125 0.3 0.04375
0 0.83833333 0.559375 0.3 0.06375
0 0.17416667 0.499375 0.29833333 0.05375
0 0.50333333 0.495 0.29666667 0.055
0 0.835 0.495625 0.3 0.04375
0 0.175 0.43875 0.3 0.0425
0 0.50416667 0.423125 0.295 0.06125
0 0.835 0.43125 0.3 0.05
0 0.17833333 0.37375 0.3 0.0425
0 0.50166667 0.36625 0.3 0.0425
0 0.835 0.360625 0.3 0.04375
0 0.18 0.31 0.3 0.0425
0 0.50166667 0.30125 0.3 0.0425
0 0.83166667 0.293125 0.3 0.04375
0 0.18666667 0.246875 0.3 0.04125
0 0.825 0.226875 0.3 0.04375
0 0.50333333 0.175625 0.3 0.04125
0 0.185 0.180625 0.3 0.05625
0 0.82333333 0.16625 0.3 0.05
0 0.19 0.119375 0.3 0.05625
0 0.50166667 0.1125 0.3 0.045
0 0.82166667 0.100625 0.3 0.04125
0 0.48916667 0.235625 0.27833333 0.05875
