0 0.2 0.590625 0.25333333 0.04125
0 0.2025 0.469375 0.25833333 0.05375
0 0.2025 0.34875 0.255 0.055
0 0.1425 0.290625 0.14166667 0.03375
0 0.14166667 0.231875 0.14 0.03625
0 0.16583333 0.173125 0.18166667 0.04375
0 0.47833333 0.1225 0.25333333 0.055
0 0.1675 0.10875 0.195 0.045
0 0.1975 0.41125 0.255 0.055
0 0.1925 0.531875 0.25833333 0.05375
0 0.185 0.654375 0.22333333 0.05875
0 0.47833333 0.18375 0.27 0.055
0 0.46583333 0.23875 0.24166667 0.0475
0 0.4725 0.2925 0.24166667 0.0475
0 0.4725 0.3525 0.24166667 0.0475
0 0.4725 0.41375 0.24166667 0.0475
0 0.4725 0.47 0.24166667 0.0475
0 0.46916667 0.526875 0.24166667 0.05375
0 0.4675 0.585625 0.24166667 0.05375
0 0.46 0.639375 0.22333333 0.04875
0 0.75333333 0.13625 0.25333333 0.055
0 0.73583333 0.193125 0.21166667 0.05125
0 0.73416667 0.248125 0.215 0.05375
0 0.73083333 0.304375 0.215 0.05375
0 0.73416667 0.358125 0.215 0.05375
0 0.73083333 0.414375 0.215 0.05375
0 0.7325 0.466875 0.215 0.05375
0 0.72916667 0.523125 0.215 0.05375
0 0.7375 0.578125 0.215 0.05375
0 0.72416667 0.63375 0.20166667 0.0475
