0 0.36861413 0.40329142 0.1736413 0.03698225
0 0.38328804 0.44702293 0.20081522 0.03198964
0 0.36875 0.48677885 0.1923913 0.03198964
0 0.36970109 0.52801405 0.18396739 0.03198964
0 0.38233696 0.57710799 0.2173913 0.0362426
0 0.37336957 0.61982249 0.22880435 0.0362426
0 0.38165761 0.66743713 0.24972826 0.03198964
0 0.37336957 0.71301775 0.20597826 0.0362426
0 0.36657609 0.76164941 0.22391304 0.04548817
0 0.37703804 0.81176036 0.23396739 0.05473373
0 0.58247283 0.41179734 0.15788043 0.04400888
0 0.60434783 0.45663831 0.18913043 0.03975592
0 0.59660326 0.49528476 0.18396739 0.03346893
0 0.59497283 0.53309911 0.21005435 0.0362426
0 0.61168478 0.57424186 0.21195652 0.04197485
0 0.60910326 0.62407544 0.1986413 0.04326923
0 0.61847826 0.67067308 0.21304348 0.04252959
0 0.60855978 0.71301775 0.18288043 0.03772189
0 0.61277174 0.7631287 0.21630435 0.04548817
0 0.6080163 0.81213018 0.19429348 0.04548817
0 0.79619565 0.42816198 0.16521739 0.03975592
0 0.79714674 0.46440459 0.17146739 0.03125
0 0.81548913 0.50212648 0.18695652 0.03568787
0 0.81657609 0.54622781 0.18913043 0.02995562
0 0.82269022 0.58496672 0.19755435 0.03346893
0 0.82432065 0.62657175 0.18179348 0.03420858
0 0.83383152 0.67205991 0.19429348 0.03125
0 0.83328804 0.71801036 0.18722826 0.0262574
0 0.83736413 0.7631287 0.18722826 0.02995562
0 0.84375 0.80251479 0.20597826 0.04622781
