0 0.30677083 0.75416667 0.05729167 0.25833333
0 0.35989583 0.75694444 0.05520833 0.25833333
0 0.42760417 0.74513889 0.05729167 0.27361111
0 0.47447917 0.74652778 0.059375 0.2625
0 0.53645833 0.74513889 0.04791667 0.27361111
0 0.59270833 0.74027778 0.05208333 0.27222222
0 0.64166667 0.73958333 0.05625 0.28194444
0 0.70364583 0.75416667 0.053125 0.27222222
0 0.75833333 0.74166667 0.05625 0.26388889
0 0.81614583 0.75138889 0.06354167 0.26944444
0 0.30416667 0.47569444 0.05208333 0.2625
0 0.36979167 0.46736111 0.05833333 0.27083333
0 0.42604167 0.46111111 0.0625 0.27777778
0 0.48333333 0.47013889 0.06041667 0.26527778
0 0.54322917 0.45972222 0.04895833 0.26388889
0 0.60260417 0.46180556 0.06354167 0.26805556
0 0.66041667 0.45972222 0.04791667 0.28333333
0 0.71197917 0.47708333 0.06354167 0.26805556
0 0.77239583 0.45 0.04270833 0.30833333
0 0.83489583 0.47430556 0.06145833 0.28194444
0 0.3046875 0.17777778 0.06145833 0.25277778
0 0.36822917 0.17152778 0.05520833 0.24861111
0 0.42864583 0.17152778 0.06770833 0.27083333
0 0.49375 0.18125 0.07083333 0.27916667
0 0.55885417 0.17916667 0.04479167 0.28888889
0 0.6125 0.17986111 0.0625 0.27361111
0 0.67552083 0.18263889 0.06354167 0.28194444
0 0.73958333 0.18472222 0.05208333 0.275
0 0.7984375 0.18888889 0.06145833 0.26666667
0 0.8515625 0.19027778 0.084375 0.26944444
