0 0.8675 0.901875 0.265 0.03375
0 0.51666667 0.895625 0.25 0.03625
0 0.17333333 0.888125 0.22333333 0.03125
0 0.86083333 0.83875 0.25166667 0.0375
0 0.5075 0.830625 0.23166667 0.03625
0 0.17166667 0.82875 0.22666667 0.0325
0 0.8375 0.775 0.20833333 0.0325
0 0.50916667 0.76875 0.22833333 0.035
0 0.17916667 0.7675 0.225 0.03
0 0.18083333 0.708125 0.23166667 0.02875
0 0.84833333 0.71 0.23666667 0.035
0 0.845 0.650625 0.23666667 0.03125
0 0.50666667 0.65375 0.22333333 0.0375
0 0.20166667 0.65 0.26666667 0.03
0 0.5125 0.593125 0.22833333 0.03125
0 0.2 0.590625 0.25666667 0.03375
0 0.83916667 0.589375 0.23166667 0.03625
0 0.1825 0.535625 0.21166667 0.02875
0 0.83333333 0.5325 0.21 0.0325
0 0.185 0.479375 0.21 0.02875
0 0.52 0.476875 0.24 0.02875
0 0.83416667 0.473125 0.22833333 0.03375
0 0.51833333 0.42125 0.23333333 0.0325
0 0.17416667 0.4225 0.185 0.03
0 0.81916667 0.411875 0.20166667 0.03625
0 0.4875 0.369375 0.17166667 0.03625
0 0.83166667 0.36125 0.22666667 0.035
0 0.19416667 0.314375 0.215 0.02875
0 0.525 0.30875 0.25 0.03
0 0.81333333 0.30125 0.19 0.0325
0 0.2075 0.260625 0.235 0.02875
0 0.49833333 0.25375 0.19666667 0.035
0 0.80333333 0.246875 0.17333333 0.03375
0 0.20416667 0.2075 0.22833333 0.03
0 0.5275 0.195625 0.255 0.03375
0 0.82083333 0.1875 0.20833333 0.03
0 0.2 0.153125 0.21333333 0.03125
0 0.5075 0.141875 0.21833333 0.03125
0 0.82166667 0.133125 0.21333333 0.03125
0 0.215 0.100625 0.23666667 0.03125
0 0.50583333 0.0875 0.20833333 0.03
0 0.8225 0.078125 0.21833333 0.03125
0 0.17666667 0.3675 0.18333333 0.035
0 0.5475 0.53 0.30166667 0.04
0 0.49583333 0.7075 0.20166667 0.0375
