0 0.75666667 0.69125 0.21666667 0.0375
0 0.47666667 0.694375 0.21333333 0.04125
0 0.22583333 0.683125 0.235 0.03625
0 0.7525 0.639375 0.21833333 0.03375
0 0.48166667 0.63375 0.22 0.0375
0 0.21583333 0.6275 0.21833333 0.0375
0 0.75583333 0.589375 0.21833333 0.04125
0 0.2275 0.58 0.23833333 0.0375
0 0.48833333 0.579375 0.22666667 0.04125
0 0.75583333 0.525625 0.22166667 0.04125
0 0.21833333 0.525625 0.21666667 0.03875
0 0.48 0.52375 0.21666667 0.035
0 0.48166667 0.474375 0.21333333 0.03375
0 0.76083333 0.474375 0.225 0.03625
0 0.22 0.47125 0.22333333 0.035
0 0.76166667 0.419375 0.22 0.03625
0 0.485 0.42 0.22333333 0.035
0 0.21416667 0.415625 0.205 0.03875
0 0.2075 0.36625 0.19166667 0.04
0 0.76583333 0.365625 0.23166667 0.04125
0 0.48583333 0.3675 0.22833333 0.045
0 0.2225 0.31625 0.22166667 0.035
0 0.48916667 0.31125 0.22166667 0.0375
0 0.76666667 0.31 0.23 0.04
0 0.76916667 0.254375 0.225 0.03375
0 0.48333333 0.253125 0.22 0.03625
0 0.74416667 0.203125 0.185 0.03375
0 0.19916667 0.2075 0.17166667 0.0425
0 0.485 0.2025 0.21666667 0.045
0 0.1975 0.265 0.17166667 0.0425
