0 0.82166667 0.715625 0.3 0.04375
0 0.49166667 0.713125 0.3 0.04375
0 0.175 0.7125 0.3 0.0425
0 0.17166667 0.65125 0.3 0.0425
0 0.82166667 0.650625 0.3 0.04375
0 0.49 0.650625 0.3 0.04375
0 0.17166667 0.58875 0.3 0.0425
0 0.48666667 0.58625 0.3 0.0425
0 0.82166667 0.585625 0.3 0.04375
0 0.17 0.52625 0.3 0.0425
0 0.48833333 0.52375 0.3 0.0425
0 0.81833333 0.520625 0.3 0.04375
0 0.16833333 0.464375 0.3 0.04125
0 0.485 0.46 0.3 0.0425
0 0.81666667 0.454375 0.3 0.04375
0 0.16833333 0.4025 0.3 0.0425
0 0.48333333 0.39625 0.3 0.0425
0 0.81666667 0.389375 0.3 0.04375
0 0.16833333 0.339375 0.3 0.04375
0 0.48333333 0.331875 0.3 0.04375
0 0.815 0.323125 0.3 0.04375
0 0.16666667 0.278125 0.3 0.04375
0 0.48166667 0.268125 0.3 0.04375
0 0.815 0.2575 0.3 0.045
0 0.165 0.21625 0.3 0.0425
0 0.48 0.204375 0.3 0.04375
0 0.81333333 0.191875 0.3 0.04375
0 0.165 0.15375 0.3 0.0425
0 0.48 0.140625 0.3 0.04375
0 0.81333333 0.125625 0.3 0.04375
