0 0.80833333 0.97 0.26333333 0.04
0 0.46916667 0.96875 0.23833333 0.045
0 0.16833333 0.965 0.23666667 0.0575
0 0.78833333 0.91 0.23 0.04
0 0.47083333 0.89875 0.23833333 0.035
0 0.15416667 0.898125 0.20833333 0.04125
0 0.79916667 0.848125 0.255 0.04625
0 0.48833333 0.8375 0.28 0.04
0 0.18083333 0.83125 0.265 0.0375
0 0.79833333 0.781875 0.25333333 0.04375
0 0.15916667 0.773125 0.21833333 0.04125
0 0.79416667 0.7175 0.23833333 0.045
0 0.77666667 0.649375 0.21333333 0.04125
0 0.13916667 0.646875 0.19166667 0.03875
0 0.4725 0.6475 0.245 0.0425
0 0.79833333 0.58375 0.25 0.04
0 0.165 0.58 0.24333333 0.0325
0 0.48166667 0.584375 0.26333333 0.04375
0 0.47916667 0.516875 0.26166667 0.04125
0 0.79 0.525 0.24333333 0.0525
0 0.17333333 0.52125 0.25333333 0.0475
0 0.16416667 0.461875 0.245 0.04625
0 0.465 0.45625 0.23333333 0.04
0 0.79916667 0.448125 0.25833333 0.03375
0 0.16416667 0.3975 0.24166667 0.0475
0 0.46416667 0.386875 0.23166667 0.03375
0 0.79416667 0.38875 0.255 0.0475
0 0.16 0.335 0.23333333 0.05
0 0.45666667 0.3275 0.22333333 0.04
0 0.79916667 0.32 0.25833333 0.0425
0 0.14416667 0.2625 0.205 0.0325
0 0.47083333 0.265625 0.245 0.04625
0 0.79666667 0.254375 0.26 0.04125
0 0.15333333 0.20625 0.23 0.0425
0 0.46333333 0.2 0.24 0.0425
0 0.805 0.1875 0.27333333 0.04
0 0.14166667 0.14 0.21 0.0425
0 0.4575 0.13 0.22833333 0.035
0 0.1375 0.075625 0.19833333 0.03625
0 0.4475 0.070625 0.205 0.04125
0 0.77416667 0.056875 0.215 0.04125
0 0.8175 0.121875 0.30166667 0.04625
0 0.5075 0.774375 0.29833333 0.04875
0 0.47833333 0.708125 0.24666667 0.04875
0 0.1425 0.706875 0.19166667 0.03875
