0 0.78583333 0.730625 0.25833333 0.04125
0 0.46916667 0.66875 0.225 0.0375
0 0.1725 0.6125 0.20833333 0.0325
0 0.45166667 0.609375 0.18333333 0.03375
0 0.76 0.609375 0.2 0.03375
0 0.47583333 0.55 0.235 0.0325
0 0.74916667 0.550625 0.18166667 0.03625
0 0.15416667 0.498125 0.18833333 0.03125
0 0.45916667 0.491875 0.19833333 0.03375
0 0.15666667 0.4375 0.19666667 0.0325
0 0.44416667 0.431875 0.175 0.03875
0 0.76666667 0.42125 0.23 0.03
0 0.4625 0.3725 0.225 0.0325
0 0.76083333 0.359375 0.22166667 0.03375
0 0.15166667 0.3225 0.19666667 0.03
0 0.46916667 0.311875 0.245 0.03375
0 0.7575 0.298125 0.215 0.03625
0 0.15416667 0.265 0.21833333 0.0325
0 0.43416667 0.2525 0.175 0.0325
0 0.74166667 0.235625 0.18333333 0.04125
0 0.145 0.205 0.20333333 0.03
0 0.45333333 0.1875 0.22 0.035
0 0.77666667 0.16875 0.26 0.035
0 0.14833333 0.145 0.21 0.03
0 0.43416667 0.12875 0.19166667 0.03
0 0.74416667 0.104375 0.20166667 0.03375
0 0.75416667 0.486875 0.20166667 0.03375
0 0.1475 0.38125 0.17833333 0.03
0 0.1725 0.67375 0.18833333 0.0325
0 0.19916667 0.726875 0.23833333 0.03625
0 0.17833333 0.841875 0.20333333 0.03875
0 0.19083333 0.781875 0.23833333 0.03625
0 0.18666667 0.898125 0.20333333 0.03875
0 0.47583333 0.785625 0.215 0.04125
0 0.18333333 0.950625 0.20333333 0.03875
0 0.45833333 0.726875 0.20333333 0.03875
0 0.44916667 0.901875 0.165 0.04125
0 0.47416667 0.8375 0.225 0.0375
0 0.48666667 0.96 0.21666667 0.0525
0 0.7475 0.670625 0.175 0.03875
0 0.77166667 0.79125 0.21 0.0475
0 0.79 0.846875 0.25 0.03875
0 0.79166667 0.906875 0.25 0.03875
0 0.79 0.965625 0.25 0.03875
0 0.16416667 0.556875 0.18833333 0.03125
