0 0.16833333 0.720625 0.3 0.04375
0 0.48 0.718125 0.3 0.04375
0 0.79666667 0.7125 0.3 0.0425
0 0.48166667 0.654375 0.3 0.04375
0 0.79666667 0.64875 0.3 0.0425
0 0.16833333 0.6575 0.3 0.0575
0 0.17 0.591875 0.3 0.04375
0 0.48166667 0.58875 0.3 0.0425
0 0.79666667 0.58625 0.3 0.0425
0 0.17166667 0.5275 0.3 0.0425
0 0.48166667 0.525625 0.3 0.04375
0 0.795 0.5225 0.3 0.0425
0 0.16666667 0.4625 0.3 0.0425
0 0.48333333 0.46125 0.3 0.0425
0 0.795 0.46 0.3 0.0425
0 0.17166667 0.39875 0.3 0.0425
0 0.795 0.396875 0.3 0.04125
0 0.48 0.395625 0.3 0.05125
0 0.17 0.33375 0.3 0.0425
0 0.79333333 0.33375 0.3 0.0425
0 0.48166667 0.33375 0.3 0.0425
0 0.79666667 0.27125 0.3 0.0425
0 0.48 0.27 0.3 0.0425
0 0.16833333 0.273125 0.3 0.05125
0 0.79333333 0.20875 0.3 0.0425
0 0.47833333 0.2075 0.3 0.0425
0 0.16833333 0.2075 0.3 0.0425
0 0.795 0.14625 0.3 0.0425
0 0.47833333 0.14375 0.3 0.0425
0 0.17 0.145625 0.3 0.04875
