0 0.19583333 0.68125 0.23166667 0.0325
0 0.47 0.6775 0.24333333 0.035
0 0.74666667 0.669375 0.24666667 0.04125
0 0.185 0.620625 0.23 0.03375
0 0.7425 0.6125 0.245 0.035
0 0.47083333 0.618125 0.245 0.03625
0 0.195 0.565 0.23333333 0.035
0 0.74083333 0.56125 0.245 0.0325
0 0.46166667 0.563125 0.23 0.03625
0 0.1925 0.511875 0.22166667 0.03375
0 0.45666667 0.5075 0.21333333 0.035
0 0.73583333 0.505625 0.24166667 0.03625
0 0.46333333 0.45125 0.23666667 0.03
0 0.1875 0.4525 0.21166667 0.0375
0 0.7375 0.44875 0.24166667 0.045
0 0.46166667 0.40375 0.23333333 0.0425
0 0.19416667 0.399375 0.225 0.03625
0 0.73333333 0.39875 0.24 0.0375
0 0.72833333 0.34875 0.23333333 0.0375
0 0.45833333 0.34375 0.23 0.0325
0 0.1825 0.345 0.19833333 0.035
0 0.72833333 0.291875 0.24 0.02875
0 0.45666667 0.2925 0.22666667 0.035
0 0.2 0.290625 0.23666667 0.03375
0 0.4625 0.23875 0.235 0.04
0 0.72916667 0.238125 0.235 0.04125
0 0.19333333 0.23375 0.22 0.035
0 0.725 0.193125 0.24 0.03375
0 0.44333333 0.1875 0.24333333 0.0375
0 0.19583333 0.184375 0.225 0.03125
