0 0.27760417 0.79722222 0.06145833 0.175
0 0.33177083 0.79305556 0.05520833 0.18611111
0 0.38541667 0.78888889 0.05625 0.19444444
0 0.43802083 0.78541667 0.06354167 0.20138889
0 0.4984375 0.78263889 0.059375 0.2125
0 0.55 0.7875 0.05833333 0.21388889
0 0.60520833 0.78958333 0.05625 0.20972222
0 0.66145833 0.79166667 0.06041667 0.2
0 0.7140625 0.78680556 0.04895833 0.19027778
0 0.76770833 0.78263889 0.06041667 0.2125
0 0.79375 0.50694444 0.05833333 0.26666667
0 0.7375 0.49791667 0.05416667 0.24305556
0 0.67604167 0.50347222 0.08125 0.24583333
0 0.62135417 0.50486111 0.04895833 0.24861111
0 0.5609375 0.50833333 0.05520833 0.21388889
0 0.50625 0.49444444 0.06875 0.25555556
0 0.44427083 0.51111111 0.059375 0.22222222
0 0.3859375 0.50138889 0.05729167 0.25
0 0.32864583 0.52152778 0.06145833 0.19305556
0 0.26354167 0.52361111 0.06666667 0.19722222
0 0.25989583 0.21666667 0.06770833 0.21111111
0 0.32552083 0.22222222 0.06145833 0.21666667
0 0.3859375 0.22222222 0.05520833 0.22222222
0 0.4453125 0.22638889 0.053125 0.21944444
0 0.5109375 0.22708333 0.05729167 0.22916667
0 0.57135417 0.21527778 0.071875 0.23888889
0 0.6265625 0.22847222 0.059375 0.24305556
0 0.68541667 0.22083333 0.07083333 0.22777778
0 0.7453125 0.21666667 0.05104167 0.22777778
0 0.80572917 0.22847222 0.059375 0.23472222
