0 0.20083333 0.674375 0.25166667 0.05125
0 0.20166667 0.610625 0.25 0.04875
0 0.20333333 0.548125 0.25333333 0.04375
0 0.20166667 0.4825 0.25333333 0.0475
0 0.2025 0.42 0.25166667 0.0425
0 0.205 0.355625 0.25 0.05125
0 0.19583333 0.27875 0.235 0.06
0 0.5 0.246875 0.22666667 0.04875
0 0.51166667 0.181875 0.25 0.04625
0 0.79416667 0.14375 0.225 0.045
0 0.5075 0.1225 0.24166667 0.0575
0 0.1975 0.101875 0.24833333 0.04875
0 0.1975 0.159375 0.255 0.05125
0 0.2025 0.226875 0.255 0.05125
0 0.49833333 0.301875 0.22666667 0.04875
0 0.49166667 0.365625 0.22666667 0.04875
0 0.49 0.426875 0.22666667 0.04875
0 0.48833333 0.488125 0.22666667 0.04875
0 0.49 0.549375 0.22666667 0.04875
0 0.48666667 0.606875 0.22666667 0.04875
0 0.47666667 0.666875 0.22666667 0.04875
0 0.7825 0.206875 0.215 0.05375
0 0.78083333 0.260625 0.215 0.05375
0 0.77916667 0.318125 0.215 0.05375
0 0.7725 0.371875 0.215 0.05375
0 0.77416667 0.428125 0.215 0.05375
0 0.77416667 0.484375 0.215 0.05375
0 0.76583333 0.544375 0.215 0.05375
0 0.76916667 0.598125 0.215 0.05375
0 0.7675 0.663125 0.215 0.05375
