0 0.1462963 0.04201389 0.21666667 0.03819444
0 0.15324074 0.10208333 0.22685185 0.05277778
0 0.14768519 0.16631944 0.2287037 0.04652778
0 0.15416667 0.22673611 0.24166667 0.04791667
0 0.14166667 0.29756944 0.23333333 0.04375
0 0.15231481 0.35833333 0.24166667 0.04722222
0 0.13796296 0.42777778 0.22222222 0.05138889
0 0.13564815 0.49375 0.21018519 0.04583333
0 0.13472222 0.55763889 0.21018519 0.04027778
0 0.13796296 0.621875 0.22222222 0.04513889
0 0.16203704 0.69409722 0.27777778 0.05208333
0 0.13240741 0.75486111 0.21851852 0.04583333
0 0.14583333 0.81979167 0.24722222 0.05347222
0 0.10694444 0.88715278 0.16574074 0.05208333
0 0.14305556 0.946875 0.25462963 0.04513889
0 0.48518519 0.04583333 0.23518519 0.04444444
0 0.47268519 0.11111111 0.22314815 0.03611111
0 0.4787037 0.17118056 0.25 0.04513889
0 0.47777778 0.23784722 0.24074074 0.04791667
0 0.47222222 0.30208333 0.22592593 0.04722222
0 0.47546296 0.36770833 0.22685185 0.04930556
0 0.47777778 0.43368056 0.23148148 0.04236111
0 0.48842593 0.48680556 0.26759259 0.04305556
0 0.48101852 0.55729167 0.24351852 0.04652778
0 0.47916667 0.61805556 0.24351852 0.04027778
0 0.4625 0.68472222 0.20648148 0.04583333
0 0.48796296 0.75 0.26111111 0.04722222
0 0.4875 0.81319444 0.26388889 0.04722222
0 0.49537037 0.87291667 0.27037037 0.03888889
0 0.46759259 0.95208333 0.20925926 0.04861111
0 0.80740741 0.06354167 0.25 0.03958333
0 0.80601852 0.11840278 0.23981481 0.04097222
0 0.81064815 0.18229167 0.24907407 0.04791667
0 0.80138889 0.24131944 0.23055556 0.04375
0 0.80509259 0.31041667 0.23981481 0.04722222
0 0.81342593 0.36909722 0.25092593 0.04652778
0 0.79351852 0.43090278 0.20925926 0.04652778
0 0.82638889 0.48715278 0.27685185 0.04513889
0 0.80972222 0.55763889 0.24166667 0.04444444
0 0.80324074 0.61770833 0.225 0.03958333
0 0.8125 0.67847222 0.26388889 0.05138889
0 0.81342593 0.73958333 0.23425926 0.04444444
0 0.81666667 0.803125 0.25555556 0.05208333
0 0.81481481 0.87673611 0.27407407 0.04791667
0 0.80416667 0.93020833 0.23611111 0.04513889
