0 0.2453125 0.73541667 0.05520833 0.23194444
0 0.37239583 0.46875 0.05520833 0.23194444
0 0.31510417 0.46180556 0.05520833 0.23194444
0 0.3078125 0.73680556 0.05520833 0.23194444
0 0.24947917 0.45 0.06354167 0.25555556
0 0.6140625 0.46597222 0.05520833 0.25416667
0 0.5515625 0.46736111 0.05520833 0.23194444
0 0.49114583 0.46597222 0.05520833 0.23194444
0 0.43072917 0.47291667 0.05520833 0.23194444
0 0.4390625 0.20208333 0.05520833 0.25416667
0 0.3921875 0.20486111 0.05520833 0.25416667
0 0.34010417 0.19930556 0.05520833 0.25416667
0 0.278125 0.20902778 0.06041667 0.20416667
0 0.6046875 0.20486111 0.05520833 0.25416667
0 0.55260417 0.21319444 0.05520833 0.25416667
0 0.50052083 0.20208333 0.05520833 0.25416667
0 0.5515625 0.73958333 0.05520833 0.25416667
0 0.48802083 0.73263889 0.05520833 0.25416667
0 0.4265625 0.73125 0.05520833 0.25416667
0 0.36614583 0.72291667 0.05520833 0.25416667
0 0.77760417 0.20486111 0.05520833 0.25416667
0 0.7234375 0.20625 0.05520833 0.25416667
0 0.6640625 0.19652778 0.05520833 0.25416667
0 0.7953125 0.76041667 0.05520833 0.25416667
0 0.7390625 0.47847222 0.05520833 0.25416667
0 0.6765625 0.46875 0.05520833 0.25416667
0 0.79739583 0.47152778 0.05520833 0.25416667
0 0.7296875 0.74097222 0.05520833 0.25416667
0 0.67239583 0.73819444 0.05520833 0.25416667
0 0.61197917 0.74097222 0.05520833 0.25416667
