0 0.16018519 0.06319444 0.21851852 0.04027778
0 0.17824074 0.12048611 0.24351852 0.03958333
0 0.17731481 0.18819444 0.25092593 0.03888889
0 0.18101852 0.24513889 0.25277778 0.04166667
0 0.14305556 0.31215278 0.19907407 0.05625
0 0.17453704 0.36597222 0.25462963 0.04583333
0 0.17314815 0.42465278 0.2462963 0.04375
0 0.16898148 0.49027778 0.23796296 0.0375
0 0.16944444 0.55243056 0.2462963 0.04375
0 0.15740741 0.61701389 0.21851852 0.04791667
0 0.15925926 0.67638889 0.23888889 0.04444444
0 0.15925926 0.73923611 0.24814815 0.05069444
0 0.15185185 0.80381944 0.24259259 0.04236111
0 0.16203704 0.86875 0.25740741 0.04305556
0 0.15833333 0.93472222 0.24259259 0.04583333
0 0.48796296 0.06805556 0.25 0.04583333
0 0.49953704 0.12986111 0.24722222 0.04027778
0 0.48796296 0.18715278 0.23888889 0.04513889
0 0.4875 0.24479167 0.25462963 0.04791667
0 0.48796296 0.30625 0.24814815 0.04166667
0 0.46296296 0.37013889 0.18888889 0.04444444
0 0.48240741 0.43159722 0.24444444 0.04236111
0 0.49351852 0.49409722 0.26111111 0.03680556
0 0.4912037 0.55763889 0.26388889 0.04305556
0 0.48518519 0.61701389 0.2537037 0.04652778
0 0.4875 0.67604167 0.25462963 0.04652778
0 0.4587963 0.73090278 0.19351852 0.05347222
0 0.49305556 0.80486111 0.26759259 0.04583333
0 0.48101852 0.86666667 0.25092593 0.04305556
0 0.46805556 0.93576389 0.2212963 0.04791667
0 0.80324074 0.07152778 0.23055556 0.04722222
0 0.79907407 0.13402778 0.23518519 0.04166667
0 0.79259259 0.19305556 0.20185185 0.04305556
0 0.79814815 0.25520833 0.24259259 0.04236111
0 0.81574074 0.31388889 0.26666667 0.03888889
0 0.79027778 0.36875 0.20092593 0.04722222
0 0.79027778 0.434375 0.21574074 0.03958333
0 0.79768519 0.50138889 0.23240741 0.05
0 0.7787037 0.55763889 0.18333333 0.04583333
0 0.8375 0.61493056 0.325 0.03819444
0 0.8087963 0.678125 0.24166667 0.04236111
0 0.79027778 0.74270833 0.20833333 0.04791667
0 0.79490741 0.80138889 0.21574074 0.05138889
0 0.8037037 0.86319444 0.23703704 0.05
0 0.81759259 0.93125 0.25925926 0.04305556
