0 0.28125 0.76527778 0.06458333 0.25
0 0.33802083 0.76944444 0.06770833 0.24166667
0 0.396875 0.76388889 0.0625 0.23888889
0 0.4546875 0.75902778 0.05104167 0.26527778
0 0.51145833 0.75 0.05833333 0.27777778
0 0.5640625 0.76944444 0.05520833 0.26944444
0 0.6265625 0.75486111 0.053125 0.2625
0 0.6828125 0.75138889 0.046875 0.26666667
0 0.73697917 0.75208333 0.05729167 0.27638889
0 0.7953125 0.74583333 0.078125 0.26388889
0 0.278125 0.48263889 0.0625 0.24305556
0 0.3328125 0.47569444 0.06354167 0.2625
0 0.39635417 0.47361111 0.05729167 0.275
0 0.45572917 0.47222222 0.071875 0.27222222
0 0.51666667 0.46597222 0.06458333 0.27083333
0 0.58072917 0.475 0.06979167 0.28611111
0 0.6359375 0.46597222 0.06145833 0.27916667
0 0.69166667 0.46388889 0.04791667 0.28888889
0 0.74583333 0.47083333 0.05625 0.275
0 0.80364583 0.48333333 0.07604167 0.26944444
0 0.275 0.17708333 0.06666667 0.24583333
0 0.34270833 0.175 0.06041667 0.28055556
0 0.40364583 0.17291667 0.059375 0.25138889
0 0.4578125 0.17708333 0.06145833 0.25694444
0 0.52291667 0.17916667 0.07291667 0.25833333
0 0.58489583 0.18472222 0.06354167 0.27222222
0 0.64322917 0.19097222 0.06979167 0.25972222
0 0.70260417 0.18472222 0.07395833 0.26388889
0 0.76145833 0.19236111 0.08125 0.2625
0 0.8265625 0.19861111 0.06770833 0.29166667
