0 0.1475 0.21506683 0.22966667 0.06622114
0 0.15633333 0.30118469 0.25 0.06287971
0 0.166 0.3804678 0.25466667 0.05619684
0 0.17316667 0.46081409 0.255 0.04981774
0 0.18266667 0.53781896 0.276 0.05012151
0 0.1785 0.61649453 0.287 0.06166464
0 0.16833333 0.69668894 0.24533333 0.06409478
0 0.16116667 0.77490887 0.23566667 0.05528554
0 0.16966667 0.85085055 0.25 0.05528554
0 0.17783333 0.92785541 0.24766667 0.06834751
0 0.48033333 0.2199271 0.22866667 0.06318348
0 0.494 0.30239976 0.25133333 0.05862697
0 0.48816667 0.3777339 0.225 0.05741191
0 0.488 0.45048603 0.23666667 0.05528554
0 0.5005 0.53295869 0.257 0.05741191
0 0.50466667 0.60601458 0.244 0.06075334
0 0.49683333 0.68818348 0.23566667 0.05315917
0 0.504 0.75972053 0.24533333 0.06196841
0 0.48866667 0.84097813 0.226 0.05741191
0 0.49516667 0.91373026 0.24433333 0.06379101
0 0.79566667 0.22752126 0.22866667 0.06075334
0 0.80716667 0.30072904 0.25366667 0.04860267
0 0.80533333 0.37621507 0.24066667 0.04769137
0 0.804 0.45428311 0.25 0.05437424
0 0.8105 0.52809842 0.25833333 0.06956258
0 0.7915 0.60024301 0.213 0.05103281
0 0.81716667 0.68377886 0.27833333 0.05528554
0 0.8255 0.75486027 0.27366667 0.05650061
0 0.83433333 0.83551033 0.28933333 0.05315917
0 0.83633333 0.91373026 0.29533333 0.06379101
