0 0.133 0.15633159 0.19333333 0.05548303
0 0.14866667 0.24575718 0.22666667 0.05548303
0 0.13266667 0.32751305 0.19666667 0.0558094
0 0.15416667 0.41726501 0.231 0.06298956
0 0.13916667 0.5 0.22566667 0.05874674
0 0.142 0.59236292 0.22 0.05874674
0 0.13866667 0.68276762 0.20466667 0.05874674
0 0.14366667 0.76974543 0.21666667 0.05450392
0 0.13983333 0.86292428 0.22233333 0.06201044
0 0.14416667 0.94761749 0.21566667 0.05972585
0 0.47266667 0.14343995 0.22333333 0.06625326
0 0.4665 0.2310705 0.21766667 0.05874674
0 0.4725 0.31657963 0.241 0.05809399
0 0.46366667 0.40861619 0.21666667 0.06070496
0 0.47416667 0.4944517 0.21766667 0.05874674
0 0.48083333 0.58273499 0.21766667 0.05646214
0 0.47916667 0.67134465 0.20766667 0.05744125
0 0.47916667 0.75848564 0.21433333 0.06201044
0 0.482 0.85199086 0.20666667 0.05319843
0 0.48916667 0.93847911 0.21233333 0.05450392
0 0.80816667 0.12663185 0.22566667 0.06527415
0 0.812 0.21360966 0.222 0.06755875
0 0.8125 0.30336162 0.219 0.05776762
0 0.80866667 0.39343995 0.218 0.05646214
0 0.82366667 0.48857702 0.22333333 0.06853786
0 0.8275 0.57408616 0.22433333 0.05874674
0 0.82533333 0.6729765 0.218 0.07180157
0 0.833 0.76158616 0.22666667 0.07734987
0 0.836 0.85411227 0.23 0.06201044
0 0.84033333 0.94549608 0.23466667 0.06201044
