0 0.22166667 0.636875 0.22666667 0.03625
0 0.2125 0.57875 0.20833333 0.0325
0 0.20416667 0.52375 0.19166667 0.03
0 0.50333333 0.47125 0.20666667 0.04
0 0.20833333 0.4675 0.19666667 0.0325
0 0.21166667 0.4125 0.20666667 0.0325
0 0.5175 0.243125 0.23166667 0.03625
0 0.21416667 0.133125 0.20833333 0.03125
0 0.51 0.13125 0.23666667 0.045
0 0.80416667 0.114375 0.245 0.04875
0 0.21 0.1925 0.21 0.055
0 0.505 0.186875 0.22 0.04375
0 0.81 0.18 0.24333333 0.0375
0 0.815 0.2325 0.25333333 0.055
0 0.82 0.296875 0.25333333 0.06625
0 0.81083333 0.355 0.26166667 0.0425
0 0.81583333 0.411875 0.245 0.05375
0 0.81 0.468125 0.25666667 0.04625
0 0.80916667 0.529375 0.235 0.04125
0 0.81 0.58125 0.23 0.055
0 0.81333333 0.644375 0.24 0.05875
0 0.5 0.294375 0.21333333 0.05125
0 0.21166667 0.245 0.24666667 0.05
0 0.2125 0.296875 0.24166667 0.04625
0 0.2175 0.361875 0.26166667 0.05625
0 0.49333333 0.525625 0.22333333 0.04875
0 0.5075 0.580625 0.23833333 0.05875
0 0.5 0.645 0.22666667 0.0525
0 0.50333333 0.355 0.22333333 0.05
0 0.51333333 0.408125 0.25666667 0.04375
