0 0.1787037 0.16180556 0.20555556 0.03472222
0 0.175 0.21041667 0.19814815 0.04583333
0 0.16851852 0.26006944 0.21296296 0.04097222
0 0.18055556 0.31458333 0.22592593 0.04444444
0 0.18055556 0.36805556 0.2037037 0.03055556
0 0.16805556 0.42152778 0.20648148 0.04722222
0 0.16203704 0.48263889 0.2037037 0.04583333
0 0.16851852 0.53472222 0.21296296 0.03472222
0 0.17407407 0.59826389 0.22777778 0.05625
0 0.16157407 0.66736111 0.20462963 0.04305556
0 0.4412037 0.16041667 0.18611111 0.05
0 0.45277778 0.21006944 0.2 0.04097222
0 0.4462963 0.25972222 0.20555556 0.03055556
0 0.45555556 0.30868056 0.21481481 0.03958333
0 0.4537037 0.35972222 0.1962963 0.03611111
0 0.44907407 0.41944444 0.19074074 0.03194444
0 0.45648148 0.47222222 0.20555556 0.0375
0 0.47037037 0.53090278 0.21666667 0.03958333
0 0.46018519 0.59375 0.2037037 0.0375
0 0.4787037 0.65034722 0.2462963 0.04375
0 0.69398148 0.16597222 0.19907407 0.03611111
0 0.69907407 0.21736111 0.17777778 0.03888889
0 0.7125 0.2625 0.19351852 0.03611111
0 0.71666667 0.31493056 0.20925926 0.02569444
0 0.72777778 0.36597222 0.2037037 0.03472222
0 0.72916667 0.41076389 0.20648148 0.04513889
0 0.74351852 0.47256944 0.22962963 0.04513889
0 0.75555556 0.525 0.22222222 0.04305556
0 0.75231481 0.58229167 0.21388889 0.04652778
0 0.7587963 0.63923611 0.21203704 0.05347222
