0 0.30462963 0.26111111 0.17222222 0.03194444
0 0.29814815 0.30659722 0.15740741 0.02708333
0 0.29305556 0.34270833 0.18425926 0.02986111
0 0.30972222 0.38645833 0.19722222 0.02986111
0 0.3 0.42881944 0.19814815 0.03402778
0 0.28472222 0.46944444 0.18425926 0.03611111
0 0.26759259 0.51284722 0.15185185 0.03263889
0 0.28472222 0.55347222 0.19537037 0.03472222
0 0.26574074 0.59895833 0.17407407 0.04097222
0 0.26527778 0.64513889 0.18240741 0.02916667
0 0.50787037 0.25972222 0.15648148 0.03333333
0 0.50185185 0.30069444 0.1537037 0.02777778
0 0.49953704 0.34375 0.16944444 0.02777778
0 0.49953704 0.38541667 0.15833333 0.02777778
0 0.49537037 0.42777778 0.15555556 0.02777778
0 0.49027778 0.47013889 0.16203704 0.02916667
0 0.4875 0.51180556 0.16759259 0.03333333
0 0.4875 0.559375 0.16203704 0.04097222
0 0.48333333 0.60520833 0.16481481 0.03263889
0 0.49768519 0.65034722 0.19722222 0.02986111
0 0.71851852 0.25208333 0.16296296 0.02638889
0 0.71712963 0.29375 0.17685185 0.025
0 0.72222222 0.33819444 0.18703704 0.02777778
0 0.71481481 0.38020833 0.18888889 0.03125
0 0.71712963 0.428125 0.18796296 0.03402778
0 0.72037037 0.47361111 0.19259259 0.03194444
0 0.71342593 0.52083333 0.18055556 0.03055556
0 0.71342593 0.56493056 0.175 0.03541667
0 0.71851852 0.61319444 0.20555556 0.03333333
0 0.71388889 0.65868056 0.18518519 0.03402778
