0 0.515 0.74375 0.3 0.0425
0 0.185 0.745625 0.3 0.05375
0 0.835 0.735 0.3 0.0575
0 0.51833333 0.678125 0.3 0.04375
0 0.19 0.676875 0.3 0.04375
0 0.835 0.675 0.3 0.055
0 0.83666667 0.61125 0.3 0.0425
0 0.18833333 0.61 0.3 0.0425
0 0.52 0.613125 0.3 0.05125
0 0.835 0.550625 0.3 0.05125
0 0.51833333 0.55 0.3 0.0525
0 0.19 0.54375 0.3 0.0425
0 0.83833333 0.4825 0.3 0.0425
0 0.52 0.479375 0.3 0.04375
0 0.19333333 0.4775 0.3 0.0425
0 0.83666667 0.41875 0.3 0.0425
0 0.51833333 0.415 0.3 0.0425
0 0.19333333 0.415 0.3 0.055
0 0.835 0.35625 0.3 0.0475
0 0.52 0.35 0.3 0.0425
0 0.19666667 0.3475 0.3 0.0425
0 0.835 0.291875 0.3 0.04375
0 0.52 0.28625 0.3 0.0425
0 0.19833333 0.2825 0.3 0.0425
0 0.835 0.230625 0.3 0.04375
0 0.52166667 0.2225 0.3 0.0425
0 0.20166667 0.21875 0.3 0.0425
0 0.83666667 0.168125 0.3 0.04125
0 0.52166667 0.15875 0.3 0.0425
0 0.20333333 0.154375 0.3 0.05625
