0 0.7725 0.724375 0.22833333 0.04125
0 0.7875 0.670625 0.255 0.04125
0 0.15416667 0.608125 0.18833333 0.03375
0 0.76666667 0.551875 0.21666667 0.03375
0 0.49916667 0.551875 0.265 0.03625
0 0.78416667 0.49 0.25166667 0.0325
0 0.16416667 0.490625 0.20166667 0.03375
0 0.4725 0.438125 0.215 0.04125
0 0.75833333 0.431875 0.2 0.03125
0 0.16333333 0.43125 0.20666667 0.035
0 0.755 0.3775 0.19 0.0375
0 0.485 0.374375 0.24 0.03125
0 0.16333333 0.3725 0.2 0.0325
0 0.77333333 0.316875 0.22666667 0.03125
0 0.4775 0.31875 0.22166667 0.0375
0 0.17583333 0.314375 0.225 0.03375
0 0.77 0.26 0.21666667 0.03
0 0.18833333 0.2525 0.25 0.0325
0 0.50083333 0.256875 0.26833333 0.04125
0 0.76166667 0.199375 0.2 0.03125
0 0.46583333 0.20625 0.19833333 0.05
0 0.17083333 0.191875 0.215 0.03375
0 0.45833333 0.138125 0.19666667 0.03125
0 0.75583333 0.1375 0.18833333 0.035
0 0.16916667 0.133125 0.21166667 0.03125
0 0.17416667 0.550625 0.21166667 0.03875
0 0.165 0.6675 0.2 0.0425
0 0.16833333 0.725 0.21 0.0425
0 0.17 0.78375 0.21 0.0425
0 0.165 0.84125 0.21 0.0425
0 0.15333333 0.9 0.19333333 0.045
0 0.165 0.9575 0.2 0.05
0 0.46333333 0.95875 0.2 0.05
0 0.47416667 0.896875 0.21166667 0.04625
0 0.4725 0.8375 0.22166667 0.0425
0 0.4775 0.78125 0.22166667 0.0425
0 0.45166667 0.724375 0.18666667 0.04125
0 0.46583333 0.66625 0.19833333 0.0425
0 0.4675 0.605 0.19833333 0.0425
0 0.45583333 0.49125 0.17833333 0.04
0 0.77166667 0.60625 0.22333333 0.0525
0 0.75833333 0.89875 0.20333333 0.045
0 0.7725 0.778125 0.22833333 0.04125
0 0.7725 0.836875 0.22833333 0.04125
0 0.74583333 0.956875 0.195 0.04375
