0 0.14 0.940625 0.20666667 0.03125
0 0.76916667 0.941875 0.15166667 0.03625
0 0.48416667 0.9375 0.225 0.035
0 0.80083333 0.885625 0.215 0.03375
0 0.4875 0.880625 0.22833333 0.03125
0 0.17333333 0.88125 0.26666667 0.0325
0 0.805 0.829375 0.21333333 0.02875
0 0.48083333 0.82125 0.20833333 0.03
0 0.16083333 0.82125 0.23166667 0.03
0 0.77333333 0.770625 0.15333333 0.02875
0 0.495 0.764375 0.23333333 0.03375
0 0.1575 0.76125 0.215 0.03
0 0.8125 0.7225 0.22833333 0.04
0 0.49333333 0.70625 0.22333333 0.03
0 0.15333333 0.705 0.19333333 0.0325
0 0.80166667 0.660625 0.20333333 0.03625
0 0.47583333 0.65125 0.18166667 0.0325
0 0.1725 0.645625 0.22833333 0.02875
0 0.81166667 0.6025 0.22 0.03
0 0.48333333 0.598125 0.19333333 0.04125
0 0.17083333 0.590625 0.21166667 0.02875
0 0.82333333 0.544375 0.24 0.02875
0 0.47333333 0.54 0.17 0.03
0 0.81333333 0.488125 0.20666667 0.03375
0 0.49916667 0.484375 0.215 0.03125
0 0.21 0.480625 0.27666667 0.03125
0 0.81583333 0.43125 0.21166667 0.0325
0 0.4875 0.429375 0.19166667 0.03125
0 0.1675 0.4275 0.185 0.0325
0 0.81583333 0.371875 0.20833333 0.03125
0 0.175 0.371875 0.19 0.03125
0 0.49583333 0.371875 0.20833333 0.03125
0 0.17 0.31625 0.17666667 0.03
0 0.5 0.316875 0.20666667 0.03125
0 0.8375 0.313125 0.24833333 0.02875
0 0.19333333 0.260625 0.22333333 0.02875
0 0.4975 0.259375 0.20833333 0.03125
0 0.8225 0.25625 0.21833333 0.0375
0 0.18083333 0.205625 0.185 0.02875
0 0.49416667 0.201875 0.20166667 0.03125
0 0.8275 0.199375 0.225 0.03125
0 0.19666667 0.14875 0.22333333 0.0325
0 0.5375 0.14375 0.285 0.0325
0 0.82083333 0.143125 0.205 0.03625
0 0.17083333 0.53375 0.21833333 0.04
