0 0.27222222 0.21493056 0.22222222 0.04375
0 0.27592593 0.26527778 0.22962963 0.04166667
0 0.27546296 0.31145833 0.225 0.03680556
0 0.27175926 0.35833333 0.23240741 0.03611111
0 0.26898148 0.40173611 0.23240741 0.03958333
0 0.26851852 0.45138889 0.24259259 0.03888889
0 0.26203704 0.50486111 0.2462963 0.03611111
0 0.24814815 0.55520833 0.23333333 0.03819444
0 0.25046296 0.60590278 0.24722222 0.03958333
0 0.2462963 0.66006944 0.2462963 0.04375
0 0.52916667 0.21458333 0.23981481 0.03333333
0 0.5212963 0.26319444 0.22962963 0.03194444
0 0.52037037 0.309375 0.23148148 0.04097222
0 0.51157407 0.35868056 0.21944444 0.03402778
0 0.5087963 0.40520833 0.225 0.03958333
0 0.51435185 0.45381944 0.225 0.03541667
0 0.51759259 0.50208333 0.24259259 0.0375
0 0.51481481 0.55277778 0.23888889 0.03611111
0 0.51296296 0.60833333 0.2462963 0.04027778
0 0.50555556 0.66284722 0.22037037 0.03819444
0 0.75046296 0.20729167 0.21759259 0.03125
0 0.75462963 0.25625 0.21481481 0.02638889
0 0.75324074 0.30243056 0.2212963 0.03541667
0 0.75555556 0.35416667 0.22222222 0.03194444
0 0.7625 0.40069444 0.23055556 0.04166667
0 0.75972222 0.44722222 0.225 0.04027778
0 0.75972222 0.50138889 0.225 0.04722222
0 0.76481481 0.55486111 0.24074074 0.04027778
0 0.76481481 0.60381944 0.23518519 0.04375
0 0.77175926 0.66493056 0.24351852 0.04513889
