0 0.18666667 0.698125 0.3 0.04375
0 0.52166667 0.690625 0.3 0.04375
0 0.84 0.67625 0.3 0.0425
0 0.18666667 0.633125 0.3 0.04375
0 0.52 0.626875 0.3 0.04375
0 0.83833333 0.61625 0.3 0.0425
0 0.185 0.568125 0.3 0.04375
0 0.51833333 0.561875 0.3 0.04375
0 0.83833333 0.555625 0.3 0.04125
0 0.18333333 0.50125 0.3 0.045
0 0.51833333 0.498125 0.3 0.04375
0 0.84166667 0.49 0.3 0.0525
0 0.18333333 0.435625 0.3 0.04375
0 0.83833333 0.435 0.3 0.0425
0 0.51833333 0.431875 0.3 0.05125
0 0.83666667 0.374375 0.3 0.04125
0 0.18166667 0.370625 0.3 0.04375
0 0.51666667 0.3725 0.3 0.05
0 0.835 0.31375 0.3 0.0425
0 0.51333333 0.30625 0.3 0.0425
0 0.18 0.305625 0.3 0.04375
0 0.83666667 0.25375 0.3 0.0425
0 0.51333333 0.24375 0.3 0.0425
0 0.17833333 0.241875 0.3 0.04375
0 0.83166667 0.1925 0.3 0.0425
0 0.51166667 0.188125 0.3 0.05625
0 0.17833333 0.176875 0.3 0.04375
0 0.83 0.1325 0.3 0.0425
0 0.51166667 0.11875 0.3 0.0425
0 0.17833333 0.113125 0.3 0.04375
