0 0.22717391 0.27884615 0.18586957 0.03698225
0 0.21576087 0.31508876 0.20217391 0.03550296
0 0.21630435 0.36649408 0.19673913 0.0510355
0 0.21576087 0.4045858 0.2 0.03846154
0 0.20706522 0.45155325 0.19130435 0.04511834
0 0.20923913 0.49260355 0.19782609 0.03846154
0 0.20434783 0.53217456 0.18804348 0.04363905
0 0.18858696 0.56989645 0.19347826 0.0362426
0 0.18423913 0.61131657 0.19565217 0.04659763
0 0.18152174 0.6512574 0.19891304 0.04955621
0 0.4576087 0.28328402 0.22065217 0.0443787
0 0.45434783 0.32988166 0.20543478 0.04585799
0 0.44130435 0.37426036 0.19891304 0.04142012
0 0.43913043 0.41863905 0.20108696 0.04585799
0 0.43586957 0.46597633 0.20543478 0.04289941
0 0.43586957 0.51035503 0.19673913 0.04289941
0 0.42826087 0.54881657 0.21195652 0.03994083
0 0.42391304 0.59134615 0.2076087 0.04363905
0 0.41358696 0.63461538 0.19347826 0.03698225
0 0.40978261 0.68158284 0.21847826 0.05251479
0 0.69184783 0.29659763 0.19130435 0.05769231
0 0.68586957 0.34837278 0.20543478 0.05177515
0 0.68423913 0.38794379 0.21304348 0.04215976
0 0.67391304 0.43047337 0.20108696 0.04881657
0 0.66847826 0.47670118 0.20326087 0.04215976
0 0.66684783 0.52514793 0.21304348 0.03550296
0 0.65271739 0.56508876 0.20434783 0.03698225
0 0.65163043 0.60539941 0.20652174 0.04215976
0 0.64782609 0.64755917 0.21847826 0.04068047
0 0.64945652 0.69600592 0.21304348 0.03994083
