0 0.2296875 0.72222222 0.06354167 0.22777778
0 0.28802083 0.73055556 0.06770833 0.23055556
0 0.35260417 0.73541667 0.06354167 0.24027778
0 0.41145833 0.72569444 0.06458333 0.2625
0 0.47552083 0.74027778 0.07395833 0.24444444
0 0.53697917 0.72916667 0.059375 0.26388889
0 0.60208333 0.74513889 0.05833333 0.2375
0 0.66614583 0.73819444 0.059375 0.24861111
0 0.7328125 0.74513889 0.05729167 0.24583333
0 0.80104167 0.74722222 0.06458333 0.26666667
0 0.2390625 0.43819444 0.05729167 0.24027778
0 0.30208333 0.44305556 0.05 0.23333333
0 0.3671875 0.4375 0.053125 0.25833333
0 0.43333333 0.44166667 0.06041667 0.25277778
0 0.4875 0.44236111 0.05833333 0.25694444
0 0.54947917 0.45 0.053125 0.24722222
0 0.60729167 0.45416667 0.05208333 0.25555556
0 0.6703125 0.44930556 0.053125 0.24027778
0 0.72760417 0.45625 0.05520833 0.24861111
0 0.78854167 0.45694444 0.06458333 0.24166667
0 0.76979167 0.19791667 0.06041667 0.21527778
0 0.71302083 0.19861111 0.059375 0.21388889
0 0.65572917 0.20416667 0.053125 0.20833333
0 0.6 0.19861111 0.05 0.21111111
0 0.54635417 0.19583333 0.05520833 0.20833333
0 0.4953125 0.19791667 0.053125 0.20138889
0 0.44010417 0.19166667 0.05104167 0.21388889
0 0.38697917 0.18472222 0.05104167 0.2
0 0.33541667 0.19444444 0.05416667 0.21666667
0 0.26979167 0.17638889 0.06458333 0.23333333
