0 0.1775 0.0575 0.261 0.0435
0 0.47166667 0.0435 0.226 0.037
0 0.8165 0.02875 0.24633333 0.0425
0 0.16 0.12 0.21466667 0.038
0 0.47166667 0.1055 0.21133333 0.0435
0 0.81366667 0.092875 0.22866667 0.05125
0 0.15416667 0.18375 0.22033333 0.037
0 0.4745 0.167375 0.229 0.04575
0 0.8195 0.158125 0.24633333 0.04475
0 0.14983333 0.243375 0.20566667 0.04575
0 0.47383333 0.228875 0.23033333 0.04675
0 0.8165 0.2255 0.24366667 0.0445
0 0.15416667 0.304375 0.22033333 0.03925
0 0.471 0.294 0.242 0.049
0 0.805 0.289625 0.206 0.04875
0 0.14416667 0.367375 0.21166667 0.04775
0 0.46866667 0.35975 0.24066667 0.037
0 0.81366667 0.3565 0.22866667 0.0415
0 0.16216667 0.42775 0.245 0.0425
0 0.46583333 0.427625 0.21433333 0.04025
0 0.8245 0.4245 0.25966667 0.049
0 0.15366667 0.49175 0.22466667 0.0445
0 0.47533333 0.49225 0.242 0.0435
0 0.826 0.489 0.25933333 0.0435
0 0.15133333 0.55325 0.23466667 0.039
0 0.4565 0.554875 0.20433333 0.03375
0 0.81283333 0.557625 0.22166667 0.04125
0 0.16083333 0.62225 0.24766667 0.036
0 0.45783333 0.617875 0.193 0.04025
0 0.80933333 0.629875 0.21733333 0.04475
0 0.15066667 0.67875 0.21 0.038
0 0.47516667 0.68475 0.22766667 0.0455
0 0.80716667 0.696125 0.213 0.04025
0 0.15716667 0.746125 0.235 0.04225
0 0.47083333 0.752625 0.23633333 0.04025
0 0.79916667 0.760875 0.21166667 0.04125
0 0.142 0.80425 0.19 0.0435
0 0.45716667 0.81675 0.19433333 0.038
0 0.81433333 0.82775 0.242 0.038
0 0.163 0.8695 0.23466667 0.0435
0 0.46433333 0.87825 0.21466667 0.0435
0 0.829 0.892875 0.23333333 0.04225
0 0.14916667 0.92725 0.20433333 0.05
0 0.47883333 0.948875 0.23166667 0.06325
0 0.818 0.958125 0.24333333 0.05125
