0 0.31990741 0.27569444 0.18240741 0.03472222
0 0.31712963 0.32118056 0.18240741 0.03402778
0 0.31018519 0.36527778 0.17777778 0.03333333
0 0.31481481 0.41180556 0.19814815 0.03472222
0 0.3037037 0.45034722 0.1962963 0.03402778
0 0.30509259 0.49930556 0.19907407 0.04027778
0 0.29768519 0.54722222 0.20092593 0.0375
0 0.28472222 0.59513889 0.20648148 0.03333333
0 0.2875 0.64131944 0.20648148 0.03402778
0 0.28055556 0.69513889 0.18888889 0.04027778
0 0.55925926 0.26944444 0.22222222 0.02777778
0 0.55601852 0.31944444 0.225 0.0375
0 0.55694444 0.36597222 0.21759259 0.03194444
0 0.55277778 0.41423611 0.21481481 0.02986111
0 0.54444444 0.46076389 0.22222222 0.03958333
0 0.53472222 0.50729167 0.20833333 0.03125
0 0.53611111 0.55451389 0.20740741 0.02708333
0 0.54074074 0.60104167 0.21666667 0.03680556
0 0.53472222 0.64965278 0.19722222 0.03263889
0 0.52453704 0.70486111 0.20277778 0.04166667
0 0.77638889 0.26909722 0.19537037 0.03125
0 0.78287037 0.31701389 0.19351852 0.03402778
0 0.78287037 0.36701389 0.21944444 0.03263889
0 0.77685185 0.41354167 0.20555556 0.03125
0 0.77685185 0.46111111 0.19444444 0.03194444
0 0.7712963 0.51006944 0.2 0.03819444
0 0.77314815 0.56145833 0.19814815 0.03402778
0 0.76064815 0.61076389 0.18425926 0.03819444
0 0.76481481 0.66145833 0.18333333 0.04375
0 0.76990741 0.71666667 0.21388889 0.04166667
