0 0.22314815 0.25104167 0.18518519 0.03263889
0 0.22314815 0.29409722 0.18518519 0.03958333
0 0.22037037 0.33402778 0.17222222 0.03611111
0 0.22824074 0.37604167 0.18240741 0.03680556
0 0.22592593 0.421875 0.17962963 0.03958333
0 0.22407407 0.46736111 0.17592593 0.04027778
0 0.23472222 0.51354167 0.18981481 0.03819444
0 0.23842593 0.56111111 0.20833333 0.04583333
0 0.23981481 0.61006944 0.20555556 0.03958333
0 0.23981481 0.65763889 0.20740741 0.03888889
0 0.45231481 0.23854167 0.1712963 0.02986111
0 0.45231481 0.28055556 0.18796296 0.03194444
0 0.46527778 0.325 0.20648148 0.0375
0 0.46759259 0.37013889 0.20740741 0.03611111
0 0.46527778 0.40972222 0.20648148 0.03055556
0 0.46805556 0.45763889 0.20648148 0.03194444
0 0.48240741 0.49930556 0.21481481 0.03194444
0 0.48055556 0.54791667 0.21666667 0.03333333
0 0.48842593 0.59861111 0.22685185 0.03611111
0 0.49027778 0.64583333 0.21944444 0.04305556
0 0.68425926 0.23576389 0.17407407 0.02986111
0 0.6912037 0.27881944 0.19907407 0.03263889
0 0.70462963 0.32256944 0.2037037 0.03125
0 0.70462963 0.36284722 0.21481481 0.02986111
0 0.71712963 0.40347222 0.20462963 0.03611111
0 0.71712963 0.44409722 0.20833333 0.02986111
0 0.72268519 0.49027778 0.20462963 0.02916667
0 0.73287037 0.53680556 0.23055556 0.04305556
0 0.73611111 0.58611111 0.21481481 0.03611111
0 0.73888889 0.63611111 0.2037037 0.04722222
