0 0.14916667 0.535 0.17833333 0.0325
0 0.12416667 0.888125 0.165 0.04125
0 0.43333333 0.881875 0.19333333 0.03875
0 0.745 0.870625 0.23666667 0.03875
0 0.45416667 0.8225 0.23833333 0.0325
0 0.13916667 0.824375 0.19166667 0.03625
0 0.7275 0.816875 0.20833333 0.03125
0 0.1675 0.7675 0.235 0.0325
0 0.72083333 0.760625 0.18833333 0.03125
0 0.43666667 0.7625 0.2 0.0375
0 0.145 0.708125 0.19333333 0.03125
0 0.71833333 0.704375 0.18666667 0.03125
0 0.42916667 0.705 0.17166667 0.0325
0 0.42833333 0.65125 0.17333333 0.0325
0 0.71916667 0.648125 0.18833333 0.03125
0 0.13833333 0.650625 0.17333333 0.03125
0 0.7125 0.595 0.17833333 0.0325
0 0.4325 0.5925 0.17833333 0.03
0 0.13916667 0.591875 0.15833333 0.03125
0 0.71 0.538125 0.17333333 0.02875
0 0.42083333 0.53625 0.15166667 0.0325
0 0.70666667 0.485625 0.16333333 0.02875
0 0.43083333 0.480625 0.17166667 0.02875
0 0.15416667 0.4775 0.18833333 0.03
0 0.70166667 0.433125 0.15333333 0.03375
0 0.45083333 0.425625 0.20166667 0.03125
0 0.70916667 0.378125 0.17166667 0.02875
0 0.445 0.373125 0.19666667 0.03125
0 0.18166667 0.36875 0.23 0.03
0 0.70583333 0.325 0.15833333 0.0275
0 0.4325 0.318125 0.16833333 0.03125
0 0.17166667 0.314375 0.20333333 0.03125
0 0.715 0.274375 0.17666667 0.03125
0 0.45083333 0.264375 0.19833333 0.02875
0 0.14916667 0.25875 0.15833333 0.03
0 0.7075 0.220625 0.15833333 0.02875
0 0.15416667 0.20375 0.16166667 0.03
0 0.43 0.2075 0.18666667 0.0325
0 0.72083333 0.169375 0.195 0.02875
0 0.4425 0.15625 0.17833333 0.03
0 0.16333333 0.15125 0.17666667 0.03
0 0.70333333 0.118125 0.15333333 0.03125
0 0.445 0.10375 0.18333333 0.03
0 0.15583333 0.099375 0.16833333 0.03375
0 0.1725 0.42375 0.22166667 0.03
