0 0.17166667 0.708125 0.3 0.04375
0 0.505 0.705 0.3 0.0425
0 0.83333333 0.6975 0.3 0.045
0 0.17 0.6425 0.3 0.0425
0 0.50666667 0.639375 0.3 0.04375
0 0.16833333 0.578125 0.3 0.04375
0 0.50333333 0.57375 0.3 0.0425
0 0.83 0.56875 0.3 0.0425
0 0.50333333 0.509375 0.3 0.04375
0 0.17 0.51625 0.3 0.0625
0 0.82666667 0.505 0.3 0.0425
0 0.16833333 0.44625 0.3 0.0425
0 0.825 0.443125 0.3 0.04125
0 0.50166667 0.44375 0.3 0.0425
0 0.82166667 0.38125 0.3 0.0425
0 0.17 0.38125 0.3 0.0425
0 0.50166667 0.38 0.3 0.0425
0 0.81833333 0.320625 0.3 0.04125
0 0.17 0.315625 0.3 0.04375
0 0.5 0.3125 0.3 0.055
0 0.81333333 0.26 0.3 0.04
0 0.5 0.253125 0.3 0.04125
0 0.17166667 0.2525 0.3 0.0425
0 0.81166667 0.20125 0.3 0.04
0 0.49833333 0.191875 0.3 0.04125
0 0.17333333 0.18875 0.3 0.0425
0 0.80833333 0.144375 0.3 0.04125
0 0.49833333 0.131875 0.3 0.04125
0 0.175 0.129375 0.3 0.05125
0 0.8125 0.63375 0.25833333 0.05
