0 0.32037037 0.19722222 0.17592593 0.03194444
0 0.3125 0.24513889 0.1787037 0.03611111
0 0.32083333 0.290625 0.16574074 0.03541667
0 0.31990741 0.3375 0.20092593 0.03333333
0 0.30694444 0.38506944 0.17685185 0.02986111
0 0.30509259 0.43125 0.19351852 0.03611111
0 0.29953704 0.48020833 0.16759259 0.03680556
0 0.3125 0.53472222 0.21018519 0.04305556
0 0.30324074 0.57881944 0.21018519 0.04375
0 0.29259259 0.62986111 0.20185185 0.04305556
0 0.56296296 0.18020833 0.19074074 0.02569444
0 0.56064815 0.23194444 0.17685185 0.04166667
0 0.55555556 0.27708333 0.18333333 0.03611111
0 0.57916667 0.32743056 0.225 0.04097222
0 0.56342593 0.37916667 0.19907407 0.04166667
0 0.55231481 0.43055556 0.18981481 0.04583333
0 0.55 0.48229167 0.18518519 0.03402778
0 0.55694444 0.53298611 0.20648148 0.04375
0 0.54768519 0.58333333 0.19351852 0.04861111
0 0.53472222 0.63576389 0.1787037 0.03541667
0 0.80694444 0.17986111 0.17685185 0.04305556
0 0.80277778 0.228125 0.18518519 0.03819444
0 0.80925926 0.27604167 0.19814815 0.03402778
0 0.81203704 0.32638889 0.19814815 0.03888889
0 0.8087963 0.37361111 0.18611111 0.03611111
0 0.81018519 0.42951389 0.19814815 0.03125
0 0.81574074 0.48055556 0.20925926 0.0375
0 0.81574074 0.53784722 0.22222222 0.04513889
0 0.8087963 0.59166667 0.21759259 0.04583333
0 0.82268519 0.65173611 0.21944444 0.05069444
