0 0.43916667 0.614375 0.17833333 0.03375
0 0.4425 0.906875 0.195 0.03125
0 0.15 0.90625 0.18666667 0.03
0 0.74916667 0.900625 0.215 0.03125
0 0.44916667 0.845625 0.19833333 0.03125
0 0.16333333 0.848125 0.20666667 0.03375
0 0.74583333 0.841875 0.215 0.03125
0 0.13333333 0.78625 0.14333333 0.03
0 0.46416667 0.784375 0.22833333 0.02875
0 0.7325 0.781875 0.18833333 0.02875
0 0.155 0.7275 0.18 0.0275
0 0.45083333 0.72625 0.20166667 0.03
0 0.14666667 0.67 0.15666667 0.0275
0 0.73916667 0.6675 0.20833333 0.0275
0 0.45 0.670625 0.19666667 0.03375
0 0.1925 0.616875 0.24166667 0.04125
0 0.725 0.556875 0.19 0.02875
0 0.43916667 0.55625 0.175 0.03
0 0.72333333 0.50375 0.19 0.0275
0 0.45166667 0.5025 0.19333333 0.0275
0 0.17666667 0.5025 0.19666667 0.0275
0 0.72833333 0.45125 0.2 0.0275
0 0.44833333 0.44875 0.18333333 0.0275
0 0.17833333 0.449375 0.19666667 0.03125
0 0.45166667 0.395625 0.19333333 0.02625
0 0.16416667 0.394375 0.16166667 0.02875
0 0.71416667 0.3475 0.17833333 0.0275
0 0.44166667 0.344375 0.17333333 0.02625
0 0.1775 0.34375 0.17833333 0.03
0 0.71 0.296875 0.16666667 0.02625
0 0.45833333 0.291875 0.20333333 0.02625
0 0.71166667 0.246875 0.17666667 0.02625
0 0.44333333 0.240625 0.17333333 0.02625
0 0.71083333 0.1975 0.17833333 0.025
0 0.43916667 0.19125 0.165 0.0275
0 0.44333333 0.140625 0.17 0.02625
0 0.1725 0.143125 0.17166667 0.03125
0 0.16833333 0.191875 0.16666667 0.03875
0 0.16 0.244375 0.14666667 0.03125
0 0.16583333 0.293125 0.17166667 0.03625
0 0.15666667 0.556875 0.16666667 0.04125
0 0.7275 0.6075 0.195 0.035
0 0.70916667 0.3975 0.18833333 0.035
0 0.7175 0.14625 0.21166667 0.0425
0 0.73833333 0.72125 0.21333333 0.0375
