0 0.1325 0.635625 0.24833333 0.04625
0 0.495 0.63 0.28 0.04
0 0.825 0.624375 0.24666667 0.03625
0 0.13333333 0.57875 0.25 0.04
0 0.83583333 0.571875 0.27166667 0.03625
0 0.485 0.56875 0.26333333 0.0475
0 0.475 0.52375 0.24333333 0.0325
0 0.83083333 0.519375 0.26833333 0.03375
0 0.13916667 0.525625 0.25833333 0.03875
0 0.4825 0.47375 0.25833333 0.04
0 0.82416667 0.47 0.255 0.035
0 0.135 0.4675 0.24333333 0.0425
0 0.13166667 0.419375 0.23666667 0.03375
0 0.82583333 0.418125 0.26833333 0.03875
0 0.4825 0.419375 0.25833333 0.04125
0 0.48166667 0.368125 0.25666667 0.03625
0 0.13583333 0.365625 0.24166667 0.03875
0 0.47666667 0.31875 0.24666667 0.045
0 0.13416667 0.31625 0.23166667 0.04
0 0.80416667 0.26625 0.24166667 0.035
0 0.4775 0.269375 0.245 0.03375
0 0.80166667 0.219375 0.24333333 0.03125
0 0.1375 0.215 0.22833333 0.04
0 0.4825 0.218125 0.25166667 0.04125
0 0.8075 0.175625 0.26166667 0.03125
0 0.14 0.168125 0.23333333 0.03625
0 0.47833333 0.169375 0.25333333 0.03875
0 0.11666667 0.269375 0.19 0.03375
0 0.81333333 0.316875 0.25 0.03875
0 0.81833333 0.366875 0.25666667 0.03375
