0 0.72 0.629375 0.26666667 0.04125
0 0.4525 0.514375 0.20166667 0.03375
0 0.17083333 0.40625 0.18833333 0.035
0 0.73833333 0.395625 0.22 0.03125
0 0.435 0.233125 0.17 0.03625
0 0.7375 0.224375 0.215 0.03625
0 0.435 0.17625 0.18333333 0.0325
0 0.15916667 0.129375 0.16166667 0.03375
0 0.45833333 0.1175 0.22333333 0.035
0 0.72583333 0.109375 0.215 0.04125
0 0.74 0.160625 0.22666667 0.04125
0 0.73333333 0.285 0.23666667 0.0425
0 0.74083333 0.341875 0.225 0.04375
0 0.74 0.456875 0.22666667 0.05625
0 0.74583333 0.51875 0.24166667 0.045
0 0.73333333 0.571875 0.24 0.04375
0 0.18083333 0.1875 0.22833333 0.0475
0 0.18083333 0.24125 0.21166667 0.04
0 0.1875 0.30375 0.22833333 0.05
0 0.17666667 0.355 0.22333333 0.05
0 0.18 0.46125 0.22333333 0.035
0 0.17583333 0.51875 0.22166667 0.05
0 0.18 0.576875 0.21333333 0.04375
0 0.18333333 0.629375 0.23 0.03875
0 0.45 0.285625 0.22333333 0.04875
0 0.4525 0.345625 0.21166667 0.04125
0 0.44833333 0.4025 0.23333333 0.045
0 0.45083333 0.45875 0.235 0.04
0 0.44666667 0.5725 0.21666667 0.0425
0 0.45666667 0.63625 0.21666667 0.05
