0 0.76513672 0.79650879 0.2014974 0.05786133
0 0.77539062 0.74597168 0.20703125 0.03881836
0 0.76969401 0.69885254 0.19433594 0.04418945
0 0.7742513 0.65124512 0.22167969 0.0480957
0 0.76595052 0.59326172 0.24023438 0.05419922
0 0.77018229 0.54638672 0.21354167 0.04882812
0 0.77376302 0.49169922 0.25325521 0.05712891
0 0.79199219 0.43334961 0.24088542 0.04882812
0 0.77815755 0.37072754 0.2483724 0.05493164
0 0.77213542 0.31396484 0.27669271 0.06201172
0 0.51774089 0.79223633 0.20540365 0.05419922
0 0.50553385 0.74658203 0.21549479 0.04492188
0 0.5086263 0.69763184 0.21777344 0.04956055
0 0.50097656 0.64746094 0.23502604 0.04199219
0 0.50553385 0.59509277 0.22786458 0.06567383
0 0.51220703 0.54626465 0.24121094 0.05200195
0 0.50813802 0.48901367 0.21028646 0.05810547
0 0.51513672 0.43188477 0.26139323 0.04736328
0 0.50211589 0.38000488 0.26139323 0.0456543
0 0.5086263 0.32458496 0.26269531 0.04663086
0 0.26757812 0.77819824 0.20572917 0.06420898
0 0.26660156 0.73583984 0.1953125 0.04199219
0 0.26253255 0.6875 0.20345052 0.03808594
0 0.25439453 0.63830566 0.20735677 0.04956055
0 0.23746745 0.58825684 0.23079427 0.0456543
0 0.25016276 0.5435791 0.22167969 0.04516602
0 0.24886068 0.48669434 0.19433594 0.0534668
0 0.21777344 0.43066406 0.26236979 0.05273438
0 0.24772135 0.38684082 0.23502604 0.05639648
0 0.2125651 0.32312012 0.25651042 0.0480957
