0 0.82166667 0.71375 0.3 0.045
0 0.15833333 0.6975 0.3 0.045
0 0.48833333 0.708125 0.3 0.05625
0 0.82 0.645625 0.3 0.04375
0 0.48833333 0.63875 0.3 0.045
0 0.16333333 0.63125 0.3 0.045
0 0.82 0.576875 0.3 0.04375
0 0.49166667 0.57125 0.3 0.05
0 0.16833333 0.564375 0.3 0.05125
0 0.81666667 0.5125 0.3 0.0525
0 0.49166667 0.505625 0.3 0.04375
0 0.16666667 0.505 0.3 0.0525
0 0.81833333 0.443125 0.3 0.04375
0 0.17166667 0.43875 0.3 0.0425
0 0.49333333 0.443125 0.3 0.05625
0 0.81666667 0.3775 0.3 0.0425
0 0.49333333 0.375 0.3 0.0425
0 0.17666667 0.37625 0.3 0.05
0 0.17833333 0.31375 0.3 0.0425
0 0.815 0.31375 0.3 0.0425
0 0.49333333 0.306875 0.3 0.05625
0 0.81166667 0.251875 0.3 0.05125
0 0.18333333 0.248125 0.3 0.05125
0 0.495 0.24625 0.3 0.0425
0 0.185 0.191875 0.3 0.04125
0 0.495 0.19 0.3 0.05
0 0.81333333 0.18625 0.3 0.0525
0 0.18666667 0.13375 0.3 0.0525
0 0.81 0.1275 0.3 0.0525
0 0.49333333 0.125 0.29666667 0.0575
