0 0.4175 0.075625 0.205 0.03125
0 0.15333333 0.078125 0.21 0.03375
0 0.69666667 0.085625 0.2 0.03125
0 0.15166667 0.1325 0.20666667 0.0325
0 0.40916667 0.13375 0.185 0.0325
0 0.69916667 0.14125 0.20833333 0.03
0 0.13833333 0.1875 0.18 0.0325
0 0.40083333 0.190625 0.17166667 0.03375
0 0.69333333 0.195625 0.19666667 0.02875
0 0.4025 0.244375 0.16833333 0.03125
0 0.1425 0.2425 0.17833333 0.0325
0 0.69083333 0.2525 0.19833333 0.0325
0 0.13916667 0.298125 0.175 0.02875
0 0.40666667 0.3 0.18333333 0.03
0 0.69166667 0.305 0.19666667 0.0325
0 0.13916667 0.350625 0.175 0.02875
0 0.39916667 0.355 0.16833333 0.03
0 0.70083333 0.359375 0.22166667 0.03375
0 0.13 0.403125 0.15 0.03125
0 0.69916667 0.410625 0.22166667 0.02875
0 0.39916667 0.41 0.16833333 0.03
0 0.145 0.458125 0.18333333 0.03125
0 0.68166667 0.463125 0.19333333 0.02875
0 0.4125 0.4625 0.19833333 0.0275
0 0.14083333 0.511875 0.17166667 0.02875
0 0.68 0.515625 0.19 0.02875
0 0.41166667 0.515 0.19333333 0.03
0 0.1425 0.5625 0.17833333 0.03
0 0.40916667 0.565625 0.18833333 0.02875
0 0.66333333 0.56625 0.16 0.03
0 0.14416667 0.615625 0.17833333 0.02875
0 0.66666667 0.61875 0.17 0.0275
0 0.395 0.619375 0.16333333 0.03125
0 0.14583333 0.666875 0.18166667 0.03375
0 0.67416667 0.67 0.19166667 0.03
0 0.40583333 0.671875 0.18833333 0.03125
0 0.67666667 0.719375 0.19666667 0.02875
0 0.13 0.7175 0.15 0.03
0 0.405 0.72125 0.18333333 0.03
0 0.66083333 0.7675 0.165 0.03
0 0.13916667 0.768125 0.16833333 0.03375
0 0.39916667 0.773125 0.175 0.02875
0 0.67333333 0.820625 0.19333333 0.03125
0 0.14333333 0.82 0.17333333 0.03
0 0.3925 0.8225 0.16166667 0.03
