0 0.82037037 0.89513889 0.26296296 0.05277778
0 0.8462963 0.68854167 0.21296296 0.04513889
0 0.80925926 0.48125 0.31296296 0.04722222
0 0.82361111 0.25486111 0.29537037 0.05
0 0.52314815 0.88368056 0.23333333 0.04791667
0 0.49814815 0.6875 0.25925926 0.05138889
0 0.48425926 0.47673611 0.28518519 0.04375
0 0.49768519 0.26319444 0.27685185 0.05277778
0 0.17916667 0.87847222 0.29722222 0.04583333
0 0.20694444 0.67986111 0.25648148 0.04722222
0 0.17222222 0.46909722 0.30555556 0.04513889
0 0.19490741 0.26180556 0.25092593 0.05277778
