0 0.78083333 0.290625 0.245 0.04375
0 0.77916667 0.349375 0.24166667 0.04125
0 0.48833333 0.354375 0.22 0.04875
0 0.17333333 0.366875 0.15 0.03875
0 0.78416667 0.531875 0.23833333 0.03875
0 0.49 0.5275 0.21666667 0.0425
0 0.18333333 0.541875 0.16333333 0.03875
0 0.19 0.595 0.17 0.035
0 0.50166667 0.6 0.23333333 0.0525
0 0.78333333 0.6475 0.22333333 0.0425
0 0.50166667 0.6475 0.23 0.04
0 0.78416667 0.70625 0.22166667 0.04
0 0.4975 0.714375 0.225 0.05125
0 0.18666667 0.76625 0.16 0.04
0 0.78083333 0.76625 0.215 0.0425
0 0.49833333 0.77 0.22333333 0.035
0 0.785 0.829375 0.22 0.03875
0 0.48666667 0.83375 0.2 0.045
0 0.18833333 0.82375 0.16 0.04
0 0.19333333 0.70625 0.16 0.04
0 0.1925 0.65125 0.165 0.0425
0 0.20666667 0.4775 0.2 0.05
0 0.17416667 0.421875 0.14166667 0.04625
0 0.1675 0.311875 0.14166667 0.04625
0 0.49333333 0.47125 0.21666667 0.0425
0 0.49333333 0.4175 0.21666667 0.0425
0 0.48833333 0.2975 0.22 0.0475
0 0.78083333 0.4125 0.235 0.045
0 0.78583333 0.47375 0.235 0.045
0 0.7925 0.589375 0.23833333 0.03875
