0 0.85516667 0.1 0.19833333 0.05
0 0.86016667 0.15375 0.18833333 0.038
0 0.86233333 0.2065 0.19266667 0.05
0 0.85733333 0.263 0.22333333 0.039
0 0.8625 0.321625 0.20433333 0.04125
0 0.8595 0.381 0.21566667 0.038
0 0.87183333 0.44125 0.19433333 0.0435
0 0.89283333 0.50225 0.149 0.0435
0 0.887 0.558125 0.17533333 0.04675
0 0.88416667 0.627125 0.187 0.04775
0 0.87333333 0.6875 0.2 0.0445
0 0.89 0.751625 0.17266667 0.04675
0 0.88266667 0.817875 0.20133333 0.05125
0 0.87766667 0.8815 0.20266667 0.0565
0 0.87766667 0.942375 0.206 0.05225
0 0.56166667 0.09175 0.206 0.051
0 0.57616667 0.145125 0.20566667 0.04225
0 0.5625 0.203875 0.213 0.04675
0 0.57033333 0.260875 0.21733333 0.04125
0 0.5805 0.314 0.21166667 0.0435
0 0.57183333 0.379375 0.22033333 0.03925
0 0.56666667 0.436875 0.25933333 0.03925
0 0.582 0.498375 0.2 0.04225
0 0.57266667 0.558125 0.23333333 0.04675
0 0.5675 0.623375 0.24366667 0.04875
0 0.57483333 0.6885 0.23766667 0.0445
0 0.55866667 0.755375 0.258 0.04775
0 0.582 0.823375 0.21466667 0.04025
0 0.58133333 0.88375 0.23333333 0.0435
0 0.57333333 0.95275 0.232 0.0425
0 0.274 0.101625 0.21866667 0.05525
0 0.25216667 0.16075 0.245 0.0435
0 0.27683333 0.214625 0.187 0.04225
0 0.24066667 0.271125 0.268 0.04875
0 0.27833333 0.326 0.19 0.0435
0 0.24 0.383625 0.26666667 0.04575
0 0.25733333 0.439625 0.23466667 0.04225
0 0.26816667 0.50325 0.219 0.048
0 0.2625 0.561375 0.219 0.04475
0 0.25 0.623875 0.226 0.04325
0 0.26616667 0.68475 0.22033333 0.037
0 0.2545 0.74825 0.21433333 0.038
0 0.26533333 0.8125 0.19866667 0.0425
0 0.2545 0.875 0.21433333 0.039
0 0.22983333 0.939 0.26366667 0.0435
