0 0.1415 0.86619948 0.21766667 0.05638853
0 0.14766667 0.77281617 0.248 0.05215124
0 0.14766667 0.6880704 0.23866667 0.06323338
0 0.14933333 0.6077249 0.24466667 0.06290743
0 0.1655 0.51971969 0.281 0.05443286
0 0.16716667 0.43383312 0.269 0.05671447
0 0.16766667 0.35006519 0.28333333 0.05867014
0 0.16766667 0.26336375 0.27 0.05867014
0 0.15216667 0.17421773 0.25233333 0.06290743
0 0.15316667 0.08556063 0.25433333 0.05964798
0 0.46816667 0.86408083 0.24433333 0.05867014
0 0.46933333 0.77672751 0.24466667 0.05541069
0 0.46833333 0.69247066 0.24666667 0.05443286
0 0.47366667 0.60919166 0.24 0.0619296
0 0.45816667 0.52574967 0.21766667 0.0619296
0 0.47716667 0.44035202 0.23766667 0.06714472
0 0.48016667 0.35185789 0.25433333 0.06616688
0 0.48833333 0.26499348 0.26 0.07496741
0 0.486 0.17861799 0.26 0.06518905
0 0.497 0.08279009 0.28 0.07170795
0 0.79983333 0.87288136 0.24766667 0.05867014
0 0.79383333 0.78422425 0.23766667 0.05736636
0 0.80766667 0.70436767 0.26133333 0.05671447
0 0.8315 0.60935463 0.31566667 0.06616688
0 0.83383333 0.52721643 0.29766667 0.06290743
0 0.82766667 0.43383312 0.29 0.06518905
0 0.82216667 0.3529987 0.27233333 0.0684485
0 0.83433333 0.26320078 0.292 0.05443286
0 0.83433333 0.17682529 0.29 0.05964798
0 0.80266667 0.08507171 0.22866667 0.06714472
