0 0.20066667 0.919 0.20866667 0.0315
0 0.50783333 0.9365 0.229 0.038
0 0.83816667 0.94575 0.23766667 0.0435
0 0.2085 0.858125 0.22166667 0.04025
0 0.50583333 0.876125 0.213 0.04325
0 0.836 0.883125 0.22466667 0.04025
0 0.19633333 0.801125 0.20866667 0.03275
0 0.49466667 0.812625 0.2 0.04675
0 0.831 0.82175 0.226 0.0435
0 0.19983333 0.741875 0.219 0.04025
0 0.50716667 0.75 0.22766667 0.039
0 0.8375 0.75775 0.23633333 0.0435
0 0.19983333 0.684375 0.22166667 0.04025
0 0.4955 0.688625 0.21033333 0.04225
0 0.83683333 0.6925 0.24633333 0.0435
0 0.189 0.622875 0.21133333 0.03925
0 0.4985 0.628375 0.213 0.04125
0 0.83766667 0.631 0.25066667 0.0425
0 0.1775 0.558125 0.20566667 0.04675
0 0.51133333 0.560375 0.23333333 0.04225
0 0.8405 0.5625 0.24766667 0.038
0 0.17966667 0.498375 0.20733333 0.04025
0 0.49333333 0.5 0.21466667 0.048
0 0.84416667 0.501625 0.24633333 0.04875
0 0.1825 0.438125 0.20433333 0.05225
0 0.49633333 0.435875 0.20866667 0.04575
0 0.84483333 0.431125 0.24766667 0.04675
0 0.17466667 0.373375 0.2 0.04225
0 0.4985 0.369 0.213 0.0445
0 0.84333333 0.367375 0.25933333 0.05225
0 0.1795 0.312625 0.213 0.05325
0 0.492 0.308125 0.226 0.04675
0 0.829 0.29725 0.23333333 0.049
0 0.17666667 0.2505 0.216 0.049
0 0.48466667 0.243 0.194 0.0445
0 0.84833333 0.234875 0.258 0.04575
0 0.18833333 0.19025 0.22733333 0.048
0 0.48683333 0.178875 0.21566667 0.04875
0 0.84916667 0.169625 0.245 0.04575
0 0.18466667 0.128875 0.21133333 0.04675
0 0.49333333 0.1115 0.21466667 0.051
0 0.8455 0.104875 0.24633333 0.04225
0 0.1825 0.06525 0.207 0.05
0 0.497 0.048375 0.222 0.05125
0 0.8425 0.039125 0.23766667 0.05225
