0 0.86083333 0.0925 0.195 0.035
0 0.50333333 0.1 0.25666667 0.0325
0 0.1725 0.109375 0.27833333 0.03125
0 0.86666667 0.15 0.18 0.0375
0 0.50166667 0.161875 0.26333333 0.03125
0 0.17 0.168125 0.27666667 0.03375
0 0.83083333 0.213125 0.24833333 0.03375
0 0.52833333 0.220625 0.21 0.03375
0 0.21083333 0.226875 0.20833333 0.02875
0 0.85916667 0.273125 0.19833333 0.03375
0 0.51583333 0.28 0.235 0.0325
0 0.20333333 0.285625 0.23 0.03125
0 0.83916667 0.333125 0.235 0.03625
0 0.52666667 0.338125 0.20666667 0.03125
0 0.2025 0.3425 0.23166667 0.03
0 0.81916667 0.3925 0.27166667 0.035
0 0.21583333 0.39875 0.21166667 0.03
0 0.54083333 0.396875 0.185 0.03375
0 0.545 0.44875 0.17333333 0.03
0 0.85416667 0.446875 0.195 0.03375
0 0.22583333 0.453125 0.195 0.02875
0 0.5375 0.506875 0.19166667 0.02875
0 0.8625 0.50125 0.17833333 0.035
0 0.2275 0.510625 0.19833333 0.03125
0 0.54416667 0.561875 0.17833333 0.02875
0 0.86166667 0.56 0.17666667 0.03
0 0.2425 0.561875 0.165 0.03375
0 0.8475 0.615625 0.205 0.03125
0 0.22916667 0.61875 0.20166667 0.03
0 0.5275 0.616875 0.215 0.03375
0 0.8375 0.671875 0.22166667 0.03125
0 0.54 0.671875 0.18333333 0.03125
0 0.24083333 0.673125 0.18166667 0.02875
0 0.85166667 0.72625 0.18666667 0.03
0 0.24416667 0.729375 0.17833333 0.03125
0 0.24333333 0.779375 0.18 0.02875
0 0.86166667 0.77875 0.17 0.03
0 0.53333333 0.78 0.20666667 0.0325
0 0.22416667 0.831875 0.22833333 0.02875
0 0.85333333 0.833125 0.17333333 0.02875
0 0.53583333 0.83375 0.205 0.03
0 0.2325 0.880625 0.215 0.03375
0 0.53833333 0.885625 0.19666667 0.03125
0 0.84833333 0.88625 0.18666667 0.03
0 0.54416667 0.725 0.195 0.0375
