0 0.28916667 0.666875 0.235 0.04875
0 0.55166667 0.65125 0.21 0.04
0 0.80166667 0.650625 0.21333333 0.03375
0 0.29166667 0.61125 0.22666667 0.0375
0 0.55333333 0.601875 0.2 0.03125
0 0.7975 0.59875 0.215 0.03
0 0.29166667 0.555 0.22666667 0.035
0 0.55 0.55375 0.20666667 0.035
0 0.80166667 0.54625 0.20666667 0.035
0 0.29166667 0.50375 0.22333333 0.03
0 0.54833333 0.5025 0.21 0.0325
0 0.795 0.499375 0.22 0.03375
0 0.54833333 0.455 0.19666667 0.04
0 0.79083333 0.45 0.215 0.0325
0 0.285 0.400625 0.22666667 0.03125
0 0.545 0.40375 0.20666667 0.0375
0 0.79666667 0.400625 0.19333333 0.03375
0 0.28416667 0.3475 0.23166667 0.035
0 0.54333333 0.3525 0.20666667 0.0375
0 0.79166667 0.349375 0.20666667 0.03375
0 0.28583333 0.295625 0.22166667 0.03125
0 0.54333333 0.30125 0.20666667 0.0425
0 0.28333333 0.2425 0.22333333 0.035
0 0.5425 0.248125 0.20166667 0.03875
0 0.78916667 0.201875 0.195 0.03875
0 0.28333333 0.195625 0.22 0.03375
0 0.5475 0.195625 0.225 0.03875
0 0.79083333 0.251875 0.20833333 0.03375
0 0.79083333 0.29625 0.20833333 0.03
0 0.2825 0.451875 0.22833333 0.03375
