0 0.80333333 0.259375 0.3 0.04125
0 0.17 0.263125 0.3 0.04125
0 0.48666667 0.2625 0.3 0.0425
0 0.805 0.321875 0.3 0.04125
0 0.48833333 0.324375 0.3 0.04375
0 0.17166667 0.3225 0.3 0.0525
0 0.805 0.3825 0.3 0.0425
0 0.49166667 0.385625 0.3 0.04125
0 0.17333333 0.386875 0.3 0.04875
0 0.80166667 0.444375 0.3 0.04125
0 0.49166667 0.446875 0.3 0.04125
0 0.17333333 0.445 0.3 0.0575
0 0.80333333 0.505625 0.3 0.04125
0 0.48833333 0.50875 0.3 0.045
0 0.17 0.5175 0.3 0.0625
0 0.80333333 0.566875 0.3 0.04125
0 0.49 0.5725 0.3 0.0525
0 0.17333333 0.57375 0.3 0.0475
0 0.80333333 0.6275 0.3 0.0425
0 0.495 0.631875 0.3 0.04125
0 0.175 0.64125 0.3 0.055
0 0.80666667 0.688125 0.3 0.04125
0 0.49666667 0.69375 0.3 0.0425
0 0.17666667 0.70625 0.3 0.0525
0 0.80833333 0.75 0.3 0.0425
0 0.49833333 0.75625 0.3 0.0425
0 0.17166667 0.768125 0.3 0.05375
0 0.81 0.811875 0.3 0.04125
0 0.5 0.826875 0.3 0.05375
0 0.17166667 0.835625 0.3 0.04625
