0 0.72685185 0.79965278 0.22037037 0.04097222
0 0.73888889 0.75 0.2 0.03333333
0 0.73148148 0.70486111 0.22222222 0.0375
0 0.72175926 0.66111111 0.24537037 0.0375
0 0.75740741 0.61215278 0.20740741 0.03680556
0 0.76157407 0.56944444 0.21388889 0.03472222
0 0.76064815 0.51944444 0.21759259 0.0375
0 0.76990741 0.46840278 0.19351852 0.03819444
0 0.78425926 0.42256944 0.20185185 0.03680556
0 0.78333333 0.37013889 0.19814815 0.03888889
0 0.51435185 0.80451389 0.175 0.02708333
0 0.5162037 0.75902778 0.175 0.04027778
0 0.50787037 0.70902778 0.19351852 0.02777778
0 0.5212963 0.6625 0.16666667 0.03055556
0 0.525 0.61458333 0.19074074 0.02777778
0 0.52222222 0.56076389 0.21296296 0.03541667
0 0.52731481 0.51284722 0.18611111 0.03541667
0 0.52777778 0.46631944 0.1962963 0.03680556
0 0.52592593 0.41770833 0.19444444 0.03263889
0 0.52592593 0.36423611 0.21296296 0.04375
0 0.28564815 0.81770833 0.19351852 0.03402778
0 0.28611111 0.76666667 0.18518519 0.03611111
0 0.2837963 0.715625 0.20648148 0.03958333
0 0.28148148 0.665625 0.21666667 0.03680556
0 0.2787037 0.61145833 0.19074074 0.03402778
0 0.28981481 0.5625 0.1962963 0.03194444
0 0.28935185 0.51111111 0.21203704 0.03611111
0 0.24861111 0.45763889 0.27314815 0.04305556
0 0.275 0.40659722 0.22592593 0.03819444
0 0.28148148 0.35069444 0.23148148 0.04583333
