0 0.815 0.27125 0.3 0.0425
0 0.19833333 0.27 0.3 0.065
0 0.51 0.27625 0.3 0.065
0 0.815 0.3325 0.3 0.0425
0 0.19833333 0.331875 0.3 0.04375
0 0.51 0.334375 0.3 0.04625
0 0.81666667 0.390625 0.3 0.04625
0 0.51333333 0.39375 0.3 0.0425
0 0.20166667 0.3925 0.3 0.0575
0 0.81833333 0.455625 0.3 0.04375
0 0.51333333 0.455 0.3 0.045
0 0.20166667 0.46 0.3 0.0425
0 0.82 0.515 0.3 0.0425
0 0.515 0.51875 0.3 0.045
0 0.20666667 0.52375 0.3 0.0425
0 0.81833333 0.576875 0.3 0.04125
0 0.515 0.57875 0.3 0.0525
0 0.20666667 0.5875 0.3 0.0425
0 0.825 0.638125 0.3 0.04125
0 0.51833333 0.645625 0.3 0.04375
0 0.21 0.650625 0.3 0.04375
0 0.82166667 0.69875 0.3 0.0425
0 0.51833333 0.7075 0.3 0.0425
0 0.21166667 0.71375 0.3 0.0425
0 0.82333333 0.759375 0.3 0.04125
0 0.52166667 0.77 0.3 0.0425
0 0.21166667 0.778125 0.3 0.04375
0 0.82666667 0.819375 0.3 0.04125
0 0.52333333 0.8275 0.3 0.0525
0 0.21666667 0.84 0.3 0.0425
