0 0.2425 0.6425 0.20833333 0.035
0 0.50583333 0.635625 0.21166667 0.03875
0 0.75 0.63375 0.22333333 0.04
0 0.24666667 0.59125 0.20333333 0.0325
0 0.75583333 0.588125 0.21166667 0.03375
0 0.505 0.588125 0.21 0.03875
0 0.2425 0.535625 0.21166667 0.03625
0 0.75 0.536875 0.22 0.03125
0 0.4975 0.53375 0.22166667 0.0375
0 0.755 0.489375 0.20333333 0.03375
0 0.50666667 0.488125 0.20333333 0.03875
0 0.74333333 0.438125 0.22 0.03125
0 0.5025 0.436875 0.20833333 0.03375
0 0.24083333 0.435 0.215 0.035
0 0.745 0.38875 0.21 0.0325
0 0.24416667 0.3825 0.205 0.0325
0 0.75166667 0.341875 0.19333333 0.03125
0 0.2475 0.3325 0.20166667 0.03
0 0.49583333 0.334375 0.21833333 0.03625
0 0.74916667 0.2925 0.195 0.03
0 0.25 0.2875 0.19666667 0.0375
0 0.50333333 0.28375 0.2 0.03
0 0.73666667 0.248125 0.21333333 0.02875
0 0.24833333 0.235625 0.19666667 0.03375
0 0.74333333 0.1975 0.19666667 0.0325
0 0.25666667 0.1825 0.18333333 0.04
0 0.49416667 0.1875 0.205 0.0375
0 0.49916667 0.381875 0.21833333 0.03625
0 0.24083333 0.485625 0.21833333 0.03625
0 0.4925 0.235 0.21166667 0.0375
