0 0.16333333 0.386875 0.26 0.03125
0 0.16666667 0.339375 0.25666667 0.03125
0 0.18333333 0.2925 0.23333333 0.0325
0 0.4875 0.286875 0.24166667 0.03375
0 0.82416667 0.2875 0.205 0.035
0 0.1725 0.248125 0.25166667 0.03375
0 0.49833333 0.244375 0.22 0.03375
0 0.79416667 0.23875 0.26166667 0.035
0 0.19083333 0.204375 0.21833333 0.03125
0 0.50166667 0.2 0.21333333 0.035
0 0.80416667 0.194375 0.23833333 0.03625
0 0.805 0.331875 0.24 0.03375
0 0.8025 0.38375 0.26166667 0.035
0 0.80083333 0.43 0.25833333 0.035
0 0.81083333 0.478125 0.25166667 0.03125
0 0.80333333 0.52875 0.27333333 0.0425
0 0.80666667 0.578125 0.28333333 0.03875
0 0.82166667 0.63125 0.25 0.04
0 0.49083333 0.334375 0.22833333 0.03625
0 0.49333333 0.383125 0.23333333 0.03375
0 0.47916667 0.43 0.25833333 0.035
0 0.49166667 0.47875 0.24333333 0.0375
0 0.49833333 0.533125 0.23 0.04125
0 0.48 0.580625 0.27 0.03375
0 0.48666667 0.631875 0.25333333 0.03625
0 0.165 0.43125 0.25666667 0.0325
0 0.165 0.48 0.25666667 0.0325
0 0.16166667 0.53 0.26 0.0375
0 0.16 0.58125 0.26333333 0.0325
0 0.15 0.6325 0.26333333 0.0375
