0 0.82666667 0.301875 0.3 0.04375
0 0.505 0.306875 0.3 0.04375
0 0.185 0.308125 0.3 0.04375
0 0.82833333 0.368125 0.3 0.04375
0 0.18333333 0.37 0.3 0.0425
0 0.50166667 0.37 0.3 0.0425
0 0.185 0.43375 0.3 0.0425
0 0.5 0.434375 0.3 0.04375
0 0.82666667 0.434375 0.3 0.04375
0 0.18333333 0.4975 0.3 0.0425
0 0.50333333 0.49875 0.3 0.0425
0 0.82666667 0.499375 0.3 0.04375
0 0.18166667 0.5625 0.3 0.0425
0 0.5 0.56 0.3 0.0525
0 0.825 0.566875 0.3 0.04375
0 0.18 0.625 0.3 0.0425
0 0.50166667 0.63 0.3 0.0425
0 0.825 0.6325 0.3 0.045
0 0.18333333 0.689375 0.3 0.04125
0 0.49833333 0.694375 0.3 0.04375
0 0.82333333 0.6975 0.3 0.0425
0 0.18166667 0.75375 0.3 0.0425
0 0.50333333 0.760625 0.3 0.04375
0 0.82166667 0.763125 0.3 0.04375
0 0.17833333 0.8175 0.3 0.0425
0 0.49833333 0.82375 0.3 0.0425
0 0.82 0.828125 0.3 0.04375
0 0.17833333 0.881875 0.3 0.04125
0 0.5 0.888125 0.3 0.04875
0 0.81833333 0.893125 0.3 0.04375
