0 0.50666667 0.281875 0.3 0.04375
0 0.83 0.28125 0.3 0.045
0 0.18833333 0.28625 0.3 0.0425
0 0.505 0.3475 0.3 0.0425
0 0.18333333 0.34875 0.3 0.0425
0 0.82833333 0.34875 0.3 0.045
0 0.18666667 0.4125 0.3 0.0425
0 0.50166667 0.4125 0.3 0.0425
0 0.82666667 0.415625 0.3 0.04375
0 0.185 0.475 0.3 0.0425
0 0.5 0.478125 0.3 0.04375
0 0.825 0.481875 0.3 0.04375
0 0.185 0.53875 0.3 0.0425
0 0.5 0.544375 0.3 0.04375
0 0.82166667 0.5475 0.3 0.0425
0 0.185 0.60125 0.3 0.0425
0 0.49833333 0.60875 0.3 0.0425
0 0.82 0.61375 0.3 0.0425
0 0.18333333 0.66375 0.3 0.0425
0 0.495 0.673125 0.3 0.04375
0 0.81666667 0.679375 0.3 0.04375
0 0.18166667 0.72625 0.3 0.0425
0 0.49666667 0.7375 0.3 0.0425
0 0.81833333 0.74625 0.3 0.045
0 0.18166667 0.78875 0.3 0.0425
0 0.495 0.80125 0.3 0.0425
0 0.81333333 0.810625 0.3 0.04375
0 0.18166667 0.849375 0.3 0.04125
0 0.49333333 0.864375 0.3 0.04375
0 0.81166667 0.87375 0.3 0.0425
