0 0.81666667 0.79398076 0.254 0.06515669
0 0.82366667 0.71641328 0.24733333 0.06205399
0 0.82416667 0.63760472 0.24366667 0.05895129
0 0.82433333 0.5510394 0.246 0.06329507
0 0.823 0.47672975 0.25533333 0.0598821
0 0.8265 0.39699038 0.24366667 0.05864102
0 0.82416667 0.31306236 0.24833333 0.06205399
0 0.8225 0.2368911 0.25166667 0.0598821
0 0.82083333 0.15466956 0.255 0.06422588
0 0.826 0.0727583 0.24266667 0.0629848
0 0.48733333 0.79056779 0.23 0.06950047
0 0.4765 0.7116041 0.247 0.06112318
0 0.48166667 0.63077878 0.23933333 0.05584859
0 0.47483333 0.55755507 0.253 0.05460751
0 0.47883333 0.47719516 0.24033333 0.06950047
0 0.48566667 0.39807633 0.23333333 0.05646913
0 0.48566667 0.3198883 0.24 0.06081291
0 0.49083333 0.23813217 0.23433333 0.05553832
0 0.49016667 0.15466956 0.23566667 0.05802048
0 0.49083333 0.07229289 0.23233333 0.06205399
0 0.162 0.78746509 0.22066667 0.06081291
0 0.1575 0.70772572 0.22766667 0.05771021
0 0.15916667 0.62752094 0.23566667 0.0598821
0 0.16266667 0.55150481 0.224 0.05553832
0 0.15933333 0.47719516 0.22866667 0.06081291
0 0.157 0.39109525 0.22666667 0.0598821
0 0.15816667 0.31725101 0.22433333 0.0598821
0 0.15983333 0.23642569 0.221 0.06515669
0 0.157 0.15404902 0.224 0.06112318
0 0.1535 0.07182749 0.22433333 0.07167235
