0 0.51166667 0.284375 0.3 0.04625
0 0.83666667 0.291875 0.3 0.05125
0 0.175 0.346875 0.3 0.04375
0 0.83666667 0.360625 0.3 0.04625
0 0.51166667 0.359375 0.3 0.05625
0 0.175 0.415625 0.3 0.04375
0 0.51 0.41875 0.3 0.0525
0 0.835 0.425625 0.3 0.04875
0 0.17333333 0.479375 0.3 0.05625
0 0.83333333 0.485625 0.3 0.05125
0 0.51 0.485625 0.3 0.05125
0 0.83333333 0.54875 0.3 0.0525
0 0.50833333 0.551875 0.3 0.04625
0 0.17333333 0.549375 0.3 0.05625
0 0.83 0.618125 0.3 0.05625
0 0.175 0.61375 0.3 0.055
0 0.51 0.618125 0.3 0.04875
0 0.51 0.683125 0.3 0.04625
0 0.17833333 0.684375 0.3 0.05125
0 0.82833333 0.680625 0.3 0.05625
0 0.825 0.73625 0.3 0.0525
0 0.51 0.748125 0.3 0.04625
0 0.17666667 0.751875 0.3 0.04375
0 0.825 0.805 0.3 0.0425
0 0.50833333 0.81 0.3 0.0525
0 0.17833333 0.8175 0.3 0.0425
0 0.82166667 0.865 0.3 0.0475
0 0.50833333 0.871875 0.3 0.05625
0 0.18 0.88125 0.3 0.0425
0 0.18 0.2775 0.3 0.0575
