0 0.4825 0.079375 0.195 0.03125
0 0.18583333 0.079375 0.19166667 0.02875
0 0.77666667 0.1375 0.19666667 0.0275
0 0.48666667 0.138125 0.19666667 0.02875
0 0.1825 0.1375 0.18833333 0.03
0 0.7725 0.19625 0.18833333 0.0275
0 0.50083333 0.195 0.22166667 0.0325
0 0.1675 0.195 0.15833333 0.03
0 0.77583333 0.25125 0.195 0.03
0 0.49166667 0.2525 0.20666667 0.0275
0 0.185 0.2525 0.19 0.03
0 0.78333333 0.309375 0.21666667 0.02875
0 0.48333333 0.310625 0.19333333 0.02875
0 0.19083333 0.309375 0.19833333 0.02875
0 0.77083333 0.366875 0.19166667 0.02875
0 0.46 0.366875 0.14666667 0.02875
0 0.205 0.366875 0.26666667 0.02875
0 0.77 0.419375 0.18666667 0.03375
0 0.46916667 0.42375 0.16166667 0.0275
0 0.17 0.42375 0.15666667 0.03
0 0.7725 0.48 0.195 0.0275
0 0.48166667 0.48 0.19 0.03
0 0.18916667 0.48 0.195 0.03
0 0.78166667 0.53625 0.20666667 0.0275
0 0.48416667 0.53625 0.195 0.03
0 0.18 0.5375 0.17666667 0.0275
0 0.76166667 0.593125 0.17 0.02875
0 0.47833333 0.593125 0.18333333 0.02875
0 0.18083333 0.593125 0.17833333 0.02875
0 0.77166667 0.645625 0.18666667 0.03375
0 0.46166667 0.64875 0.15 0.03
0 0.18083333 0.65 0.225 0.0275
0 0.76416667 0.706875 0.175 0.02875
0 0.48166667 0.70625 0.19 0.03
0 0.16166667 0.70625 0.17333333 0.03
0 0.4825 0.763125 0.19166667 0.02875
0 0.775 0.763125 0.19666667 0.03125
0 0.77166667 0.820625 0.19 0.03125
0 0.48166667 0.816875 0.18666667 0.03375
0 0.16916667 0.82125 0.155 0.0275
0 0.77083333 0.8775 0.185 0.0325
0 0.47333333 0.878125 0.17333333 0.02875
0 0.16333333 0.875 0.14666667 0.0325
0 0.16333333 0.7625 0.15333333 0.03
0 0.7775 0.081875 0.19166667 0.03125
