0 0.83736413 0.23039941 0.23940217 0.04215976
0 0.82880435 0.28245192 0.26141304 0.03346893
0 0.83410326 0.33533654 0.23831522 0.03864645
0 0.825 0.3881287 0.26902174 0.03698225
0 0.82119565 0.44045858 0.24076087 0.04142012
0 0.81154891 0.4933432 0.26005435 0.05029586
0 0.81345109 0.54752219 0.25353261 0.04585799
0 0.80747283 0.59328772 0.26277174 0.0493713
0 0.8048913 0.64700444 0.26793478 0.05288462
0 0.79660326 0.70340237 0.27961957 0.05288462
0 0.53641304 0.21643861 0.26413043 0.05122041
0 0.52934783 0.2754253 0.29619565 0.04234467
0 0.52730978 0.33089867 0.29755435 0.03531805
0 0.52486413 0.38461538 0.26657609 0.03883136
0 0.52350543 0.4383321 0.28722826 0.03531805
0 0.52228261 0.49685651 0.27445652 0.03957101
0 0.5326087 0.55057322 0.24347826 0.02718195
0 0.52540761 0.60382766 0.28070652 0.04049556
0 0.52092391 0.65625 0.26902174 0.04659763
0 0.52418478 0.71218565 0.25217391 0.04752219
0 0.25815217 0.22660873 0.22771739 0.03088018
0 0.24918478 0.2820821 0.225 0.0379068
0 0.24592391 0.33404216 0.23423913 0.0379068
0 0.24144022 0.38849852 0.24048913 0.04142012
0 0.2298913 0.44055104 0.26141304 0.03605769
0 0.24402174 0.49556213 0.225 0.04585799
0 0.22853261 0.54493343 0.26902174 0.02995562
0 0.22459239 0.59948225 0.28722826 0.03180473
0 0.21875 0.65190459 0.28858696 0.0379068
0 0.2201087 0.70423447 0.28858696 0.03864645
