0 0.81666667 0.26125 0.3 0.0425
0 0.49666667 0.2625 0.3 0.0475
0 0.185 0.26375 0.3 0.0425
0 0.18333333 0.324375 0.3 0.04125
0 0.5 0.324375 0.3 0.04125
0 0.81666667 0.32375 0.3 0.0425
0 0.18333333 0.385 0.3 0.0425
0 0.49833333 0.38625 0.3 0.0425
0 0.81333333 0.38625 0.3 0.0425
0 0.185 0.44 0.3 0.055
0 0.49666667 0.446875 0.3 0.04125
0 0.81166667 0.4475 0.3 0.0425
0 0.18166667 0.505625 0.3 0.04125
0 0.5 0.508125 0.3 0.04125
0 0.80833333 0.509375 0.3 0.04125
0 0.18333333 0.56625 0.3 0.04
0 0.495 0.569375 0.3 0.04125
0 0.80833333 0.571875 0.3 0.04125
0 0.18166667 0.625625 0.3 0.04125
0 0.49333333 0.630625 0.3 0.04125
0 0.80833333 0.633125 0.3 0.04125
0 0.185 0.685625 0.3 0.04125
0 0.49333333 0.690625 0.3 0.04125
0 0.80333333 0.693125 0.3 0.04125
0 0.18166667 0.744375 0.3 0.04125
0 0.49166667 0.75 0.3 0.0425
0 0.80166667 0.755 0.3 0.0475
0 0.18 0.804375 0.3 0.04125
0 0.49166667 0.809375 0.3 0.04125
0 0.8 0.811875 0.3 0.04375
