0 0.17916667 0.335625 0.225 0.04125
0 0.46166667 0.344375 0.24 0.03875
0 0.4575 0.405625 0.23166667 0.03875
0 0.73166667 0.408125 0.21333333 0.03875
0 0.72666667 0.459375 0.21 0.03125
0 0.45666667 0.456875 0.22666667 0.04125
0 0.17833333 0.458125 0.22 0.04125
0 0.72833333 0.5125 0.21333333 0.0325
0 0.4525 0.513125 0.22166667 0.04625
0 0.18666667 0.51875 0.23666667 0.04
0 0.7275 0.566875 0.215 0.03625
0 0.45583333 0.57125 0.225 0.0375
0 0.1825 0.5775 0.225 0.04
0 0.72416667 0.6175 0.21166667 0.035
0 0.185 0.633125 0.22666667 0.03625
0 0.45666667 0.62625 0.22666667 0.045
0 0.71833333 0.67 0.2 0.035
0 0.455 0.68875 0.22 0.04
0 0.7225 0.723125 0.20833333 0.03125
0 0.4575 0.74125 0.225 0.035
0 0.71833333 0.774375 0.20333333 0.03375
0 0.44916667 0.79625 0.20833333 0.035
0 0.1825 0.801875 0.215 0.03625
0 0.7125 0.82 0.19833333 0.045
0 0.45333333 0.848125 0.21666667 0.03375
0 0.18 0.85875 0.21 0.0375
0 0.19333333 0.74875 0.23 0.045
0 0.19666667 0.693125 0.24 0.04125
0 0.18 0.400625 0.24 0.04125
0 0.72833333 0.350625 0.21666667 0.03875
