0 0.4925 0.086875 0.24833333 0.03875
0 0.485 0.13875 0.23 0.0275
0 0.77416667 0.138125 0.235 0.03125
0 0.7625 0.190625 0.205 0.02875
0 0.48083333 0.193125 0.22166667 0.02875
0 0.16833333 0.195625 0.17666667 0.03125
0 0.775 0.244375 0.22666667 0.02875
0 0.465 0.25 0.18666667 0.03
0 0.20166667 0.251875 0.24333333 0.03125
0 0.77416667 0.299375 0.22166667 0.03125
0 0.46333333 0.305 0.18 0.03
0 0.18333333 0.3075 0.20666667 0.03
0 0.75833333 0.36 0.18666667 0.0325
0 0.49583333 0.36375 0.245 0.035
0 0.19416667 0.36625 0.22833333 0.0325
0 0.77583333 0.4125 0.215 0.0325
0 0.475 0.418125 0.19 0.02875
0 0.19333333 0.421875 0.22333333 0.03125
0 0.77083333 0.47125 0.19833333 0.0325
0 0.19416667 0.4775 0.22166667 0.0325
0 0.78666667 0.52875 0.24 0.03
0 0.16916667 0.5325 0.165 0.035
0 0.7675 0.584375 0.195 0.02875
0 0.47416667 0.59 0.18833333 0.0325
0 0.19666667 0.591875 0.21666667 0.02875
0 0.7725 0.640625 0.20833333 0.03125
0 0.76166667 0.69625 0.18 0.03
0 0.475 0.700625 0.18666667 0.03375
0 0.1825 0.706875 0.185 0.03125
0 0.775 0.75 0.20333333 0.03
0 0.49333333 0.75625 0.21666667 0.03
0 0.19166667 0.759375 0.19333333 0.03125
0 0.78083333 0.805625 0.21833333 0.02875
0 0.4975 0.810625 0.225 0.02875
0 0.195 0.816875 0.2 0.02875
0 0.7875 0.860625 0.23166667 0.03125
0 0.5 0.86125 0.22333333 0.0325
0 0.2175 0.86875 0.245 0.0425
0 0.23416667 0.645625 0.295 0.03375
0 0.50416667 0.64125 0.23166667 0.04
0 0.48333333 0.525625 0.20666667 0.04375
0 0.48166667 0.474375 0.20333333 0.03125
0 0.185 0.138125 0.2 0.03625
0 0.1975 0.089375 0.23166667 0.03625
0 0.77083333 0.08375 0.22833333 0.0375
