0 0.8025 0.683125 0.195 0.03625
0 0.22 0.67375 0.23333333 0.05
0 0.79333333 0.62125 0.21666667 0.0375
0 0.52 0.558125 0.2 0.03125
0 0.79583333 0.4525 0.22166667 0.03
0 0.24916667 0.44125 0.195 0.0325
0 0.78916667 0.400625 0.235 0.03875
0 0.25583333 0.386875 0.185 0.03375
0 0.53666667 0.336875 0.17666667 0.03625
0 0.24583333 0.33125 0.20833333 0.0375
0 0.53083333 0.28125 0.19833333 0.0325
0 0.25416667 0.274375 0.19833333 0.03125
0 0.24833333 0.21875 0.21333333 0.035
0 0.25833333 0.165 0.19666667 0.0325
0 0.80833333 0.17125 0.24 0.045
0 0.7975 0.225625 0.24833333 0.04875
0 0.8025 0.28625 0.235 0.045
0 0.79916667 0.344375 0.22833333 0.04875
0 0.80166667 0.51375 0.23333333 0.045
0 0.80166667 0.5675 0.22 0.035
0 0.52416667 0.17375 0.22166667 0.055
0 0.52333333 0.225625 0.22333333 0.03875
0 0.5175 0.395625 0.22166667 0.04125
0 0.50666667 0.453125 0.23666667 0.04625
0 0.50916667 0.505 0.245 0.0475
0 0.52416667 0.62 0.195 0.0475
0 0.50833333 0.671875 0.22 0.04625
0 0.2325 0.501875 0.22833333 0.05625
0 0.22833333 0.559375 0.23333333 0.04125
0 0.21416667 0.610625 0.255 0.05125
