0 0.2796875 0.24305556 0.06770833 0.23333333
0 0.41927083 0.78333333 0.06770833 0.23333333
0 0.3609375 0.78194444 0.06770833 0.23333333
0 0.29947917 0.77361111 0.06770833 0.23333333
0 0.2796875 0.52361111 0.06770833 0.23333333
0 0.5890625 0.77083333 0.06770833 0.23333333
0 0.5359375 0.77777778 0.06770833 0.23333333
0 0.4765625 0.78333333 0.06770833 0.23333333
0 0.4140625 0.51111111 0.06770833 0.23333333
0 0.3453125 0.52361111 0.06770833 0.23333333
0 0.6578125 0.24166667 0.06770833 0.23333333
0 0.5953125 0.23888889 0.06770833 0.23333333
0 0.5296875 0.24027778 0.06770833 0.23333333
0 0.4734375 0.24305556 0.06770833 0.23333333
0 0.4046875 0.24166667 0.06770833 0.23333333
0 0.34322917 0.24583333 0.06770833 0.23333333
0 0.5296875 0.52430556 0.065625 0.25138889
0 0.59114583 0.51388889 0.06770833 0.23333333
0 0.64427083 0.77916667 0.06770833 0.23333333
0 0.7015625 0.77638889 0.06770833 0.23333333
0 0.75885417 0.78055556 0.06770833 0.23333333
0 0.81822917 0.77638889 0.06770833 0.23333333
0 0.84427083 0.52222222 0.06770833 0.23333333
0 0.65260417 0.51666667 0.06770833 0.23333333
0 0.7796875 0.51666667 0.06770833 0.23333333
0 0.71614583 0.51527778 0.06770833 0.23333333
0 0.72447917 0.24166667 0.06770833 0.23333333
0 0.47239583 0.51527778 0.06770833 0.23333333
0 0.84427083 0.2375 0.06770833 0.23333333
0 0.78177083 0.24444444 0.06770833 0.23333333
