0 0.7015625 0.23263889 0.059375 0.22638889
0 0.63854167 0.24027778 0.05416667 0.24722222
0 0.57864583 0.24305556 0.05520833 0.24444444
0 0.51510417 0.23125 0.05520833 0.24861111
0 0.46041667 0.24097222 0.05208333 0.24583333
0 0.40260417 0.24583333 0.053125 0.25555556
0 0.33697917 0.23819444 0.053125 0.27083333
0 0.28125 0.23541667 0.05 0.2375
0 0.22604167 0.22916667 0.04583333 0.22222222
0 0.16770833 0.22430556 0.05 0.23472222
0 0.70729167 0.54791667 0.0625 0.25138889
0 0.64166667 0.54583333 0.06041667 0.26111111
0 0.57760417 0.54583333 0.059375 0.26666667
0 0.5140625 0.53680556 0.05729167 0.27361111
0 0.45208333 0.52986111 0.05 0.24305556
0 0.3890625 0.54305556 0.053125 0.26944444
0 0.32916667 0.53611111 0.05625 0.26111111
0 0.271875 0.51666667 0.04583333 0.23333333
0 0.21875 0.51736111 0.05 0.22361111
0 0.15729167 0.51666667 0.05208333 0.23055556
0 0.70677083 0.84513889 0.04895833 0.23472222
0 0.63697917 0.84305556 0.05729167 0.25277778
0 0.56927083 0.84722222 0.05520833 0.26666667
0 0.50104167 0.8375 0.05208333 0.26944444
0 0.44114583 0.82638889 0.05520833 0.25833333
0 0.37552083 0.83541667 0.04895833 0.25416667
0 0.31354167 0.82430556 0.05625 0.24583333
0 0.24947917 0.81319444 0.046875 0.22638889
0 0.1921875 0.83055556 0.046875 0.26388889
0 0.12708333 0.80902778 0.06875 0.27638889
