0 0.83657407 0.95520833 0.225 0.04513889
0 0.84305556 0.89652778 0.2287037 0.05
0 0.84953704 0.83229167 0.21759259 0.04791667
0 0.84907407 0.76666667 0.21111111 0.04027778
0 0.84583333 0.70486111 0.22685185 0.03888889
0 0.83472222 0.64097222 0.24907407 0.04166667
0 0.83101852 0.57847222 0.24722222 0.03888889
0 0.85555556 0.51597222 0.21296296 0.03888889
0 0.85648148 0.45590278 0.21296296 0.03402778
0 0.8375 0.38923611 0.24351852 0.03819444
0 0.82916667 0.32881944 0.24907407 0.04652778
0 0.82638889 0.26388889 0.2787037 0.0375
0 0.8337963 0.20104167 0.24722222 0.05069444
0 0.83564815 0.13506944 0.23055556 0.03958333
0 0.84675926 0.07048611 0.2287037 0.03541667
0 0.50185185 0.95243056 0.23703704 0.05208333
0 0.49861111 0.88854167 0.275 0.04097222
0 0.51759259 0.828125 0.22777778 0.04652778
0 0.4962963 0.76423611 0.25740741 0.04097222
0 0.50231481 0.70520833 0.24166667 0.04097222
0 0.52546296 0.64270833 0.2212963 0.04097222
0 0.50972222 0.58263889 0.24537037 0.04583333
0 0.51759259 0.515625 0.23333333 0.04097222
0 0.50833333 0.45451389 0.24259259 0.03819444
0 0.51990741 0.39305556 0.20277778 0.04722222
0 0.51990741 0.33194444 0.23425926 0.04166667
0 0.5037037 0.26979167 0.24814815 0.03680556
0 0.51157407 0.20104167 0.23796296 0.03680556
0 0.48518519 0.14479167 0.27592593 0.04930556
0 0.51898148 0.07326389 0.21944444 0.03263889
0 0.20416667 0.94652778 0.23055556 0.03888889
0 0.19398148 0.87777778 0.25092593 0.04305556
0 0.19583333 0.81944444 0.24166667 0.0375
0 0.20185185 0.76284722 0.22037037 0.03680556
0 0.1712963 0.70381944 0.28703704 0.03819444
0 0.21574074 0.63784722 0.18518519 0.04236111
0 0.19722222 0.58125 0.23148148 0.04305556
0 0.19027778 0.51423611 0.23055556 0.03680556
0 0.19814815 0.45625 0.23888889 0.03472222
0 0.17314815 0.39479167 0.2962963 0.03958333
0 0.20231481 0.32951389 0.20277778 0.04375
0 0.19675926 0.26875 0.23055556 0.0375
0 0.19861111 0.20486111 0.2287037 0.04305556
0 0.19953704 0.14409722 0.20833333 0.03958333
0 0.17731481 0.08402778 0.25277778 0.04305556
