0 0.77666667 0.284375 0.19333333 0.03875
0 0.7775 0.3475 0.18166667 0.03
0 0.51833333 0.344375 0.24 0.04625
0 0.22333333 0.34875 0.20666667 0.0425
0 0.80666667 0.40625 0.24333333 0.0375
0 0.50083333 0.41 0.19833333 0.0325
0 0.2125 0.411875 0.18833333 0.03125
0 0.79666667 0.464375 0.22666667 0.03375
0 0.50916667 0.4625 0.21833333 0.0375
0 0.22 0.46875 0.19333333 0.03
0 0.7925 0.519375 0.215 0.03625
0 0.51083333 0.523125 0.21833333 0.03125
0 0.20416667 0.525 0.15833333 0.03
0 0.51416667 0.579375 0.22166667 0.02875
0 0.795 0.58 0.22 0.03
0 0.21416667 0.58125 0.18166667 0.03
0 0.48416667 0.635625 0.15833333 0.02875
0 0.22166667 0.6375 0.19666667 0.03
0 0.805 0.639375 0.23666667 0.03625
0 0.5175 0.689375 0.225 0.03625
0 0.22333333 0.69375 0.2 0.03
0 0.80583333 0.69375 0.23166667 0.03
0 0.79833333 0.748125 0.22333333 0.03375
0 0.49 0.749375 0.17 0.03125
0 0.805 0.806875 0.24 0.02875
0 0.51666667 0.805625 0.22666667 0.03125
0 0.23833333 0.80375 0.22666667 0.0375
0 0.815 0.8625 0.25666667 0.035
0 0.49666667 0.863125 0.23666667 0.02875
0 0.2225 0.863125 0.195 0.03625
0 0.21166667 0.74625 0.18 0.0325
0 0.81416667 0.2225 0.25833333 0.0425
0 0.78666667 0.156875 0.19333333 0.04875
0 0.80583333 0.093125 0.22833333 0.05125
0 0.79916667 0.0375 0.22166667 0.04
0 0.52083333 0.286875 0.245 0.04125
0 0.52083333 0.229375 0.24833333 0.04125
0 0.5175 0.16625 0.245 0.0475
0 0.52166667 0.10625 0.26 0.0475
0 0.51666667 0.04625 0.24333333 0.0475
0 0.21 0.2925 0.19 0.04
0 0.22583333 0.23125 0.22166667 0.05
0 0.22833333 0.17625 0.21333333 0.0375
0 0.21666667 0.1175 0.22 0.0375
0 0.1925 0.055 0.175 0.05
