0 0.17666667 0.94775 0.20733333 0.05
0 0.4615 0.9495 0.18566667 0.0425
0 0.8035 0.932125 0.229 0.04675
0 0.17533333 0.888625 0.20733333 0.04875
0 0.48116667 0.891375 0.213 0.04775
0 0.789 0.875125 0.20266667 0.04125
0 0.16 0.82775 0.19133333 0.038
0 0.48333333 0.83375 0.226 0.0455
0 0.79833333 0.81625 0.22466667 0.0435
0 0.1645 0.77175 0.203 0.048
0 0.48383333 0.775 0.22166667 0.0455
0 0.8035 0.755375 0.22633333 0.04125
0 0.16216667 0.704875 0.21033333 0.04225
0 0.47166667 0.70875 0.206 0.0435
0 0.7955 0.700125 0.19833333 0.03475
0 0.16666667 0.643 0.216 0.0425
0 0.479 0.641875 0.226 0.04225
0 0.78816667 0.6375 0.20433333 0.0425
0 0.1615 0.581 0.21166667 0.0335
0 0.476 0.57675 0.226 0.0445
0 0.80566667 0.5735 0.24466667 0.038
0 0.155 0.516375 0.21866667 0.04575
0 0.48033333 0.51625 0.24666667 0.0435
0 0.80216667 0.509875 0.23766667 0.04125
0 0.14916667 0.4495 0.207 0.0445
0 0.46666667 0.450625 0.20133333 0.04225
0 0.82383333 0.44675 0.26366667 0.039
0 0.15416667 0.38375 0.22033333 0.0415
0 0.46433333 0.3815 0.21466667 0.037
0 0.8325 0.387625 0.27566667 0.04025
0 0.155 0.318 0.216 0.051
0 0.47733333 0.3115 0.23466667 0.0445
0 0.813 0.318 0.22733333 0.0445
0 0.15216667 0.2555 0.22166667 0.052
0 0.46866667 0.247375 0.20866667 0.04675
0 0.81066667 0.250625 0.23466667 0.04675
0 0.14483333 0.186 0.213 0.0565
0 0.4615 0.17825 0.209 0.0545
0 0.80716667 0.193 0.23033333 0.0425
0 0.16083333 0.120625 0.245 0.05425
0 0.47016667 0.109375 0.235 0.04675
0 0.81733333 0.122875 0.242 0.04575
0 0.15433333 0.048375 0.226 0.05975
0 0.47816667 0.041875 0.25366667 0.05125
0 0.80783333 0.05775 0.24366667 0.0435
