0 0.82566667 0.20018337 0.232 0.0599022
0 0.82683333 0.28698044 0.24633333 0.06540342
0 0.82016667 0.36124694 0.25966667 0.06540342
0 0.8255 0.44147311 0.24633333 0.06204156
0 0.82083333 0.51451711 0.26766667 0.06020782
0 0.80533333 0.59703545 0.28466667 0.0547066
0 0.81966667 0.67435819 0.26333333 0.06326406
0 0.8155 0.75626528 0.24766667 0.06998778
0 0.82616667 0.83771394 0.25233333 0.06234719
0 0.81366667 0.91992665 0.268 0.06112469
0 0.49583333 0.21164425 0.22766667 0.06326406
0 0.49583333 0.28698044 0.239 0.06112469
0 0.47683333 0.36124694 0.24633333 0.05440098
0 0.4785 0.43826406 0.26433333 0.05562347
0 0.49466667 0.512989 0.23666667 0.05898533
0 0.48816667 0.5872555 0.23566667 0.05898533
0 0.47683333 0.6667176 0.25366667 0.06326406
0 0.47566667 0.74587408 0.26533333 0.06448655
0 0.4725 0.82716993 0.281 0.05898533
0 0.48266667 0.91396699 0.256 0.06876528
0 0.17216667 0.21057457 0.24166667 0.07212714
0 0.172 0.29141198 0.23933333 0.05226161
0 0.1785 0.36506724 0.23566667 0.06448655
0 0.17383333 0.43765281 0.23566667 0.05684597
0 0.1745 0.50962714 0.24166667 0.0547066
0 0.1625 0.58603301 0.239 0.0547066
0 0.15966667 0.66243888 0.25 0.06326406
0 0.17866667 0.74052567 0.20466667 0.0599022
0 0.15416667 0.81525061 0.25833333 0.05654034
0 0.15883333 0.900978 0.25833333 0.06662592
