0 0.79 0.6175 0.22 0.0375
0 0.50333333 0.60875 0.24333333 0.0425
0 0.79416667 0.555625 0.21833333 0.03875
0 0.80333333 0.50125 0.20333333 0.035
0 0.50416667 0.4975 0.24166667 0.0425
0 0.77833333 0.444375 0.25666667 0.03875
0 0.77833333 0.395 0.25333333 0.045
0 0.7925 0.33875 0.22166667 0.0375
0 0.2525 0.285625 0.22166667 0.04125
0 0.80083333 0.28375 0.205 0.04
0 0.24833333 0.23375 0.23666667 0.0325
0 0.79666667 0.221875 0.22333333 0.04375
0 0.25166667 0.183125 0.22666667 0.04375
0 0.8 0.176875 0.21 0.04625
0 0.53166667 0.174375 0.19666667 0.04625
0 0.97416667 0.11125 0.04833333 0.22
0 0.80333333 0.67125 0.21 0.0475
0 0.52416667 0.235 0.20166667 0.055
0 0.52333333 0.29 0.21 0.0425
0 0.525 0.34125 0.21 0.0425
0 0.51833333 0.39125 0.21 0.0425
0 0.52333333 0.44375 0.21 0.0425
0 0.50083333 0.55125 0.24166667 0.0425
0 0.51 0.66375 0.24333333 0.0425
0 0.265 0.339375 0.22 0.04125
0 0.26333333 0.393125 0.22 0.04125
0 0.25833333 0.446875 0.22 0.04125
0 0.25833333 0.495625 0.22 0.04125
0 0.255 0.549375 0.22 0.04125
0 0.24666667 0.600625 0.22 0.04125
0 0.24833333 0.659375 0.22 0.04125
