0 0.83333333 0.81 0.2 0.0475
0 0.54333333 0.3325 0.17666667 0.0375
0 0.83666667 0.331875 0.18666667 0.03875
0 0.24416667 0.335625 0.19833333 0.03875
0 0.8275 0.38875 0.205 0.04
0 0.24083333 0.39375 0.205 0.0325
0 0.26 0.451875 0.16666667 0.03375
0 0.245 0.67625 0.19333333 0.0375
0 0.24166667 0.735625 0.2 0.03375
0 0.5375 0.8575 0.17833333 0.0375
0 0.81583333 0.860625 0.20833333 0.03875
0 0.24833333 0.853125 0.23333333 0.04625
0 0.23916667 0.799375 0.22833333 0.06125
0 0.25916667 0.6225 0.21166667 0.0425
0 0.23666667 0.56625 0.22 0.04
0 0.255 0.51375 0.2 0.05
0 0.8275 0.74875 0.20166667 0.055
0 0.54916667 0.8 0.20833333 0.06
0 0.53666667 0.739375 0.19333333 0.05125
0 0.54333333 0.686875 0.20666667 0.05625
0 0.83416667 0.690625 0.185 0.04875
0 0.54166667 0.623125 0.2 0.04625
0 0.83083333 0.630625 0.22166667 0.04875
0 0.83166667 0.5625 0.2 0.0625
0 0.5475 0.56375 0.19833333 0.05
0 0.54333333 0.503125 0.19333333 0.04625
0 0.53333333 0.450625 0.2 0.04875
0 0.53833333 0.390625 0.2 0.04125
0 0.835 0.503125 0.2 0.04375
0 0.83 0.4475 0.19666667 0.0375
