0 0.19833333 0.15375 0.22 0.055
0 0.85833333 0.165 0.20666667 0.0575
0 0.85583333 0.228125 0.215 0.05625
0 0.86833333 0.29 0.19666667 0.0525
0 0.8625 0.34875 0.21833333 0.0525
0 0.86833333 0.410625 0.20666667 0.05625
0 0.86583333 0.47 0.22166667 0.0575
0 0.865 0.53375 0.22333333 0.06
0 0.8675 0.596875 0.235 0.06375
0 0.5275 0.159375 0.225 0.06125
0 0.54416667 0.2225 0.19166667 0.0525
0 0.53083333 0.28125 0.20833333 0.055
0 0.53083333 0.345 0.20166667 0.06
0 0.52666667 0.406875 0.22 0.05625
0 0.53416667 0.469375 0.21166667 0.05125
0 0.53416667 0.530625 0.215 0.06125
0 0.5375 0.601875 0.215 0.06625
0 0.165 0.219375 0.26666667 0.05625
0 0.19333333 0.279375 0.22 0.05875
0 0.19166667 0.341875 0.22666667 0.05375
0 0.19 0.40125 0.22 0.055
0 0.19166667 0.46625 0.21 0.055
0 0.185 0.5325 0.22 0.0575
0 0.1825 0.601875 0.22166667 0.05875
