0 0.18369565 0.80399408 0.20326087 0.04068047
0 0.19673913 0.7533284 0.21413043 0.04733728
0 0.22336957 0.69600592 0.19347826 0.04807692
0 0.23804348 0.64977811 0.20543478 0.03402367
0 0.25271739 0.60613905 0.19565217 0.03846154
0 0.28043478 0.55991124 0.18369565 0.03180473
0 0.31304348 0.51960059 0.18152174 0.03994083
0 0.33532609 0.48298817 0.16304348 0.04215976
0 0.34619565 0.44748521 0.16086957 0.03180473
0 0.3625 0.40532544 0.17391304 0.04363905
0 0.42608696 0.83173077 0.2576087 0.06360947
0 0.44945652 0.7762574 0.2326087 0.03994083
0 0.46086957 0.72522189 0.23586957 0.04733728
0 0.48152174 0.67048817 0.225 0.04881657
0 0.50271739 0.61575444 0.21086957 0.03994083
0 0.52771739 0.56767751 0.22826087 0.03698225
0 0.53152174 0.52255917 0.20978261 0.03698225
0 0.5451087 0.48409763 0.19782609 0.03106509
0 0.55978261 0.44304734 0.17717391 0.03920118
0 0.57282609 0.40310651 0.19456522 0.03772189
0 0.71630435 0.87241124 0.29891304 0.0443787
0 0.73532609 0.80473373 0.25652174 0.05843195
0 0.74184783 0.75036982 0.23913043 0.05177515
0 0.73478261 0.69267751 0.25326087 0.05029586
0 0.75597826 0.64349112 0.25 0.04807692
0 0.76793478 0.59097633 0.22391304 0.05399408
0 0.78152174 0.53883136 0.22065217 0.03550296
0 0.7875 0.50073964 0.20869565 0.02440828
0 0.78804348 0.47411243 0.225 0.04511834
0 0.79782609 0.42566568 0.21413043 0.04733728
