0 0.515 0.326875 0.3 0.04375
0 0.17666667 0.326875 0.3 0.04375
0 0.83833333 0.329375 0.3 0.04375
0 0.84166667 0.39125 0.3 0.0425
0 0.51833333 0.39125 0.3 0.045
0 0.17833333 0.391875 0.3 0.04375
0 0.84 0.45375 0.3 0.0425
0 0.51833333 0.45 0.3 0.0525
0 0.185 0.456875 0.3 0.04375
0 0.84 0.515 0.3 0.0425
0 0.51833333 0.51875 0.3 0.0425
0 0.18333333 0.520625 0.3 0.04375
0 0.84166667 0.5775 0.3 0.0425
0 0.51666667 0.5825 0.3 0.0425
0 0.19 0.585625 0.3 0.04375
0 0.84 0.63875 0.3 0.0425
0 0.51833333 0.645 0.3 0.0425
0 0.19166667 0.64875 0.3 0.0425
0 0.83833333 0.69875 0.3 0.0425
0 0.52166667 0.70625 0.3 0.0425
0 0.19166667 0.711875 0.3 0.04375
0 0.84333333 0.75875 0.3 0.0425
0 0.525 0.7675 0.3 0.0425
0 0.19333333 0.775 0.3 0.0425
0 0.84333333 0.819375 0.3 0.04125
0 0.52166667 0.82875 0.3 0.0425
0 0.19833333 0.8375 0.3 0.0425
0 0.84333333 0.878125 0.3 0.04125
0 0.52333333 0.89 0.3 0.0425
0 0.20166667 0.8975 0.3 0.0425
