0 0.81166667 0.270625 0.3 0.04375
0 0.16166667 0.283125 0.3 0.05625
0 0.80833333 0.338125 0.3 0.04375
0 0.80833333 0.4025 0.3 0.0525
0 0.80666667 0.47125 0.3 0.0425
0 0.47833333 0.468125 0.3 0.05375
0 0.16333333 0.47375 0.3 0.05
0 0.165 0.529375 0.3 0.05625
0 0.47666667 0.534375 0.3 0.04625
0 0.80333333 0.53625 0.3 0.0425
0 0.17 0.6 0.3 0.0425
0 0.475 0.6 0.3 0.0425
0 0.8 0.6 0.3 0.0425
0 0.17 0.660625 0.3 0.04125
0 0.47833333 0.663125 0.3 0.04125
0 0.8 0.66375 0.3 0.0425
0 0.17166667 0.721875 0.3 0.04125
0 0.48 0.725 0.3 0.0425
0 0.79666667 0.72625 0.3 0.0425
0 0.17333333 0.7825 0.3 0.04
0 0.47833333 0.78625 0.3 0.0425
0 0.795 0.7875 0.3 0.045
0 0.175 0.8425 0.3 0.04
0 0.47666667 0.846875 0.3 0.04125
0 0.79166667 0.846875 0.3 0.05125
0 0.4925 0.406875 0.285 0.05125
0 0.4875 0.33875 0.265 0.0425
0 0.17333333 0.40875 0.28 0.05
0 0.15666667 0.3475 0.30333333 0.0475
0 0.49333333 0.27125 0.26 0.055
