0 0.83166667 0.071875 0.21333333 0.03375
0 0.54 0.074375 0.2 0.02875
0 0.2525 0.129375 0.18833333 0.02875
0 0.53916667 0.130625 0.19166667 0.02875
0 0.8425 0.129375 0.19166667 0.02875
0 0.82916667 0.185625 0.215 0.03125
0 0.2525 0.186875 0.195 0.02875
0 0.56666667 0.188125 0.14333333 0.02875
0 0.24416667 0.243125 0.20833333 0.03125
0 0.52333333 0.244375 0.22333333 0.02875
0 0.84333333 0.2425 0.18 0.03
0 0.24833333 0.3 0.2 0.0325
0 0.82333333 0.29875 0.22666667 0.0325
0 0.54583333 0.299375 0.17833333 0.03125
0 0.255 0.35625 0.18666667 0.03
0 0.53583333 0.3575 0.20166667 0.03
0 0.83416667 0.356875 0.19833333 0.03125
0 0.2425 0.41125 0.20833333 0.0325
0 0.5375 0.41375 0.19833333 0.03
0 0.83416667 0.41375 0.20166667 0.03
0 0.24666667 0.47 0.20333333 0.03
0 0.53666667 0.47 0.20333333 0.03
0 0.83083333 0.469375 0.19833333 0.03375
0 0.2525 0.525625 0.185 0.02875
0 0.52583333 0.525 0.22166667 0.0325
0 0.83 0.526875 0.2 0.02875
0 0.24583333 0.5825 0.20166667 0.03
0 0.53583333 0.581875 0.205 0.03125
0 0.82833333 0.583125 0.21 0.03125
0 0.2425 0.638125 0.20166667 0.02875
0 0.53583333 0.639375 0.19833333 0.02875
0 0.82583333 0.639375 0.215 0.03125
0 0.27 0.695 0.15333333 0.03
0 0.53166667 0.69625 0.21 0.03
0 0.84083333 0.696875 0.17833333 0.02875
0 0.22416667 0.7525 0.245 0.03
0 0.55666667 0.753125 0.16 0.02875
0 0.83583333 0.75375 0.195 0.03
0 0.22333333 0.809375 0.24666667 0.03125
0 0.53916667 0.81 0.18833333 0.03
0 0.84833333 0.809375 0.17 0.03125
0 0.22583333 0.865625 0.24166667 0.03125
0 0.53083333 0.865625 0.21166667 0.03125
0 0.8425 0.866875 0.185 0.02625
0 0.24083333 0.0675 0.21833333 0.04
