0 0.80842391 0.29474852 0.22228261 0.04733728
0 0.82377717 0.33690828 0.21222826 0.03476331
0 0.81182065 0.37851331 0.1986413 0.03698225
0 0.82119565 0.41900888 0.20706522 0.03476331
0 0.8169837 0.45599112 0.22255435 0.03476331
0 0.81766304 0.49639423 0.2173913 0.0345784
0 0.82703804 0.53688979 0.22581522 0.03014053
0 0.82445652 0.57904956 0.23097826 0.02422337
0 0.82540761 0.62472263 0.2361413 0.03014053
0 0.83125 0.66577293 0.23804348 0.03125
0 0.59605978 0.30686021 0.19538043 0.03938609
0 0.5986413 0.34495192 0.20380435 0.02311391
0 0.59184783 0.38202663 0.2173913 0.03920118
0 0.60013587 0.4168824 0.20081522 0.02977071
0 0.59769022 0.45747041 0.21059783 0.03587278
0 0.59755435 0.4975037 0.21521739 0.03088018
0 0.60203804 0.53651997 0.20461957 0.03088018
0 0.59483696 0.58256287 0.2173913 0.03235947
0 0.60054348 0.62185651 0.20597826 0.04733728
0 0.59307065 0.67113536 0.21222826 0.03901627
0 0.40203804 0.31102071 0.18777174 0.0410503
0 0.39415761 0.34929734 0.17798913 0.03439349
0 0.39565217 0.38239645 0.17228261 0.02773669
0 0.39157609 0.42030325 0.18641304 0.03032544
0 0.38994565 0.46255547 0.17880435 0.04012574
0 0.3892663 0.50453033 0.18505435 0.03753698
0 0.3798913 0.54484098 0.18423913 0.03383876
0 0.38206522 0.58718565 0.18695652 0.03125
0 0.37486413 0.62592456 0.19266304 0.02366864
0 0.37527174 0.67575814 0.20543478 0.05343935
