0 0.50083333 0.91625 0.22833333 0.0325
0 0.77583333 0.916875 0.23166667 0.03625
0 0.22083333 0.86625 0.235 0.03
0 0.77833333 0.865625 0.22333333 0.03125
0 0.49833333 0.86375 0.23333333 0.0325
0 0.7875 0.808125 0.205 0.03375
0 0.1925 0.7625 0.285 0.035
0 0.77583333 0.75875 0.22166667 0.03
0 0.22083333 0.709375 0.22833333 0.02875
0 0.775 0.705 0.22 0.03
0 0.21416667 0.656875 0.245 0.03125
0 0.795 0.650625 0.19 0.02875
0 0.52333333 0.650625 0.18 0.03125
0 0.205 0.60375 0.25333333 0.0325
0 0.7975 0.595625 0.18166667 0.02875
0 0.51666667 0.595625 0.18333333 0.03375
0 0.79666667 0.541875 0.18333333 0.02875
0 0.5025 0.49375 0.21166667 0.03
0 0.7775 0.4875 0.21833333 0.03
0 0.79166667 0.435625 0.18333333 0.03125
0 0.79666667 0.380625 0.17 0.03125
0 0.50833333 0.330625 0.19666667 0.02875
0 0.79083333 0.32625 0.18833333 0.03
0 0.8 0.274375 0.16333333 0.02875
0 0.52083333 0.225 0.16833333 0.03
0 0.7775 0.219375 0.205 0.03125
0 0.51833333 0.1725 0.16666667 0.0275
0 0.80416667 0.1675 0.14833333 0.035
0 0.185 0.178125 0.27666667 0.03875
0 0.19166667 0.22875 0.27666667 0.0375
0 0.18666667 0.283125 0.27 0.03375
0 0.47416667 0.278125 0.255 0.03375
0 0.19916667 0.333125 0.265 0.03125
0 0.47833333 0.385625 0.25333333 0.02875
0 0.52416667 0.436875 0.17166667 0.02875
0 0.1925 0.388125 0.275 0.03625
0 0.17666667 0.440625 0.31 0.02875
0 0.1775 0.496875 0.305 0.03625
0 0.48166667 0.546875 0.25333333 0.03375
0 0.19166667 0.54875 0.27666667 0.0325
0 0.49666667 0.704375 0.23666667 0.03375
0 0.50333333 0.75625 0.21666667 0.035
0 0.51916667 0.80875 0.18833333 0.035
0 0.20166667 0.81375 0.27333333 0.0375
0 0.21333333 0.91875 0.25666667 0.0375
