0 0.21851852 0.94756944 0.3037037 0.06597222
0 0.16944444 0.88125 0.21666667 0.05
0 0.19259259 0.82222222 0.25740741 0.05
0 0.1712963 0.75659722 0.21666667 0.04930556
0 0.17592593 0.69722222 0.25 0.04861111
0 0.18240741 0.62430556 0.25185185 0.05833333
0 0.18055556 0.56527778 0.25740741 0.05
0 0.18611111 0.51006944 0.25185185 0.03958333
0 0.17638889 0.44479167 0.25648148 0.05069444
0 0.1662037 0.38715278 0.23240741 0.05069444
0 0.15555556 0.32951389 0.22592593 0.04652778
0 0.15787037 0.27708333 0.23240741 0.05
0 0.1625 0.21215278 0.23240741 0.06458333
0 0.17962963 0.13715278 0.29259259 0.04652778
0 0.1625 0.07256944 0.26759259 0.04375
0 0.51666667 0.96666667 0.28148148 0.05138889
0 0.5037037 0.90069444 0.25185185 0.05416667
0 0.50555556 0.83055556 0.2537037 0.05555556
0 0.48472222 0.76111111 0.20462963 0.06527778
0 0.51064815 0.69965278 0.25462963 0.04791667
0 0.50231481 0.634375 0.24907407 0.06597222
0 0.48148148 0.56284722 0.22592593 0.05208333
0 0.50046296 0.51458333 0.25277778 0.05277778
0 0.48611111 0.453125 0.23703704 0.05347222
0 0.48935185 0.39236111 0.24722222 0.05416667
0 0.4875 0.32638889 0.23796296 0.05416667
0 0.49166667 0.26284722 0.2462963 0.05069444
0 0.50092593 0.20416667 0.28703704 0.06111111
0 0.50462963 0.140625 0.28888889 0.05763889
0 0.48425926 0.07847222 0.24814815 0.05277778
0 0.81898148 0.96111111 0.20648148 0.05416667
0 0.81018519 0.89305556 0.22962963 0.06527778
0 0.80972222 0.82534722 0.19722222 0.05347222
0 0.82314815 0.76736111 0.25 0.04722222
0 0.82777778 0.69340278 0.2537037 0.06458333
0 0.8125 0.63090278 0.26018519 0.05208333
0 0.82175926 0.56284722 0.24907407 0.05347222
0 0.8037037 0.49583333 0.25740741 0.04861111
0 0.8162037 0.42847222 0.26203704 0.05555556
0 0.79953704 0.37013889 0.21018519 0.05972222
0 0.81666667 0.30659722 0.26666667 0.06041667
0 0.80601852 0.24618056 0.26388889 0.06041667
0 0.79953704 0.1875 0.24537037 0.04166667
0 0.79490741 0.12777778 0.22685185 0.0625
0 0.79583333 0.07673611 0.25277778 0.04791667
