0 0.82416667 0.57375 0.23166667 0.0375
0 0.49583333 0.625 0.255 0.0425
0 0.83166667 0.62375 0.24666667 0.04
0 0.81833333 0.6675 0.23 0.04
0 0.5 0.673125 0.25333333 0.03625
0 0.81333333 0.72 0.22666667 0.03
0 0.47833333 0.71875 0.21333333 0.0375
0 0.13916667 0.721875 0.195 0.03625
0 0.82166667 0.76625 0.25333333 0.035
0 0.47833333 0.768125 0.21333333 0.03375
0 0.15166667 0.768125 0.21333333 0.03625
0 0.81833333 0.810625 0.25333333 0.03375
0 0.15333333 0.815625 0.21666667 0.03375
0 0.4775 0.81625 0.21833333 0.0475
0 0.17083333 0.6725 0.265 0.035
0 0.1625 0.62 0.24833333 0.04
0 0.1625 0.57125 0.255 0.0325
0 0.14666667 0.518125 0.22333333 0.04125
0 0.145 0.464375 0.22333333 0.04375
0 0.1675 0.41125 0.27166667 0.04
0 0.14916667 0.35625 0.23166667 0.05
0 0.50166667 0.5775 0.24666667 0.0425
0 0.50666667 0.52375 0.26666667 0.0425
0 0.5125 0.4725 0.27166667 0.04
0 0.51583333 0.416875 0.27833333 0.05125
0 0.515 0.36375 0.28 0.0425
0 0.83416667 0.52375 0.23833333 0.04
0 0.84166667 0.470625 0.25666667 0.03625
0 0.845 0.41625 0.25666667 0.04
0 0.84833333 0.3675 0.26333333 0.045
