0 0.18783333 0.86875 0.229 0.031
0 0.18783333 0.819625 0.23766667 0.03425
0 0.17383333 0.767875 0.21433333 0.03425
0 0.46733333 0.86125 0.23666667 0.039
0 0.45783333 0.812125 0.22433333 0.03925
0 0.46116667 0.759125 0.23766667 0.03825
0 0.73333333 0.857 0.24 0.0375
0 0.724 0.805375 0.21666667 0.04075
0 0.72166667 0.75625 0.212 0.0325
0 0.72783333 0.704625 0.229 0.03425
0 0.72833333 0.64925 0.23866667 0.035
0 0.46666667 0.706625 0.25533333 0.03825
0 0.46266667 0.658375 0.25 0.03675
0 0.17 0.7125 0.20866667 0.03
0 0.17883333 0.660875 0.23766667 0.03325
0 0.16616667 0.60675 0.219 0.04
0 0.73333333 0.59825 0.24466667 0.035
0 0.4555 0.60375 0.251 0.039
0 0.44283333 0.54825 0.21233333 0.035
0 0.73283333 0.545 0.23433333 0.0315
0 0.161 0.55375 0.23333333 0.036
0 0.455 0.492125 0.24333333 0.03575
0 0.4345 0.44125 0.21566667 0.039
0 0.73066667 0.493375 0.23666667 0.03675
0 0.73 0.437875 0.24 0.03425
0 0.17433333 0.497125 0.25333333 0.03575
0 0.15833333 0.44125 0.23666667 0.041
0 0.1605 0.3855 0.239 0.0375
0 0.4445 0.379625 0.229 0.04075
0 0.7395 0.382125 0.261 0.03925
0 0.71883333 0.328 0.21766667 0.0375
0 0.42716667 0.32425 0.20766667 0.04
0 0.1505 0.325 0.219 0.04
0 0.43883333 0.268375 0.229 0.03825
0 0.73333333 0.26875 0.242 0.036
0 0.135 0.26925 0.21 0.04
0 0.12216667 0.20875 0.19566667 0.044
0 0.42333333 0.21 0.202 0.0315
0 0.74 0.20875 0.26 0.0425
0 0.72933333 0.15075 0.23 0.035
0 0.45616667 0.150375 0.27233333 0.04075
0 0.13716667 0.15125 0.22566667 0.039
0 0.74116667 0.09125 0.25766667 0.041
0 0.4445 0.087125 0.25766667 0.04075
0 0.15216667 0.09125 0.25566667 0.0375
