0 0.79583333 0.09775 0.22166667 0.0435
0 0.80966667 0.15425 0.19133333 0.0435
0 0.80666667 0.2065 0.2 0.0435
0 0.80583333 0.2635 0.213 0.038
0 0.80666667 0.32225 0.21466667 0.036
0 0.8175 0.376625 0.187 0.04025
0 0.79216667 0.4325 0.23766667 0.037
0 0.82983333 0.488 0.17366667 0.039
0 0.82483333 0.545125 0.19566667 0.04025
0 0.7965 0.60375 0.255 0.0445
0 0.803 0.661375 0.248 0.04025
0 0.84283333 0.72225 0.165 0.0445
0 0.8255 0.77875 0.21166667 0.0445
0 0.824 0.84175 0.22 0.0445
0 0.84283333 0.898375 0.18833333 0.04025
0 0.52333333 0.08425 0.19866667 0.0445
0 0.51233333 0.136875 0.22333333 0.03475
0 0.52183333 0.195625 0.207 0.03925
0 0.52983333 0.254875 0.18233333 0.04025
0 0.5175 0.312375 0.219 0.04675
0 0.52466667 0.37 0.216 0.049
0 0.5125 0.433125 0.229 0.04475
0 0.5225 0.49075 0.21433333 0.0445
0 0.52683333 0.545625 0.197 0.04325
0 0.524 0.604375 0.206 0.03925
0 0.54716667 0.663 0.15633333 0.0435
0 0.5305 0.721125 0.19833333 0.04875
0 0.52983333 0.779375 0.203 0.04125
0 0.5255 0.83575 0.22033333 0.0565
0 0.51666667 0.901125 0.232 0.04575
0 0.20233333 0.070625 0.24333333 0.05225
0 0.20733333 0.125 0.23933333 0.039
0 0.21616667 0.18475 0.22166667 0.037
0 0.22033333 0.2435 0.20733333 0.0435
0 0.21033333 0.3055 0.23333333 0.05
0 0.2065 0.3635 0.24633333 0.036
0 0.20883333 0.42875 0.23633333 0.0445
0 0.21666667 0.489625 0.24066667 0.04025
0 0.20083333 0.55325 0.26366667 0.0435
0 0.216 0.611375 0.23066667 0.04475
0 0.23183333 0.677125 0.19566667 0.04575
0 0.195 0.738625 0.26066667 0.05325
0 0.20733333 0.8005 0.236 0.051
0 0.20433333 0.8565 0.242 0.05
0 0.20583333 0.917875 0.23033333 0.05525
