0 0.72660202 0.135603 0.22554806 0.03462204
0 0.73397976 0.18465089 0.21079258 0.03462204
0 0.73924958 0.2322562 0.19182125 0.03173687
0 0.74030354 0.27914022 0.19392917 0.03029429
0 0.7413575 0.32602424 0.2044688 0.04039238
0 0.74557336 0.37435084 0.20025295 0.0389498
0 0.74557336 0.42267744 0.2044688 0.03750721
0 0.75084317 0.47749567 0.21500843 0.04327755
0 0.75189713 0.52798615 0.21711636 0.03750721
0 0.75716695 0.58280439 0.21922428 0.04616272
0 0.74768128 0.63762262 0.23397976 0.03750721
0 0.74241147 0.69532602 0.2613828 0.04904789
0 0.77719224 0.75230814 0.22133221 0.0389498
0 0.79089376 0.813618 0.20236088 0.04039238
0 0.78035413 0.87420658 0.22765599 0.04327755
0 0.45994941 0.12189844 0.21500843 0.0389498
0 0.46627319 0.17311021 0.20657673 0.03750721
0 0.4631113 0.22071552 0.21290051 0.03462204
0 0.46521922 0.26687825 0.20868465 0.03750721
0 0.46416526 0.31304097 0.21079258 0.03750721
0 0.45889545 0.36425274 0.22133221 0.0389498
0 0.45889545 0.41330063 0.22133221 0.04183497
0 0.45889545 0.46884016 0.21290051 0.03750721
0 0.45889545 0.52149452 0.2044688 0.0389498
0 0.45678752 0.57703405 0.21711636 0.04327755
0 0.45573356 0.63473745 0.22765599 0.04039238
0 0.45362563 0.69460473 0.24030354 0.04760531
0 0.45784148 0.75086555 0.23608769 0.04472014
0 0.46732715 0.8143393 0.22133221 0.05049048
0 0.45573356 0.87997692 0.23187184 0.04904789
0 0.17432546 0.12261973 0.22133221 0.04616272
0 0.19435076 0.17022504 0.18128162 0.04039238
0 0.1648398 0.21638777 0.24451939 0.04327755
0 0.17748735 0.26543566 0.20657673 0.04039238
0 0.1732715 0.31304097 0.20657673 0.03750721
0 0.1817032 0.35920369 0.18549747 0.04039238
0 0.1448145 0.41041546 0.25505902 0.03606463
0 0.16694772 0.4652337 0.21079258 0.0389498
0 0.15219224 0.51860935 0.23187184 0.03606463
0 0.14376054 0.57270629 0.24030354 0.04039238
0 0.14376054 0.62896711 0.23187184 0.04327755
0 0.1448145 0.69244085 0.22976391 0.04039238
0 0.13954469 0.75158684 0.21922428 0.04039238
0 0.13005902 0.81722447 0.22976391 0.03606463
0 0.12689713 0.87637046 0.2529511 0.0389498
