0 0.14076087 0.34615385 0.19347826 0.03402367
0 0.15380435 0.39534024 0.24565217 0.04659763
0 0.16902174 0.44119822 0.27173913 0.04955621
0 0.15652174 0.49519231 0.24456522 0.04511834
0 0.1548913 0.54659763 0.25217391 0.04585799
0 0.15271739 0.60909763 0.25434783 0.05251479
0 0.14456522 0.66789941 0.23369565 0.04289941
0 0.17717391 0.72448225 0.30108696 0.0510355
0 0.16358696 0.78254438 0.26086957 0.04733728
0 0.19945652 0.8535503 0.31304348 0.06508876
0 0.42554348 0.33579882 0.26304348 0.03994083
0 0.43152174 0.38868343 0.21630435 0.03032544
0 0.45217391 0.43860947 0.25108696 0.0443787
0 0.46086957 0.48261834 0.24891304 0.04215976
0 0.45163043 0.53846154 0.27608696 0.05029586
0 0.475 0.59800296 0.275 0.04215976
0 0.47663043 0.65273669 0.25869565 0.0510355
0 0.48641304 0.71449704 0.2673913 0.05029586
0 0.48423913 0.77292899 0.30652174 0.04289941
0 0.52119565 0.83357988 0.2673913 0.06804734
0 0.70217391 0.34097633 0.19456522 0.04289941
0 0.71413043 0.3864645 0.20326087 0.03920118
0 0.75054348 0.43565089 0.24347826 0.05029586
0 0.76032609 0.48298817 0.26304348 0.03994083
0 0.76467391 0.53032544 0.25434783 0.03994083
0 0.77826087 0.58210059 0.25108696 0.03994083
0 0.76521739 0.63868343 0.225 0.03180473
0 0.7951087 0.69489645 0.23043478 0.04215976
0 0.80978261 0.75221893 0.24891304 0.04881657
0 0.81956522 0.80769231 0.25543478 0.05177515
