0 0.45083333 0.87875 0.245 0.035
0 0.71333333 0.8775 0.22 0.0375
0 0.1425 0.87875 0.18166667 0.03
0 0.705 0.823125 0.2 0.03125
0 0.43083333 0.821875 0.20833333 0.03125
0 0.15 0.821875 0.19333333 0.03125
0 0.69916667 0.766875 0.19166667 0.03125
0 0.1525 0.766875 0.185 0.03125
0 0.44916667 0.76625 0.235 0.03
0 0.6875 0.714375 0.165 0.03375
0 0.43666667 0.71125 0.20666667 0.0275
0 0.15666667 0.711875 0.19 0.03125
0 0.72666667 0.65875 0.25 0.03
0 0.435 0.6575 0.2 0.0325
0 0.1625 0.65625 0.19166667 0.0325
0 0.705 0.60625 0.21 0.03
0 0.42833333 0.605625 0.18666667 0.03125
0 0.16666667 0.60125 0.19666667 0.0325
0 0.71166667 0.553125 0.21666667 0.02875
0 0.435 0.553125 0.2 0.03125
0 0.15833333 0.55125 0.17666667 0.03
0 0.6775 0.501875 0.155 0.02875
0 0.41666667 0.499375 0.16 0.02875
0 0.1725 0.5 0.195 0.0325
0 0.69416667 0.45125 0.18833333 0.0275
0 0.42583333 0.448125 0.17166667 0.03125
0 0.18833333 0.44625 0.22666667 0.03
0 0.69583333 0.401875 0.19166667 0.02875
0 0.43083333 0.396875 0.17833333 0.02625
0 0.18083333 0.39625 0.19833333 0.03
0 0.71 0.35375 0.21666667 0.03
0 0.4375 0.346875 0.19166667 0.02625
0 0.18083333 0.34375 0.19833333 0.0275
0 0.6925 0.303125 0.185 0.02875
0 0.45166667 0.2975 0.21666667 0.0275
0 0.1875 0.29625 0.205 0.03
0 0.7 0.254375 0.2 0.02875
0 0.44666667 0.249375 0.20333333 0.02875
0 0.1875 0.244375 0.20166667 0.02875
0 0.69166667 0.206875 0.18333333 0.02875
0 0.45166667 0.20125 0.21666667 0.0325
0 0.18833333 0.1975 0.19333333 0.0325
0 0.70083333 0.16125 0.20166667 0.0325
0 0.43083333 0.15375 0.17166667 0.0375
0 0.18333333 0.1475 0.17333333 0.03
