0 0.79166667 0.91 0.27333333 0.0325
0 0.485 0.904375 0.26 0.03625
0 0.165 0.8925 0.21333333 0.035
0 0.78833333 0.85375 0.26666667 0.03
0 0.475 0.844375 0.23333333 0.03125
0 0.16166667 0.83625 0.19333333 0.0325
0 0.475 0.7875 0.23 0.0325
0 0.16 0.78125 0.18666667 0.0325
0 0.77916667 0.73875 0.24166667 0.03
0 0.46 0.731875 0.19666667 0.03125
0 0.78333333 0.6825 0.25666667 0.03
0 0.46666667 0.676875 0.20666667 0.02875
0 0.19166667 0.67125 0.23666667 0.0325
0 0.7775 0.6275 0.23833333 0.0325
0 0.46666667 0.623125 0.20333333 0.03125
0 0.17333333 0.62 0.19666667 0.03
0 0.78083333 0.571875 0.25166667 0.03125
0 0.47083333 0.568125 0.21166667 0.03375
0 0.18916667 0.5625 0.21833333 0.035
0 0.78083333 0.5175 0.24833333 0.03
0 0.1775 0.51375 0.19166667 0.03
0 0.75833333 0.4625 0.20333333 0.03
0 0.47666667 0.460625 0.21666667 0.03125
0 0.1925 0.46 0.215 0.0275
0 0.18833333 0.408125 0.20333333 0.02875
0 0.78916667 0.4075 0.26833333 0.0325
0 0.47333333 0.408125 0.2 0.02875
0 0.46 0.3575 0.17333333 0.03
0 0.17916667 0.35625 0.18166667 0.0275
0 0.75 0.35625 0.18666667 0.03
0 0.18583333 0.304375 0.18833333 0.02875
0 0.7675 0.301875 0.21833333 0.02875
0 0.46083333 0.303125 0.175 0.03125
0 0.19666667 0.255 0.20333333 0.0275
0 0.46833333 0.2525 0.19 0.0275
0 0.78 0.24875 0.24666667 0.0325
0 0.19666667 0.205625 0.19666667 0.02875
0 0.46166667 0.2025 0.17333333 0.03
0 0.76666667 0.198125 0.21666667 0.02875
0 0.19083333 0.155 0.18833333 0.0275
0 0.48166667 0.153125 0.21 0.02875
0 0.75833333 0.143125 0.20333333 0.02875
0 0.47333333 0.515 0.21666667 0.0375
0 0.17833333 0.72875 0.22333333 0.04
0 0.82 0.79 0.32666667 0.05
