0 0.78916667 0.976875 0.235 0.03375
0 0.4775 0.97375 0.23166667 0.045
0 0.80083333 0.915625 0.25833333 0.03625
0 0.475 0.906875 0.23 0.03125
0 0.15333333 0.90625 0.2 0.0375
0 0.77333333 0.85375 0.21 0.035
0 0.47666667 0.845625 0.23 0.03375
0 0.155 0.846875 0.20333333 0.03375
0 0.79083333 0.7925 0.24833333 0.0375
0 0.16166667 0.790625 0.22 0.04125
0 0.46916667 0.78375 0.21833333 0.03
0 0.78666667 0.73125 0.23333333 0.0375
0 0.45916667 0.7275 0.19833333 0.0375
0 0.14833333 0.72375 0.19666667 0.03
0 0.79416667 0.665625 0.255 0.03625
0 0.49166667 0.6675 0.27 0.0425
0 0.16166667 0.605 0.23 0.0325
0 0.7825 0.601875 0.235 0.03125
0 0.47166667 0.606875 0.22666667 0.03875
0 0.15916667 0.551875 0.22166667 0.04375
0 0.46833333 0.5425 0.22 0.0325
0 0.7925 0.54625 0.25833333 0.04
0 0.16833333 0.488125 0.24666667 0.03625
0 0.48 0.488125 0.24 0.04375
0 0.7675 0.48125 0.20833333 0.045
0 0.16333333 0.428125 0.23333333 0.03625
0 0.475 0.4225 0.23333333 0.0325
0 0.77916667 0.416875 0.23166667 0.03875
0 0.14833333 0.369375 0.20666667 0.03625
0 0.46333333 0.36 0.22 0.035
0 0.76833333 0.355625 0.22 0.03375
0 0.14166667 0.309375 0.19666667 0.03625
0 0.46666667 0.3025 0.22666667 0.0325
0 0.77416667 0.294375 0.22833333 0.03625
0 0.13666667 0.250625 0.19 0.03875
0 0.4625 0.24125 0.21833333 0.0325
0 0.80083333 0.231875 0.285 0.03625
0 0.13833333 0.188125 0.19333333 0.03125
0 0.45416667 0.1775 0.205 0.035
0 0.76666667 0.169375 0.21666667 0.03625
0 0.15916667 0.1275 0.23833333 0.0325
0 0.465 0.11625 0.23333333 0.035
0 0.78166667 0.106875 0.25 0.03375
0 0.15166667 0.96625 0.19333333 0.035
0 0.15416667 0.67125 0.19166667 0.04
