0 0.20648148 0.10451389 0.2462963 0.06041667
0 0.20509259 0.32465278 0.225 0.05347222
0 0.2212963 0.55208333 0.26666667 0.05694444
0 0.19814815 0.765625 0.26481481 0.05486111
0 0.52731481 0.10069444 0.24351852 0.05555556
0 0.50509259 0.3375 0.20648148 0.06805556
0 0.5212963 0.55277778 0.23703704 0.05138889
0 0.49907407 0.765625 0.22407407 0.05763889
0 0.86157407 0.09965278 0.25833333 0.04930556
0 0.85 0.33194444 0.24444444 0.05972222
0 0.83425926 0.55416667 0.23703704 0.05833333
0 0.83472222 0.77222222 0.24166667 0.07083333
