0 0.51333333 0.79125 0.22333333 0.035
0 0.7975 0.788125 0.21833333 0.03625
0 0.5025 0.736875 0.205 0.03125
0 0.7875 0.733125 0.20833333 0.03125
0 0.24 0.68625 0.26 0.0325
0 0.77583333 0.67625 0.18833333 0.0325
0 0.50666667 0.67875 0.21333333 0.0325
0 0.49916667 0.625 0.19833333 0.03
0 0.22166667 0.62875 0.22 0.0325
0 0.78833333 0.621875 0.22 0.02875
0 0.21166667 0.574375 0.19666667 0.02875
0 0.79583333 0.568125 0.22833333 0.02875
0 0.20583333 0.51875 0.185 0.03
0 0.78 0.513125 0.21 0.03125
0 0.50916667 0.465625 0.20833333 0.03125
0 0.20416667 0.465625 0.17833333 0.02875
0 0.75916667 0.46 0.17166667 0.03
0 0.20083333 0.41125 0.165 0.0275
0 0.77333333 0.405625 0.20333333 0.02875
0 0.48166667 0.409375 0.16666667 0.03375
0 0.21416667 0.35875 0.195 0.0275
0 0.50916667 0.356875 0.225 0.02875
0 0.77333333 0.35125 0.20666667 0.03
0 0.4825 0.303125 0.17166667 0.02875
0 0.225 0.305625 0.21 0.03125
0 0.76583333 0.29875 0.195 0.03
0 0.22916667 0.2525 0.21166667 0.0325
0 0.4975 0.2 0.205 0.0275
0 0.22 0.201875 0.19666667 0.03125
0 0.76666667 0.19375 0.20333333 0.03
0 0.49416667 0.14875 0.195 0.0275
0 0.77 0.140625 0.21333333 0.03375
0 0.2325 0.15375 0.225 0.03
0 0.505 0.515625 0.21333333 0.02875
0 0.52833333 0.571875 0.25 0.03625
0 0.22333333 0.741875 0.22666667 0.03625
0 0.2225 0.79625 0.21833333 0.035
0 0.21583333 0.855 0.21833333 0.0375
0 0.2175 0.91375 0.20833333 0.04
0 0.49416667 0.85125 0.17833333 0.0375
0 0.505 0.910625 0.2 0.03375
0 0.80916667 0.85 0.22833333 0.0375
0 0.80583333 0.90625 0.225 0.035
0 0.52166667 0.25375 0.25666667 0.035
0 0.775 0.243125 0.21 0.03375
