0 0.16195652 0.36205621 0.18369565 0.03920118
0 0.16358696 0.40569527 0.18913043 0.04215976
0 0.16467391 0.4522929 0.18695652 0.04363905
0 0.15597826 0.50036982 0.18043478 0.04363905
0 0.15271739 0.55473373 0.21521739 0.04733728
0 0.14673913 0.60650888 0.18152174 0.04289941
0 0.14836957 0.66161243 0.18913043 0.04511834
0 0.15706522 0.71893491 0.21521739 0.04142012
0 0.14945652 0.77847633 0.20652174 0.04363905
0 0.16304348 0.83284024 0.22934783 0.0591716
0 0.4375 0.35096154 0.19347826 0.03920118
0 0.42663043 0.4012574 0.1826087 0.02884615
0 0.43641304 0.44674556 0.1826087 0.03254438
0 0.45163043 0.4933432 0.20434783 0.0443787
0 0.45108696 0.54289941 0.21195652 0.04289941
0 0.45597826 0.60059172 0.22608696 0.0443787
0 0.45108696 0.65717456 0.21413043 0.04807692
0 0.45543478 0.71634615 0.225 0.04807692
0 0.46141304 0.77662722 0.23043478 0.0443787
0 0.46467391 0.83616864 0.2326087 0.05547337
0 0.72282609 0.34837278 0.18369565 0.03846154
0 0.725 0.39053254 0.17717391 0.03846154
0 0.72934783 0.43676036 0.19673913 0.04511834
0 0.73695652 0.48964497 0.19891304 0.04585799
0 0.7548913 0.54585799 0.20652174 0.04585799
0 0.75652174 0.60539941 0.21630435 0.0510355
0 0.76304348 0.65976331 0.22717391 0.05177515
0 0.76032609 0.71745562 0.23478261 0.0591716
0 0.78043478 0.77440828 0.24891304 0.05325444
0 0.7923913 0.84726331 0.23369565 0.05695266
