0 0.80416667 0.6825 0.30166667 0.05
0 0.4875 0.6725 0.30166667 0.055
0 0.16166667 0.68625 0.3 0.0575
0 0.16166667 0.61875 0.3 0.0425
0 0.485 0.61625 0.3 0.05
0 0.80166667 0.613125 0.3 0.05375
0 0.16333333 0.55625 0.3 0.0525
0 0.80166667 0.546875 0.3 0.04375
0 0.48333333 0.549375 0.3 0.04875
0 0.16333333 0.489375 0.3 0.05125
0 0.47833333 0.4875 0.3 0.05
0 0.80166667 0.478125 0.3 0.04375
0 0.16333333 0.425 0.3 0.05
0 0.47833333 0.420625 0.3 0.04375
0 0.80416667 0.413125 0.315 0.04875
0 0.16333333 0.365625 0.3 0.04125
0 0.47833333 0.353125 0.3 0.04625
0 0.80916667 0.34 0.33166667 0.055
0 0.16333333 0.301875 0.3 0.04125
0 0.48083333 0.29375 0.30833333 0.045
0 0.79166667 0.276875 0.3 0.04375
0 0.47916667 0.22375 0.30833333 0.06
0 0.79 0.21125 0.3 0.0425
0 0.16333333 0.179375 0.3 0.05375
0 0.475 0.158125 0.29666667 0.05625
0 0.79 0.145 0.3 0.0425
0 0.16333333 0.11625 0.3 0.055
0 0.47 0.1 0.3 0.0425
0 0.78666667 0.079375 0.3 0.05125
0 0.16583333 0.23875 0.28166667 0.0375
