0 0.29895833 0.78333333 0.04375 0.24166667
0 0.35729167 0.77083333 0.05 0.275
0 0.41822917 0.78055556 0.046875 0.26944444
0 0.47760417 0.79513889 0.04270833 0.2625
0 0.53333333 0.79861111 0.04583333 0.26388889
0 0.58802083 0.76666667 0.046875 0.28611111
0 0.6453125 0.78541667 0.04895833 0.28194444
0 0.69947917 0.79027778 0.05104167 0.25277778
0 0.75364583 0.78611111 0.04479167 0.26388889
0 0.81145833 0.78680556 0.05625 0.27638889
0 0.82395833 0.51180556 0.04583333 0.27361111
0 0.76510417 0.50694444 0.040625 0.26666667
0 0.715625 0.49236111 0.04375 0.27361111
0 0.6578125 0.49027778 0.059375 0.29444444
0 0.6015625 0.48611111 0.05729167 0.27777778
0 0.54479167 0.48541667 0.04583333 0.28194444
0 0.48541667 0.5 0.05833333 0.26944444
0 0.42135417 0.49305556 0.065625 0.28611111
0 0.3625 0.49236111 0.05 0.2875
0 0.30208333 0.48472222 0.0625 0.28333333
0 0.29791667 0.17569444 0.05 0.28472222
0 0.3640625 0.18402778 0.053125 0.2875
0 0.42916667 0.18194444 0.05 0.29166667
0 0.490625 0.18819444 0.05 0.29027778
0 0.5515625 0.19305556 0.04479167 0.28055556
0 0.61510417 0.19930556 0.04270833 0.25972222
0 0.6703125 0.19305556 0.053125 0.26666667
0 0.734375 0.20347222 0.04583333 0.28194444
0 0.79375 0.19722222 0.04166667 0.28611111
0 0.85208333 0.20555556 0.05208333 0.29722222
