0 0.79166667 0.6525 0.23333333 0.05
0 0.48416667 0.645625 0.215 0.03875
0 0.19583333 0.64375 0.215 0.0425
0 0.1975 0.586875 0.215 0.03125
0 0.77916667 0.5825 0.215 0.035
0 0.48416667 0.581875 0.21833333 0.04125
0 0.19 0.5275 0.20666667 0.0325
0 0.77333333 0.519375 0.21 0.03375
0 0.77166667 0.458125 0.21333333 0.03375
0 0.18583333 0.355 0.20833333 0.0375
0 0.18 0.2925 0.2 0.035
0 0.78 0.275 0.23666667 0.0375
0 0.775 0.21375 0.23 0.0375
0 0.77 0.15125 0.22333333 0.035
0 0.46666667 0.109375 0.21 0.03625
0 0.77 0.091875 0.22666667 0.03875
0 0.19166667 0.124375 0.25333333 0.04125
0 0.18333333 0.1775 0.21 0.045
0 0.4775 0.17375 0.22166667 0.04
0 0.19333333 0.235625 0.21666667 0.03875
0 0.47833333 0.2225 0.23333333 0.0475
0 0.48166667 0.285 0.22666667 0.0525
0 0.46916667 0.345625 0.20833333 0.04875
0 0.785 0.33625 0.24 0.045
0 0.78333333 0.396875 0.23666667 0.04625
0 0.48083333 0.40125 0.22833333 0.045
0 0.1925 0.41375 0.225 0.045
0 0.19166667 0.469375 0.22666667 0.04125
0 0.4875 0.469375 0.22833333 0.04875
0 0.47083333 0.52875 0.195 0.04
