0 0.4675 0.95625 0.215 0.04
0 0.7625 0.955 0.24166667 0.045
0 0.19416667 0.900625 0.21833333 0.02875
0 0.79333333 0.895 0.29666667 0.0325
0 0.18416667 0.845625 0.20833333 0.03375
0 0.78 0.846875 0.27333333 0.04625
0 0.19583333 0.79 0.225 0.035
0 0.78416667 0.79 0.27833333 0.045
0 0.47416667 0.7825 0.22166667 0.035
0 0.19 0.729375 0.21666667 0.03375
0 0.485 0.7275 0.24333333 0.035
0 0.19333333 0.67625 0.22 0.0375
0 0.79833333 0.676875 0.30666667 0.04125
0 0.47666667 0.669375 0.22666667 0.02875
0 0.2075 0.620625 0.24833333 0.04375
0 0.47583333 0.613125 0.215 0.03125
0 0.8075 0.565625 0.325 0.04125
0 0.47666667 0.56125 0.21666667 0.035
0 0.21666667 0.558125 0.25666667 0.03625
0 0.48083333 0.503125 0.22833333 0.03125
0 0.18166667 0.5 0.19333333 0.0325
0 0.47083333 0.4475 0.205 0.0325
0 0.18916667 0.445 0.20833333 0.0325
0 0.77833333 0.396875 0.25666667 0.03875
0 0.48083333 0.39125 0.225 0.03
0 0.18583333 0.393125 0.20166667 0.04375
0 0.78333333 0.34 0.26 0.0375
0 0.48916667 0.335 0.24166667 0.0325
0 0.19916667 0.333125 0.21833333 0.03875
0 0.78583333 0.285 0.26833333 0.0375
0 0.47916667 0.276875 0.215 0.03125
0 0.18666667 0.273125 0.20666667 0.03625
0 0.78833333 0.2275 0.27 0.0375
0 0.47833333 0.21875 0.21666667 0.03
0 0.19666667 0.21125 0.22333333 0.0325
0 0.80833333 0.1675 0.30333333 0.0325
0 0.48 0.1625 0.22 0.035
0 0.1925 0.155 0.21166667 0.035
0 0.75166667 0.455 0.2 0.045
0 0.1825 0.965 0.19833333 0.05
0 0.485 0.896875 0.23 0.03625
0 0.47666667 0.844375 0.22333333 0.04625
0 0.80333333 0.508125 0.30333333 0.04125
0 0.82 0.623125 0.33666667 0.04875
0 0.81 0.735 0.33333333 0.0525
