0 0.18966667 0.102125 0.20733333 0.04575
0 0.18616667 0.1575 0.203 0.05
0 0.18616667 0.215625 0.20566667 0.04675
0 0.18533333 0.2745 0.21866667 0.0445
0 0.17666667 0.332625 0.216 0.04125
0 0.17166667 0.392875 0.20266667 0.04475
0 0.17666667 0.454375 0.20733333 0.03925
0 0.17466667 0.517375 0.20866667 0.03925
0 0.17083333 0.582625 0.213 0.05225
0 0.17316667 0.64725 0.22033333 0.0535
0 0.18616667 0.709125 0.255 0.05325
0 0.163 0.77225 0.206 0.049
0 0.189 0.836375 0.26666667 0.05775
0 0.17666667 0.905375 0.242 0.06525
0 0.48466667 0.0995 0.232 0.051
0 0.46866667 0.154875 0.20866667 0.04675
0 0.48033333 0.214625 0.22866667 0.05325
0 0.47016667 0.27175 0.21166667 0.0435
0 0.47516667 0.33375 0.22766667 0.05
0 0.47883333 0.3945 0.235 0.052
0 0.4925 0.457625 0.271 0.04775
0 0.48316667 0.51575 0.25233333 0.0425
0 0.48983333 0.5815 0.26233333 0.05
0 0.49116667 0.646625 0.265 0.04125
0 0.49916667 0.71025 0.28966667 0.0445
0 0.48316667 0.77775 0.255 0.0425
0 0.48816667 0.843 0.27966667 0.038
0 0.46583333 0.908125 0.23766667 0.04875
0 0.48616667 0.970625 0.287 0.04325
0 0.78466667 0.114625 0.24333333 0.05325
0 0.77166667 0.171625 0.20866667 0.04775
0 0.776 0.226625 0.22 0.04475
0 0.79616667 0.286375 0.255 0.04875
0 0.8015 0.345625 0.271 0.04575
0 0.79616667 0.402125 0.26366667 0.04575
0 0.80066667 0.4635 0.26666667 0.0445
0 0.776 0.52175 0.22 0.039
0 0.77233333 0.582125 0.21866667 0.04675
0 0.79566667 0.6445 0.25933333 0.039
0 0.80366667 0.708125 0.26666667 0.04025
0 0.8115 0.76625 0.27966667 0.039
0 0.826 0.833125 0.30266667 0.03825
0 0.80583333 0.895 0.26233333 0.0445
0 0.805 0.956 0.26066667 0.0425
