0 0.47666667 0.534375 0.2 0.03375
0 0.20583333 0.266875 0.20166667 0.03125
0 0.48166667 0.265625 0.24666667 0.05125
0 0.765 0.263125 0.23333333 0.04375
0 0.205 0.160625 0.22 0.04875
0 0.49583333 0.155625 0.23166667 0.04125
0 0.75 0.15375 0.18333333 0.045
0 0.75333333 0.21125 0.19666667 0.05
0 0.77916667 0.31375 0.24166667 0.045
0 0.77833333 0.370625 0.25333333 0.04125
0 0.785 0.435625 0.27333333 0.04875
0 0.7775 0.479375 0.275 0.03875
0 0.7925 0.535 0.26833333 0.0475
0 0.75833333 0.5925 0.21333333 0.045
0 0.76083333 0.641875 0.23833333 0.05375
0 0.47666667 0.210625 0.20333333 0.04125
0 0.205 0.21625 0.20666667 0.04
0 0.19833333 0.32 0.23333333 0.04
0 0.48166667 0.320625 0.21333333 0.04125
0 0.48666667 0.37125 0.22333333 0.05
0 0.19166667 0.371875 0.23333333 0.04625
0 0.20333333 0.42375 0.23 0.05
0 0.48333333 0.4275 0.23333333 0.035
0 0.48583333 0.47125 0.24166667 0.05
0 0.19583333 0.48125 0.205 0.04
0 0.19333333 0.52875 0.21333333 0.045
0 0.20166667 0.581875 0.22 0.05625
0 0.19666667 0.64375 0.23 0.055
0 0.47666667 0.58875 0.20666667 0.06
0 0.47666667 0.6525 0.20666667 0.0475
