0 0.75416667 0.68375 0.305 0.04
0 0.145 0.619375 0.2 0.03375
0 0.42416667 0.61125 0.20166667 0.045
0 0.74083333 0.565 0.27166667 0.03
0 0.42583333 0.5625 0.205 0.0325
0 0.75583333 0.51125 0.29833333 0.0375
0 0.44583333 0.50375 0.24166667 0.03
0 0.15 0.50125 0.20666667 0.0325
0 0.74166667 0.45125 0.26666667 0.035
0 0.4375 0.445 0.23166667 0.03
0 0.15583333 0.444375 0.22166667 0.03625
0 0.44666667 0.3875 0.24666667 0.0325
0 0.14583333 0.38 0.19833333 0.0325
0 0.78083333 0.336875 0.33833333 0.04125
0 0.42416667 0.33125 0.19833333 0.0375
0 0.415 0.2675 0.18333333 0.03
0 0.16666667 0.266875 0.25 0.04125
0 0.75833333 0.215625 0.27666667 0.03875
0 0.45416667 0.208125 0.25166667 0.03125
0 0.14 0.20375 0.19 0.0375
0 0.74583333 0.15125 0.255 0.0325
0 0.42833333 0.14625 0.20333333 0.03
0 0.14833333 0.13875 0.20333333 0.045
0 0.1275 0.32625 0.15833333 0.0375
0 0.7725 0.273125 0.31833333 0.04375
0 0.7925 0.395 0.35833333 0.045
0 0.76166667 0.625625 0.30666667 0.04625
0 0.77666667 0.7425 0.35 0.045
0 0.7475 0.79875 0.295 0.04
0 0.7375 0.855625 0.275 0.04125
0 0.735 0.909375 0.27666667 0.04125
0 0.72666667 0.965625 0.26 0.03625
0 0.445 0.67875 0.25 0.04
0 0.43166667 0.73625 0.21666667 0.0425
0 0.41416667 0.79625 0.19166667 0.0425
0 0.4075 0.85125 0.175 0.04
0 0.40333333 0.909375 0.16666667 0.03375
0 0.42166667 0.963125 0.22 0.04125
0 0.1275 0.56375 0.15833333 0.04
0 0.13333333 0.684375 0.18 0.04625
0 0.15166667 0.739375 0.20333333 0.04375
0 0.13833333 0.795625 0.18666667 0.04875
0 0.13333333 0.85125 0.17 0.04
0 0.13333333 0.906875 0.17 0.03875
0 0.15333333 0.959375 0.19 0.03875
