0 0.19616667 0.093 0.21166667 0.038
0 0.497 0.072875 0.25333333 0.03475
0 0.815 0.0635 0.226 0.0425
0 0.2145 0.151125 0.25366667 0.04575
0 0.49116667 0.133125 0.22766667 0.04675
0 0.8225 0.123375 0.24633333 0.04675
0 0.1825 0.2075 0.219 0.037
0 0.492 0.193375 0.23466667 0.05225
0 0.80933333 0.18425 0.21466667 0.051
0 0.18383333 0.263 0.213 0.048
0 0.49266667 0.257125 0.23333333 0.04675
0 0.81883333 0.25 0.245 0.048
0 0.16583333 0.32225 0.19433333 0.0465
0 0.48683333 0.317875 0.219 0.04875
0 0.82033333 0.313 0.23333333 0.052
0 0.1825 0.3815 0.22166667 0.039
0 0.49483333 0.38425 0.235 0.0425
0 0.82166667 0.373375 0.23933333 0.05125
0 0.1795 0.44175 0.22166667 0.0445
0 0.49983333 0.446125 0.245 0.04025
0 0.826 0.446625 0.242 0.04775
0 0.181 0.5075 0.216 0.0435
0 0.49483333 0.50925 0.255 0.049
0 0.82016667 0.509125 0.245 0.04675
0 0.1905 0.565625 0.24633333 0.04675
0 0.49333333 0.571125 0.252 0.04675
0 0.81866667 0.57275 0.248 0.0455
0 0.1745 0.626625 0.223 0.05125
0 0.487 0.635875 0.242 0.05225
0 0.82383333 0.640625 0.25233333 0.04675
0 0.179 0.689125 0.24066667 0.04575
0 0.47816667 0.693875 0.22166667 0.04675
0 0.83766667 0.70225 0.28266667 0.0565
0 0.18616667 0.75375 0.24633333 0.0555
0 0.48183333 0.7625 0.229 0.049
0 0.83916667 0.773875 0.271 0.04325
0 0.19333333 0.8135 0.252 0.049
0 0.49633333 0.82775 0.24333333 0.051
0 0.82666667 0.844 0.264 0.049
0 0.18316667 0.873375 0.25233333 0.04875
0 0.47666667 0.89125 0.21866667 0.052
0 0.80933333 0.904875 0.226 0.04025
0 0.205 0.9315 0.28133333 0.0455
0 0.50266667 0.951625 0.25066667 0.04875
0 0.81733333 0.96675 0.23333333 0.049
