0 0.51 0.619375 0.25 0.04375
0 0.51 0.565 0.24666667 0.04
0 0.515 0.50875 0.25 0.0425
0 0.21166667 0.50375 0.24 0.0475
0 0.2075 0.445625 0.23166667 0.04125
0 0.51583333 0.446875 0.24833333 0.04625
0 0.5225 0.33125 0.25833333 0.045
0 0.5125 0.27 0.24166667 0.0525
0 0.51833333 0.203125 0.25 0.05125
0 0.82583333 0.215 0.24833333 0.0575
0 0.8325 0.153125 0.245 0.04625
0 0.52333333 0.14375 0.25666667 0.055
0 0.2075 0.144375 0.21833333 0.05625
0 0.20833333 0.089375 0.21666667 0.04375
0 0.5275 0.08375 0.25833333 0.05
0 0.22333333 0.21375 0.25 0.05
0 0.21833333 0.26625 0.25 0.05
0 0.22 0.3275 0.25 0.05
0 0.21666667 0.3875 0.25 0.05
0 0.20833333 0.56625 0.24 0.0475
0 0.20583333 0.620625 0.245 0.05375
0 0.5175 0.39 0.25833333 0.045
0 0.83416667 0.093125 0.25833333 0.06375
0 0.82916667 0.27875 0.24833333 0.0575
0 0.8225 0.33625 0.24833333 0.0575
0 0.82416667 0.395 0.24833333 0.0575
0 0.82083333 0.4525 0.24833333 0.0575
0 0.82083333 0.51625 0.24833333 0.0575
0 0.81583333 0.57125 0.24833333 0.0575
0 0.81583333 0.62875 0.24833333 0.0575
