0 0.16416667 0.23563054 0.25566667 0.06462682
0 0.1655 0.3112668 0.253 0.05919359
0 0.15916667 0.38604518 0.24833333 0.04975693
0 0.166 0.45481842 0.25933333 0.05404633
0 0.169 0.52845296 0.268 0.05719188
0 0.16783333 0.605662 0.263 0.05090077
0 0.17333333 0.67300543 0.274 0.04546754
0 0.17466667 0.74292251 0.26933333 0.05604804
0 0.163 0.81484129 0.24066667 0.06033743
0 0.16466667 0.88847584 0.242 0.05719188
0 0.4875 0.24306548 0.253 0.05604804
0 0.49116667 0.32241922 0.263 0.05404633
0 0.49133333 0.38904776 0.26533333 0.05404633
0 0.49066667 0.45581927 0.274 0.04746926
0 0.47216667 0.53059766 0.24166667 0.05290249
0 0.48016667 0.60094367 0.23833333 0.04775522
0 0.47833333 0.6697169 0.23933333 0.04975693
0 0.46783333 0.74349442 0.22833333 0.05090077
0 0.47216667 0.81283958 0.23233333 0.04546754
0 0.479 0.88418645 0.25066667 0.05090077
0 0.76666667 0.25521876 0.206 0.04432371
0 0.78133333 0.3204175 0.23333333 0.05404633
0 0.78216667 0.39119245 0.237 0.04975693
0 0.78083333 0.45796397 0.227 0.05175865
0 0.78383333 0.53145553 0.23566667 0.04661138
0 0.7765 0.60480412 0.243 0.05719188
0 0.77283333 0.67615099 0.21833333 0.05175865
0 0.80116667 0.74864169 0.273 0.0486131
0 0.79266667 0.81855876 0.258 0.04661138
0 0.7815 0.88961967 0.25566667 0.0486131
