0 0.775 0.629375 0.21333333 0.03875
0 0.48333333 0.52625 0.18666667 0.0325
0 0.19666667 0.479375 0.18666667 0.03875
0 0.75833333 0.470625 0.19 0.03375
0 0.49666667 0.473125 0.21 0.03625
0 0.76083333 0.419375 0.19833333 0.03375
0 0.20833333 0.2075 0.22 0.035
0 0.75583333 0.26125 0.205 0.04
0 0.20583333 0.15125 0.21166667 0.0325
0 0.49333333 0.16 0.22333333 0.05
0 0.76333333 0.1625 0.25 0.0425
0 0.75666667 0.214375 0.21 0.03875
0 0.48833333 0.213125 0.22666667 0.04375
0 0.2075 0.26 0.215 0.0325
0 0.48666667 0.269375 0.21333333 0.03875
0 0.21083333 0.311875 0.235 0.03625
0 0.5025 0.315 0.235 0.0325
0 0.7625 0.318125 0.20833333 0.03375
0 0.21166667 0.365625 0.22 0.04125
0 0.4975 0.37125 0.21833333 0.04
0 0.76666667 0.368125 0.23 0.04625
0 0.21166667 0.4225 0.23333333 0.0375
0 0.49083333 0.419375 0.22166667 0.04125
0 0.21166667 0.5325 0.22666667 0.045
0 0.21416667 0.58875 0.225 0.045
0 0.48916667 0.58 0.24833333 0.0475
0 0.21083333 0.638125 0.235 0.05375
0 0.5025 0.63 0.235 0.0475
0 0.76166667 0.52375 0.23333333 0.04
0 0.77083333 0.57375 0.21833333 0.04
