0 0.25833333 0.18645833 0.18888889 0.03680556
0 0.24907407 0.23576389 0.17777778 0.03402778
0 0.25185185 0.28645833 0.18703704 0.03958333
0 0.24537037 0.33506944 0.20555556 0.03402778
0 0.24722222 0.38888889 0.21666667 0.04166667
0 0.24398148 0.43576389 0.20462963 0.03958333
0 0.23194444 0.48680556 0.19537037 0.04027778
0 0.22685185 0.54236111 0.21666667 0.04027778
0 0.22314815 0.59166667 0.21481481 0.0375
0 0.21712963 0.65173611 0.225 0.05069444
0 0.49907407 0.17083333 0.18888889 0.0375
0 0.49027778 0.22222222 0.17685185 0.03472222
0 0.49907407 0.27291667 0.20185185 0.03888889
0 0.50462963 0.32777778 0.22777778 0.0375
0 0.50416667 0.378125 0.2287037 0.03958333
0 0.5 0.43402778 0.22037037 0.0375
0 0.48842593 0.48645833 0.21759259 0.03819444
0 0.48611111 0.540625 0.21111111 0.03680556
0 0.4912037 0.59791667 0.22314815 0.04027778
0 0.48703704 0.65486111 0.23148148 0.0375
0 0.7662037 0.16388889 0.19537037 0.03888889
0 0.76481481 0.21388889 0.19814815 0.03333333
0 0.76898148 0.26840278 0.21203704 0.03541667
0 0.75694444 0.32118056 0.20833333 0.04513889
0 0.76527778 0.37534722 0.21944444 0.03819444
0 0.7587963 0.43298611 0.23240741 0.03402778
0 0.76203704 0.48958333 0.22407407 0.03194444
0 0.76898148 0.54652778 0.2212963 0.04444444
0 0.76666667 0.60381944 0.23333333 0.04375
0 0.76203704 0.6625 0.22037037 0.0375
