0 0.47083333 0.924375 0.245 0.03125
0 0.1475 0.925625 0.19166667 0.03375
0 0.7725 0.870625 0.26833333 0.03125
0 0.47083333 0.866875 0.245 0.03125
0 0.14083333 0.865625 0.175 0.03375
0 0.74166667 0.813125 0.21 0.02875
0 0.44916667 0.811875 0.19833333 0.02875
0 0.17833333 0.81 0.24 0.03
0 0.75666667 0.7575 0.24 0.03
0 0.47 0.754375 0.23666667 0.02875
0 0.1575 0.75375 0.20166667 0.03
0 0.75583333 0.699375 0.22833333 0.02875
0 0.455 0.696875 0.19666667 0.02875
0 0.16916667 0.69625 0.21833333 0.03
0 0.74166667 0.6425 0.21 0.03
0 0.44333333 0.640625 0.17666667 0.02875
0 0.1925 0.641875 0.25833333 0.03125
0 0.73583333 0.586875 0.195 0.02875
0 0.44166667 0.583125 0.17333333 0.02875
0 0.16416667 0.584375 0.20166667 0.03125
0 0.74833333 0.529375 0.22 0.03125
0 0.15833333 0.526875 0.18666667 0.02875
0 0.45666667 0.5275 0.20333333 0.03
0 0.44166667 0.474375 0.17 0.02875
0 0.725 0.475 0.17 0.03
0 0.165 0.47 0.19333333 0.03
0 0.4625 0.42125 0.205 0.03
0 0.74416667 0.42 0.21166667 0.03
0 0.17833333 0.41625 0.21666667 0.03
0 0.45166667 0.36625 0.17666667 0.03
0 0.7275 0.364375 0.18166667 0.02875
0 0.1925 0.36375 0.235 0.0275
0 0.7275 0.31125 0.17833333 0.03
0 0.44166667 0.310625 0.16333333 0.02875
0 0.1675 0.311875 0.17833333 0.03125
0 0.46083333 0.256875 0.20166667 0.02875
0 0.1675 0.25875 0.17833333 0.03
0 0.73083333 0.25625 0.18166667 0.03
0 0.75416667 0.20375 0.23166667 0.0275
0 0.4625 0.203125 0.205 0.02875
0 0.175 0.203125 0.18 0.02875
0 0.455 0.150625 0.18 0.02875
0 0.75083333 0.149375 0.225 0.03125
0 0.17583333 0.14625 0.205 0.035
0 0.7725 0.930625 0.27833333 0.03875
