0 0.21333333 0.930625 0.18333333 0.02875
0 0.19916667 0.876875 0.14833333 0.02875
0 0.78333333 0.874375 0.17666667 0.02875
0 0.48916667 0.874375 0.155 0.02875
0 0.77416667 0.819375 0.16166667 0.02875
0 0.20916667 0.820625 0.175 0.03125
0 0.49083333 0.81875 0.16166667 0.03
0 0.7775 0.764375 0.17166667 0.03125
0 0.22083333 0.764375 0.19166667 0.03125
0 0.50083333 0.76375 0.185 0.03
0 0.78666667 0.708125 0.19333333 0.02875
0 0.50166667 0.706875 0.18333333 0.02875
0 0.22083333 0.708125 0.19833333 0.02875
0 0.205 0.653125 0.15666667 0.02875
0 0.79666667 0.653125 0.19666667 0.02875
0 0.49416667 0.6525 0.16166667 0.0275
0 0.78666667 0.5975 0.18666667 0.03
0 0.495 0.5975 0.16 0.0275
0 0.2075 0.5975 0.15833333 0.03
0 0.77333333 0.541875 0.16 0.02875
0 0.20666667 0.543125 0.16 0.03125
0 0.50333333 0.540625 0.18333333 0.02875
0 0.20416667 0.4875 0.15166667 0.0275
0 0.805 0.486875 0.22 0.02875
0 0.50166667 0.486875 0.17 0.02875
0 0.50416667 0.43125 0.18166667 0.0275
0 0.2025 0.43125 0.15833333 0.03
0 0.76583333 0.429375 0.13833333 0.02875
0 0.49083333 0.37625 0.155 0.0275
0 0.205 0.375625 0.16333333 0.02875
0 0.77083333 0.375 0.15166667 0.03
0 0.4925 0.320625 0.16833333 0.03125
0 0.76916667 0.31875 0.15166667 0.03
0 0.2025 0.32 0.16166667 0.03
0 0.20916667 0.265625 0.17166667 0.02875
0 0.49333333 0.26375 0.17 0.03
0 0.78916667 0.261875 0.195 0.03125
0 0.205 0.210625 0.17 0.03375
0 0.49333333 0.208125 0.17 0.03125
0 0.76583333 0.20625 0.145 0.03
0 0.49833333 0.1525 0.18333333 0.0325
0 0.78416667 0.15 0.21833333 0.03
0 0.2125 0.1525 0.19166667 0.035
0 0.50333333 0.93 0.19 0.03
0 0.79583333 0.93125 0.205 0.03
