0 0.22316667 0.127625 0.19566667 0.04025
0 0.50433333 0.10925 0.20133333 0.0425
0 0.78383333 0.099375 0.22166667 0.04675
0 0.22166667 0.179875 0.184 0.03575
0 0.49133333 0.16575 0.184 0.0425
0 0.76066667 0.157 0.17533333 0.049
0 0.213 0.229875 0.17266667 0.04025
0 0.4875 0.220625 0.18566667 0.04775
0 0.78983333 0.210875 0.22766667 0.04125
0 0.202 0.284125 0.15933333 0.03375
0 0.48033333 0.276 0.18266667 0.037
0 0.21 0.33475 0.16666667 0.037
0 0.4875 0.32925 0.18566667 0.037
0 0.7665 0.316875 0.17233333 0.04675
0 0.20066667 0.386375 0.16533333 0.04025
0 0.49416667 0.38475 0.19566667 0.039
0 0.76066667 0.380875 0.184 0.03375
0 0.20066667 0.438 0.16533333 0.039
0 0.486 0.44225 0.18266667 0.0435
0 0.79416667 0.439625 0.24766667 0.04475
0 0.1985 0.498375 0.17833333 0.04025
0 0.4905 0.49725 0.19433333 0.04
0 0.76366667 0.495625 0.184 0.04325
0 0.19266667 0.548875 0.17533333 0.03475
0 0.484 0.5495 0.184 0.038
0 0.78033333 0.556 0.21466667 0.0425
0 0.20066667 0.603875 0.18266667 0.04025
0 0.47533333 0.60925 0.18133333 0.0425
0 0.7795 0.614625 0.20433333 0.04675
0 0.20633333 0.65925 0.20866667 0.038
0 0.484 0.665125 0.19266667 0.03925
0 0.77466667 0.674375 0.20866667 0.04675
0 0.20433333 0.715125 0.19866667 0.04575
0 0.4825 0.723375 0.20166667 0.04675
0 0.771 0.736875 0.19266667 0.04125
0 0.1905 0.774875 0.18233333 0.04125
0 0.47316667 0.7805 0.17966667 0.0435
0 0.76083333 0.792875 0.17833333 0.04675
0 0.18116667 0.82875 0.16366667 0.038
0 0.48183333 0.8385 0.197 0.051
0 0.76283333 0.85 0.197 0.048
0 0.197 0.89025 0.20133333 0.05
0 0.48333333 0.895 0.20866667 0.049
0 0.77316667 0.90875 0.22033333 0.05
