0 0.23425926 0.15277778 0.27592593 0.03472222
0 0.21805556 0.36840278 0.22314815 0.04652778
0 0.20694444 0.58368056 0.21944444 0.04097222
0 0.21666667 0.79618056 0.24814815 0.05347222
0 0.52592593 0.14652778 0.21481481 0.04583333
0 0.56851852 0.37152778 0.2962963 0.04722222
0 0.51435185 0.58333333 0.20277778 0.04305556
0 0.55972222 0.81076389 0.3287037 0.04652778
0 0.86990741 0.15208333 0.23981481 0.05
0 0.86759259 0.36805556 0.25185185 0.04305556
0 0.86064815 0.58958333 0.23240741 0.05555556
0 0.86898148 0.82326389 0.26018519 0.05763889
