0 0.16898148 0.08680556 0.23611111 0.05555556
0 0.18009259 0.30034722 0.275 0.03958333
0 0.16805556 0.51458333 0.26574074 0.04583333
0 0.16712963 0.73298611 0.29907407 0.04513889
0 0.49305556 0.09305556 0.25833333 0.03888889
0 0.49212963 0.303125 0.24907407 0.05069444
0 0.49583333 0.51805556 0.25648148 0.04583333
0 0.48842593 0.73402778 0.26759259 0.05416667
0 0.81527778 0.09722222 0.25092593 0.05416667
0 0.81435185 0.30763889 0.2712963 0.04861111
0 0.81481481 0.51840278 0.26296296 0.04375
0 0.82824074 0.74166667 0.28240741 0.05
