0 0.14766667 0.07225 0.21 0.0425
0 0.468 0.0745 0.236 0.0445
0 0.79333333 0.083125 0.26066667 0.04675
0 0.1375 0.12825 0.187 0.0455
0 0.45933333 0.130375 0.222 0.04575
0 0.77883333 0.139625 0.24366667 0.04025
0 0.1455 0.189625 0.21166667 0.03825
0 0.45133333 0.19175 0.2 0.049
0 0.80416667 0.1995 0.27966667 0.038
0 0.142 0.242875 0.21 0.04225
0 0.4725 0.251625 0.25366667 0.04675
0 0.75133333 0.257625 0.18266667 0.03925
0 0.15066667 0.310875 0.22466667 0.04125
0 0.4745 0.312 0.24633333 0.0435
0 0.7905 0.31675 0.249 0.0425
0 0.1485 0.370125 0.23766667 0.03375
0 0.4665 0.376625 0.245 0.04475
0 0.78383333 0.380375 0.22166667 0.04125
0 0.14266667 0.432625 0.232 0.05225
0 0.4725 0.439625 0.26233333 0.04225
0 0.77166667 0.435875 0.21133333 0.04575
0 0.14266667 0.49725 0.22 0.0425
0 0.46583333 0.495625 0.249 0.04575
0 0.784 0.5 0.248 0.048
0 0.15133333 0.554875 0.24666667 0.04675
0 0.45933333 0.557625 0.248 0.04575
0 0.784 0.565125 0.242 0.04125
0 0.13616667 0.621625 0.22166667 0.04125
0 0.46083333 0.6255 0.24766667 0.04
0 0.78966667 0.626 0.242 0.037
0 0.155 0.685875 0.27666667 0.04575
0 0.44633333 0.6875 0.22733333 0.038
0 0.781 0.689 0.242 0.0435
0 0.121 0.750625 0.2 0.04675
0 0.46666667 0.754375 0.26533333 0.03925
0 0.78383333 0.75 0.25366667 0.048
0 0.1425 0.81625 0.23766667 0.052
0 0.434 0.813 0.206 0.0455
0 0.76933333 0.813 0.22466667 0.0455
0 0.12666667 0.8805 0.206 0.05
0 0.465 0.880375 0.25933333 0.04775
0 0.77883333 0.874875 0.229 0.04125
0 0.1355 0.939625 0.23766667 0.05325
0 0.463 0.94175 0.26066667 0.0555
0 0.78966667 0.939125 0.25933333 0.04575
