0 0.161 0.22865412 0.25933333 0.05151954
0 0.153 0.30303907 0.236 0.05036179
0 0.15066667 0.37916064 0.23333333 0.05904486
0 0.14266667 0.45803184 0.21733333 0.047178
0 0.14866667 0.53256151 0.22733333 0.05267728
0 0.161 0.6081042 0.252 0.05151954
0 0.15483333 0.68798842 0.269 0.05267728
0 0.161 0.75803184 0.24933333 0.05788712
0 0.16533333 0.83111433 0.258 0.05354559
0 0.1605 0.90882779 0.25566667 0.06136035
0 0.48516667 0.23140376 0.22833333 0.06107091
0 0.48833333 0.31013025 0.23466667 0.05586107
0 0.4925 0.38408104 0.23566667 0.04515195
0 0.492 0.45861071 0.232 0.05470333
0 0.48516667 0.53473227 0.24566667 0.05470333
0 0.49316667 0.6065123 0.247 0.05470333
0 0.474 0.68248915 0.206 0.05672938
0 0.4795 0.75658466 0.247 0.05904486
0 0.47466667 0.83270622 0.22466667 0.06772793
0 0.46783333 0.90506512 0.21833333 0.04920405
0 0.813 0.23994211 0.232 0.05904486
0 0.79933333 0.31490593 0.22933333 0.05036179
0 0.811 0.38610709 0.236 0.05788712
0 0.78833333 0.46613603 0.20733333 0.06107091
0 0.79933333 0.53675832 0.22733333 0.05470333
0 0.79066667 0.60868307 0.21466667 0.05036179
0 0.8055 0.68248915 0.269 0.05904486
0 0.805 0.75716353 0.24066667 0.04920405
0 0.808 0.82778582 0.252 0.05151954
0 0.787 0.90506512 0.21466667 0.0602026
