0 0.75333333 0.6575 0.21666667 0.04
0 0.7525 0.605625 0.21833333 0.03875
0 0.48666667 0.6 0.21333333 0.04
0 0.75416667 0.54875 0.21833333 0.035
0 0.22916667 0.550625 0.225 0.03875
0 0.48416667 0.541875 0.205 0.03875
0 0.7525 0.500625 0.21833333 0.04125
0 0.48416667 0.494375 0.20166667 0.03375
0 0.22916667 0.491875 0.21833333 0.04125
0 0.23166667 0.448125 0.21333333 0.03375
0 0.75666667 0.44625 0.21666667 0.04
0 0.23 0.396875 0.20666667 0.04125
0 0.75583333 0.394375 0.215 0.04375
0 0.2325 0.345625 0.20833333 0.03625
0 0.75833333 0.34125 0.21666667 0.04
0 0.49083333 0.34125 0.20833333 0.04
0 0.23416667 0.298125 0.215 0.03625
0 0.49333333 0.28875 0.21666667 0.0375
0 0.765 0.285 0.23333333 0.0475
0 0.23083333 0.244375 0.205 0.03625
0 0.495 0.239375 0.22 0.03625
0 0.75583333 0.234375 0.20833333 0.03875
0 0.23083333 0.190625 0.20833333 0.03125
0 0.49 0.185625 0.20666667 0.03875
0 0.75416667 0.1825 0.205 0.04
0 0.49416667 0.395 0.20833333 0.04
0 0.22916667 0.59625 0.225 0.0375
0 0.23416667 0.645 0.225 0.0375
0 0.48416667 0.645 0.225 0.0375
