0 0.2375 0.77638889 0.06458333 0.25277778
0 0.3 0.77361111 0.06458333 0.25277778
0 0.42291667 0.77361111 0.06458333 0.25277778
0 0.35833333 0.775 0.06458333 0.25277778
0 0.61666667 0.76944444 0.06458333 0.25277778
0 0.55208333 0.76944444 0.06458333 0.25277778
0 0.48541667 0.77222222 0.06458333 0.25277778
0 0.74479167 0.76527778 0.06458333 0.25277778
0 0.67916667 0.76944444 0.06458333 0.25277778
0 0.815625 0.76666667 0.06458333 0.25277778
0 0.23489583 0.48819444 0.046875 0.28472222
0 0.4265625 0.49375 0.046875 0.28472222
0 0.36510417 0.48125 0.046875 0.28472222
0 0.29635417 0.48263889 0.046875 0.28472222
0 0.6859375 0.48402778 0.046875 0.28472222
0 0.61927083 0.50069444 0.046875 0.28472222
0 0.5546875 0.47986111 0.046875 0.28472222
0 0.48802083 0.48263889 0.046875 0.28472222
0 0.81510417 0.47847222 0.06770833 0.27916667
0 0.7515625 0.47847222 0.046875 0.28472222
0 0.3734375 0.19513889 0.046875 0.28472222
0 0.31197917 0.20069444 0.046875 0.28472222
0 0.25364583 0.19652778 0.046875 0.28472222
0 0.5515625 0.18819444 0.046875 0.28472222
0 0.4890625 0.19513889 0.046875 0.28472222
0 0.43072917 0.18680556 0.046875 0.28472222
0 0.6671875 0.18819444 0.046875 0.28472222
0 0.6078125 0.19097222 0.046875 0.28472222
0 0.790625 0.17986111 0.06875 0.28472222
0 0.73177083 0.18958333 0.05104167 0.28194444
