0 0.85583333 0.4225 0.235 0.0375
0 0.51666667 0.375 0.24333333 0.0375
0 0.84666667 0.373125 0.22333333 0.03875
0 0.18083333 0.371875 0.24833333 0.04125
0 0.8475 0.325 0.235 0.0375
0 0.51416667 0.3225 0.24166667 0.0325
0 0.17416667 0.321875 0.235 0.04125
0 0.84583333 0.275625 0.235 0.03875
0 0.51083333 0.274375 0.23166667 0.03875
0 0.175 0.271875 0.23666667 0.03875
0 0.84166667 0.2275 0.23333333 0.035
0 0.52 0.225625 0.25 0.03375
0 0.17583333 0.22125 0.23166667 0.0375
0 0.51333333 0.17875 0.23666667 0.04
0 0.835 0.1775 0.22666667 0.04
0 0.1825 0.17125 0.24166667 0.04
0 0.1775 0.42375 0.25166667 0.045
0 0.17833333 0.475625 0.25 0.04125
0 0.17583333 0.5325 0.25166667 0.0375
0 0.17416667 0.5825 0.245 0.04
0 0.17666667 0.6375 0.25666667 0.0475
0 0.5125 0.421875 0.235 0.03375
0 0.50916667 0.474375 0.22833333 0.04375
0 0.51666667 0.5275 0.24666667 0.0325
0 0.52916667 0.58 0.25833333 0.035
0 0.5275 0.635625 0.25833333 0.04375
0 0.85666667 0.473125 0.22333333 0.03625
0 0.85833333 0.52375 0.24 0.045
0 0.86916667 0.57875 0.25166667 0.0325
0 0.87 0.631875 0.24666667 0.03875
