0 0.1555 0.21215843 0.24166667 0.05587964
0 0.16316667 0.30042984 0.257 0.05925698
0 0.15 0.37979736 0.24733333 0.05587964
0 0.162 0.45609457 0.262 0.04820387
0 0.16616667 0.53622966 0.27033333 0.05925698
0 0.16016667 0.618821 0.251 0.06908198
0 0.163 0.69742094 0.25 0.05925698
0 0.168 0.77909119 0.28333333 0.05802886
0 0.1715 0.85968683 0.257 0.05710777
0 0.172 0.94396684 0.26066667 0.06355542
0 0.49833333 0.21860608 0.22733333 0.07123119
0 0.5 0.29214001 0.22133333 0.06048511
0 0.5 0.37442432 0.24266667 0.06478354
0 0.503 0.45179613 0.24866667 0.05925698
0 0.50583333 0.52901443 0.23566667 0.05833589
0 0.50166667 0.60208781 0.22733333 0.0614062
0 0.50533333 0.68191587 0.23933333 0.05710777
0 0.51183333 0.76373964 0.243 0.06908198
0 0.506 0.84433528 0.22133333 0.0614062
0 0.513 0.92385631 0.23333333 0.06017808
0 0.8155 0.22090881 0.21433333 0.05802886
0 0.81783333 0.29214001 0.22633333 0.0623273
0 0.82316667 0.3682837 0.23433333 0.05925698
0 0.82683333 0.44396684 0.23433333 0.05710777
0 0.825 0.52563709 0.23333333 0.05587964
0 0.82983333 0.60024562 0.23566667 0.05587964
0 0.83583333 0.67930611 0.24766667 0.06478354
0 0.83633333 0.75591035 0.23666667 0.05587964
0 0.83566667 0.83880872 0.23333333 0.07000307
0 0.84883333 0.91940436 0.243 0.06478354
