0 0.14666667 0.880625 0.29 0.25625
0 0.81166667 0.69 0.3 0.045
0 0.49 0.68875 0.3 0.0575
0 0.17833333 0.6775 0.3 0.0425
0 0.81166667 0.626875 0.3 0.05125
0 0.17833333 0.61375 0.3 0.0425
0 0.48833333 0.6125 0.3 0.055
0 0.81666667 0.554375 0.3 0.05375
0 0.49 0.55625 0.3 0.0525
0 0.17666667 0.54875 0.3 0.0425
0 0.49 0.48625 0.3 0.045
0 0.18 0.485 0.3 0.0425
0 0.81333333 0.48375 0.3 0.0525
0 0.18166667 0.42125 0.3 0.0425
0 0.49333333 0.421875 0.3 0.04375
0 0.81666667 0.42125 0.3 0.045
0 0.18166667 0.35875 0.3 0.0425
0 0.495 0.35875 0.3 0.0475
0 0.81666667 0.353125 0.3 0.04375
0 0.49333333 0.290625 0.3 0.04375
0 0.18166667 0.291875 0.3 0.04625
0 0.815 0.285 0.3 0.045
0 0.185 0.233125 0.3 0.04625
0 0.49666667 0.226875 0.3 0.04375
0 0.82 0.218125 0.3 0.04375
0 0.185 0.170625 0.3 0.05125
0 0.49333333 0.1625 0.3 0.0425
0 0.81666667 0.1525 0.3 0.05
0 0.18666667 0.10625 0.3 0.0425
0 0.495 0.0975 0.3 0.045
0 0.82 0.085 0.3 0.0425
