0 0.765 0.735625 0.28333333 0.03125
0 0.77083333 0.684375 0.29166667 0.03875
0 0.15416667 0.680625 0.18833333 0.03375
0 0.43333333 0.679375 0.17333333 0.03375
0 0.45083333 0.62375 0.20833333 0.035
0 0.16333333 0.623125 0.20666667 0.03125
0 0.44916667 0.57 0.205 0.035
0 0.17916667 0.566875 0.23833333 0.03125
0 0.7625 0.52 0.27166667 0.0375
0 0.445 0.51375 0.19 0.03
0 0.16583333 0.51125 0.21166667 0.03
0 0.77416667 0.46375 0.28833333 0.035
0 0.44333333 0.461875 0.18666667 0.03875
0 0.17333333 0.454375 0.22333333 0.02875
0 0.46416667 0.405625 0.23166667 0.03625
0 0.1675 0.395 0.215 0.035
0 0.76083333 0.349375 0.25833333 0.02875
0 0.44333333 0.345625 0.19 0.02875
0 0.17416667 0.34625 0.22833333 0.0425
0 0.76416667 0.293125 0.26166667 0.03125
0 0.44416667 0.289375 0.18833333 0.03125
0 0.17583333 0.28375 0.23166667 0.0325
0 0.46916667 0.235625 0.22833333 0.03875
0 0.18916667 0.228125 0.25833333 0.03625
0 0.76916667 0.180625 0.265 0.03375
0 0.45583333 0.175625 0.21166667 0.03375
0 0.15 0.166875 0.17666667 0.03625
0 0.79833333 0.241875 0.31333333 0.04125
0 0.78 0.404375 0.31333333 0.04125
0 0.78333333 0.573125 0.31333333 0.04125
0 0.7875 0.795625 0.34833333 0.05375
0 0.78 0.626875 0.31333333 0.04125
0 0.77416667 0.849375 0.31166667 0.04625
0 0.78583333 0.900625 0.31166667 0.04625
0 0.7675 0.954375 0.31166667 0.04625
0 0.45666667 0.736875 0.22666667 0.05125
0 0.455 0.790625 0.22666667 0.05125
0 0.45 0.844375 0.22666667 0.05125
0 0.45 0.895625 0.22666667 0.05125
0 0.45 0.955625 0.22666667 0.05125
0 0.1575 0.73625 0.205 0.05
0 0.175 0.790625 0.22666667 0.05375
0 0.15416667 0.84875 0.18833333 0.055
0 0.17083333 0.901875 0.22833333 0.05625
0 0.15583333 0.959375 0.205 0.05375
