0 0.17166667 0.709375 0.3 0.04625
0 0.51833333 0.70625 0.3 0.0525
0 0.84833333 0.698125 0.3 0.04625
0 0.51333333 0.634375 0.3 0.04625
0 0.84666667 0.63 0.3 0.045
0 0.515 0.564375 0.3 0.04375
0 0.845 0.561875 0.3 0.04375
0 0.84166667 0.495 0.3 0.0425
0 0.18166667 0.495625 0.3 0.04375
0 0.51333333 0.494375 0.3 0.04375
0 0.83833333 0.4275 0.3 0.0425
0 0.185 0.426875 0.3 0.04375
0 0.515 0.425625 0.3 0.04375
0 0.83666667 0.36375 0.3 0.0425
0 0.18666667 0.359375 0.3 0.04375
0 0.51333333 0.358125 0.3 0.04375
0 0.83333333 0.3 0.3 0.0425
0 0.51333333 0.293125 0.3 0.04375
0 0.19 0.29125 0.3 0.0425
0 0.51666667 0.2275 0.3 0.0425
0 0.19333333 0.225 0.3 0.0425
0 0.83 0.179375 0.3 0.05375
0 0.51 0.169375 0.29333333 0.05375
0 0.17916667 0.1 0.255 0.0575
0 0.18666667 0.165625 0.28333333 0.06375
0 0.48166667 0.104375 0.24 0.05875
0 0.79833333 0.115 0.24666667 0.055
0 0.805 0.24 0.24333333 0.055
0 0.17166667 0.561875 0.26 0.05875
0 0.1725 0.634375 0.27166667 0.05625
