0 0.33657407 0.20833333 0.18796296 0.02916667
0 0.33935185 0.253125 0.19351852 0.03125
0 0.34027778 0.29791667 0.19166667 0.02916667
0 0.33981481 0.34236111 0.21111111 0.03194444
0 0.34583333 0.38680556 0.20648148 0.03055556
0 0.34166667 0.43020833 0.22407407 0.03402778
0 0.34212963 0.478125 0.21388889 0.03263889
0 0.34305556 0.525 0.21203704 0.02777778
0 0.34537037 0.57048611 0.20740741 0.02847222
0 0.34166667 0.62013889 0.2 0.03611111
0 0.55462963 0.20798611 0.19074074 0.03402778
0 0.56111111 0.25104167 0.18703704 0.02847222
0 0.55833333 0.290625 0.19814815 0.03680556
0 0.55833333 0.33715278 0.18148148 0.02569444
0 0.56666667 0.38715278 0.18703704 0.02986111
0 0.57083333 0.42638889 0.18981481 0.03333333
0 0.56759259 0.47604167 0.17962963 0.02569444
0 0.56759259 0.51944444 0.17962963 0.02222222
0 0.58194444 0.56736111 0.19907407 0.03055556
0 0.57083333 0.61423611 0.175 0.02708333
0 0.76342593 0.2125 0.16388889 0.025
0 0.77407407 0.25381944 0.18518519 0.02569444
0 0.77638889 0.29652778 0.18055556 0.02777778
0 0.7875 0.34131944 0.1787037 0.03263889
0 0.77453704 0.384375 0.18611111 0.02986111
0 0.7875 0.43020833 0.18981481 0.02986111
0 0.79305556 0.47395833 0.20092593 0.02569444
0 0.79953704 0.51701389 0.20462963 0.03263889
0 0.80740741 0.56041667 0.22592593 0.03194444
0 0.80092593 0.61284722 0.21111111 0.03402778
