0 0.19166667 0.7375 0.3 0.0425
0 0.52 0.73625 0.3 0.0425
0 0.835 0.73375 0.3 0.0425
0 0.52333333 0.671875 0.3 0.04125
0 0.83333333 0.670625 0.3 0.04125
0 0.195 0.671875 0.3 0.04375
0 0.83 0.606875 0.3 0.04125
0 0.52166667 0.6075 0.3 0.0425
0 0.195 0.605625 0.3 0.04375
0 0.83666667 0.54375 0.3 0.0425
0 0.19833333 0.53875 0.3 0.0425
0 0.83333333 0.480625 0.3 0.04125
0 0.52166667 0.47625 0.3 0.0425
0 0.83333333 0.418125 0.3 0.04125
0 0.52333333 0.4125 0.3 0.0425
0 0.835 0.3575 0.3 0.0425
0 0.52833333 0.34875 0.3 0.0425
0 0.20666667 0.345 0.3 0.0425
0 0.835 0.294375 0.3 0.04125
0 0.52833333 0.28625 0.3 0.0425
0 0.835 0.233125 0.3 0.04125
0 0.835 0.17125 0.3 0.04
0 0.52833333 0.16375 0.3 0.045
0 0.17833333 0.151875 0.22666667 0.04625
0 0.1825 0.213125 0.23166667 0.04875
0 0.17333333 0.278125 0.22666667 0.05375
0 0.17916667 0.405 0.22833333 0.055
0 0.17333333 0.47375 0.27 0.05
0 0.49083333 0.225 0.22833333 0.0575
0 0.4875 0.538125 0.22833333 0.05125
