0 0.18913043 0.35613905 0.23804348 0.04363905
0 0.44456522 0.35244083 0.19456522 0.0443787
0 0.67173913 0.35946746 0.19673913 0.04955621
0 0.19945652 0.4045858 0.24565217 0.04511834
0 0.21467391 0.4522929 0.26521739 0.03550296
0 0.21684783 0.49482249 0.24347826 0.04068047
0 0.20706522 0.54363905 0.23043478 0.03180473
0 0.22336957 0.59689349 0.23695652 0.02884615
0 0.24619565 0.64866864 0.28043478 0.0510355
0 0.24891304 0.70710059 0.275 0.04068047
0 0.25217391 0.76442308 0.2923913 0.04142012
0 0.27173913 0.83099112 0.32065217 0.07100592
0 0.46358696 0.39681953 0.20652174 0.0295858
0 0.46304348 0.44267751 0.20978261 0.04142012
0 0.48315217 0.48742604 0.23913043 0.03920118
0 0.5 0.52921598 0.23804348 0.02810651
0 0.5 0.58431953 0.22065217 0.04659763
0 0.5201087 0.63350592 0.24347826 0.03402367
0 0.54347826 0.68713018 0.26195652 0.04807692
0 0.55326087 0.7466716 0.27065217 0.04289941
0 0.5701087 0.80177515 0.2673913 0.0362426
0 0.68586957 0.40162722 0.20543478 0.03920118
0 0.69347826 0.43934911 0.19021739 0.03328402
0 0.71358696 0.48039941 0.18043478 0.03698225
0 0.73043478 0.52181953 0.18804348 0.03698225
0 0.75597826 0.56471893 0.19347826 0.03254438
0 0.76956522 0.61501479 0.21413043 0.03106509
0 0.7923913 0.6660503 0.22282609 0.03402367
0 0.81032609 0.71560651 0.21956522 0.03550296
0 0.83315217 0.77736686 0.23913043 0.06286982
