0 0.26684783 0.44988905 0.17445652 0.02921598
0 0.27880435 0.48751849 0.17771739 0.03494822
0 0.28668478 0.53023299 0.21413043 0.03051036
0 0.28342391 0.57535133 0.20163043 0.03420858
0 0.28559783 0.62407544 0.24565217 0.04068047
0 0.28247283 0.66956361 0.23505435 0.03069527
0 0.28967391 0.71875 0.24565217 0.04622781
0 0.28817935 0.76913831 0.25081522 0.04752219
0 0.2892663 0.81823225 0.2236413 0.03069527
0 0.28342391 0.86621672 0.26032609 0.05676775
0 0.50978261 0.44591346 0.1923913 0.03975592
0 0.51086957 0.48890533 0.1923913 0.0262574
0 0.51711957 0.53587278 0.21521739 0.03920118
0 0.53070652 0.57609098 0.22173913 0.03827663
0 0.53695652 0.62056213 0.23423913 0.0362426
0 0.54633152 0.66752959 0.23179348 0.04622781
0 0.54524457 0.72189349 0.23831522 0.03846154
0 0.54266304 0.77089497 0.22880435 0.04548817
0 0.55095109 0.81998891 0.26440217 0.0427145
0 0.55258152 0.87472263 0.2486413 0.04974112
0 0.72663043 0.45266272 0.19347826 0.04326923
0 0.72296196 0.49463757 0.16929348 0.03217456
0 0.73084239 0.53411612 0.18722826 0.02718195
0 0.75122283 0.57784763 0.19646739 0.03772189
0 0.74701087 0.62518491 0.2048913 0.03550296
0 0.76005435 0.6685466 0.19945652 0.03272929
0 0.75638587 0.71828772 0.18396739 0.03272929
0 0.75747283 0.76673447 0.18831522 0.0427145
0 0.76059783 0.81712278 0.19673913 0.04548817
0 0.78682065 0.8683432 0.2111413 0.04548817
