0 0.29537037 0.20798611 0.2 0.03819444
0 0.2962963 0.25208333 0.17777778 0.03055556
0 0.2875 0.290625 0.16018519 0.02430556
0 0.29861111 0.33819444 0.18240741 0.03472222
0 0.29305556 0.38194444 0.15833333 0.03055556
0 0.2787037 0.428125 0.19259259 0.03958333
0 0.28935185 0.46979167 0.17685185 0.02569444
0 0.28842593 0.51770833 0.17685185 0.03819444
0 0.29259259 0.56631944 0.2 0.03541667
0 0.28611111 0.61319444 0.18888889 0.03055556
0 0.52546296 0.20034722 0.175 0.02291667
0 0.52685185 0.24340278 0.19259259 0.03125
0 0.52407407 0.28506944 0.17222222 0.02430556
0 0.53888889 0.33298611 0.21666667 0.04513889
0 0.51435185 0.37326389 0.175 0.02986111
0 0.54027778 0.42291667 0.21018519 0.0375
0 0.52175926 0.46666667 0.18796296 0.0375
0 0.5125 0.515625 0.1787037 0.02986111
0 0.53333333 0.559375 0.1962963 0.04097222
0 0.53240741 0.61805556 0.22962963 0.03888889
0 0.75 0.18888889 0.16851852 0.03333333
0 0.75509259 0.23368056 0.18796296 0.02986111
0 0.75462963 0.27638889 0.18703704 0.02777778
0 0.76388889 0.32430556 0.18518519 0.03472222
0 0.75833333 0.36805556 0.18518519 0.03194444
0 0.76203704 0.41666667 0.18703704 0.02916667
0 0.76064815 0.46631944 0.175 0.03402778
0 0.76990741 0.51666667 0.19907407 0.04027778
0 0.77546296 0.56701389 0.19166667 0.04375
0 0.77916667 0.61423611 0.19537037 0.03958333
