0 0.06666667 0.795625 0.07 0.14875
0 0.78 0.656875 0.24 0.03875
0 0.12333333 0.65375 0.22333333 0.04
0 0.43666667 0.655 0.20333333 0.045
0 0.785 0.605 0.25333333 0.0375
0 0.12416667 0.60125 0.21166667 0.0325
0 0.455 0.6025 0.23666667 0.04
0 0.44166667 0.556875 0.21 0.03625
0 0.13 0.55375 0.21 0.04
0 0.82 0.5475 0.32666667 0.0375
0 0.15333333 0.505625 0.24666667 0.03125
0 0.76666667 0.5025 0.22 0.035
0 0.44583333 0.505625 0.21166667 0.03875
0 0.45583333 0.4575 0.22833333 0.035
0 0.765 0.451875 0.22 0.04125
0 0.43833333 0.41125 0.19 0.0375
0 0.76583333 0.404375 0.225 0.03125
0 0.43916667 0.361875 0.185 0.03875
0 0.77083333 0.353125 0.24166667 0.02875
0 0.4425 0.31375 0.19833333 0.0375
0 0.75916667 0.304375 0.21833333 0.03625
0 0.16666667 0.28125 0.21666667 0.0325
0 0.18583333 0.23375 0.25166667 0.0375
0 0.7525 0.20875 0.215 0.035
0 0.46 0.22625 0.22333333 0.03
0 0.45083333 0.268125 0.205 0.03125
0 0.1675 0.32625 0.23166667 0.035
0 0.16166667 0.371875 0.22 0.03625
0 0.15916667 0.41375 0.225 0.035
0 0.1575 0.45875 0.22833333 0.035
0 0.755 0.2575 0.21 0.035
