0 0.47416667 0.650625 0.18166667 0.04875
0 0.1975 0.64875 0.19166667 0.0475
0 0.7675 0.64625 0.205 0.0425
0 0.48833333 0.480625 0.21666667 0.03625
0 0.48 0.429375 0.20333333 0.03375
0 0.20916667 0.17 0.195 0.0375
0 0.77 0.21125 0.24666667 0.04
0 0.47916667 0.166875 0.19833333 0.04375
0 0.77083333 0.16 0.22166667 0.0525
0 0.21583333 0.22375 0.235 0.045
0 0.49166667 0.2225 0.22 0.0475
0 0.765 0.2675 0.23333333 0.0425
0 0.485 0.2725 0.22666667 0.045
0 0.20916667 0.27125 0.20833333 0.045
0 0.20583333 0.33125 0.215 0.05
0 0.20666667 0.3775 0.21333333 0.0375
0 0.47833333 0.325625 0.20666667 0.03875
0 0.76083333 0.32125 0.21166667 0.05
0 0.76166667 0.376875 0.20666667 0.04625
0 0.47833333 0.374375 0.22 0.04875
0 0.765 0.43 0.24 0.0525
0 0.78333333 0.491875 0.22 0.05625
0 0.76833333 0.54375 0.23333333 0.045
0 0.77583333 0.59 0.24833333 0.0425
0 0.21916667 0.4275 0.215 0.045
0 0.2175 0.4875 0.24833333 0.0475
0 0.21833333 0.54375 0.23333333 0.05
0 0.4875 0.54625 0.215 0.055
0 0.49 0.5975 0.25 0.0475
0 0.22 0.593125 0.25333333 0.04375
