0 0.28177083 0.78541667 0.05520833 0.26527778
0 0.3453125 0.8 0.05520833 0.23888889
0 0.40208333 0.79861111 0.04166667 0.22222222
0 0.45989583 0.7875 0.04479167 0.22777778
0 0.51614583 0.79097222 0.04270833 0.22916667
0 0.57083333 0.78958333 0.04375 0.24861111
0 0.62291667 0.79097222 0.05 0.24861111
0 0.68229167 0.78958333 0.04583333 0.25416667
0 0.73541667 0.79375 0.05208333 0.25138889
0 0.79739583 0.79930556 0.046875 0.23472222
0 0.8125 0.51458333 0.04375 0.24861111
0 0.753125 0.50694444 0.0375 0.25555556
0 0.70208333 0.51388889 0.05 0.25
0 0.63697917 0.50277778 0.053125 0.25555556
0 0.5796875 0.50069444 0.053125 0.25138889
0 0.51822917 0.49791667 0.053125 0.24861111
0 0.4625 0.49861111 0.05208333 0.24722222
0 0.403125 0.49375 0.06041667 0.26527778
0 0.33645833 0.49513889 0.05625 0.28472222
0 0.26666667 0.50833333 0.06458333 0.26388889
0 0.27083333 0.19861111 0.04583333 0.26111111
0 0.33854167 0.18958333 0.05208333 0.26805556
0 0.40208333 0.19166667 0.04791667 0.25555556
0 0.4671875 0.19444444 0.04479167 0.25277778
0 0.52395833 0.19236111 0.05416667 0.25972222
0 0.59166667 0.19652778 0.04583333 0.25972222
0 0.64947917 0.20069444 0.04895833 0.27083333
0 0.7125 0.20138889 0.05625 0.26944444
0 0.76979167 0.20416667 0.05 0.28611111
0 0.83854167 0.21319444 0.06041667 0.27638889
