0 0.8325 0.588125 0.245 0.04375
0 0.14666667 0.591875 0.26666667 0.04625
0 0.48583333 0.581875 0.25166667 0.04625
0 0.1375 0.5325 0.24166667 0.04
0 0.14 0.428125 0.24 0.03875
0 0.84083333 0.42875 0.27166667 0.0425
0 0.1525 0.37875 0.25833333 0.0375
0 0.47583333 0.38 0.22166667 0.0425
0 0.8325 0.375 0.265 0.0375
0 0.14 0.328125 0.23 0.03375
0 0.835 0.328125 0.28 0.03875
0 0.48 0.32375 0.23666667 0.04
0 0.8275 0.27625 0.27166667 0.035
0 0.1525 0.27875 0.24833333 0.045
0 0.14333333 0.22875 0.23 0.0375
0 0.48666667 0.22625 0.25 0.0375
0 0.81583333 0.23 0.255 0.0375
0 0.485 0.18 0.25 0.0325
0 0.81333333 0.13 0.26 0.0375
0 0.16 0.134375 0.25333333 0.03125
0 0.17333333 0.18125 0.28333333 0.03
0 0.47833333 0.135 0.23333333 0.04
0 0.15333333 0.48375 0.27666667 0.0425
0 0.49583333 0.43 0.255 0.04
0 0.48833333 0.478125 0.25666667 0.03625
0 0.50083333 0.531875 0.28166667 0.03625
0 0.485 0.2775 0.24 0.04
0 0.805 0.179375 0.23333333 0.03875
0 0.83333333 0.48125 0.25333333 0.04
0 0.83583333 0.53 0.24833333 0.045
