0 0.119 0.106 0.23466667 0.061
0 0.42566667 0.106 0.20333333 0.061
0 0.781 0.11275 0.24466667 0.0575
0 0.10966667 0.16625 0.202 0.0405
0 0.43583333 0.164375 0.21166667 0.03925
0 0.75133333 0.171375 0.20066667 0.03925
0 0.12066667 0.216375 0.214 0.04225
0 0.463 0.222875 0.26266667 0.04575
0 0.75916667 0.236 0.20966667 0.0495
0 0.1315 0.2795 0.22833333 0.046
0 0.46566667 0.285 0.26733333 0.0485
0 0.75216667 0.290625 0.20033333 0.03925
0 0.115 0.3375 0.192 0.0485
0 0.44683333 0.340125 0.22633333 0.04325
0 0.74516667 0.345 0.19233333 0.042
0 0.13266667 0.393375 0.212 0.03475
0 0.44266667 0.397375 0.21466667 0.04075
0 0.76833333 0.402375 0.236 0.04225
0 0.15383333 0.446625 0.23833333 0.03025
0 0.463 0.4515 0.244 0.036
0 0.753 0.453875 0.22533333 0.04275
0 0.16066667 0.5055 0.246 0.0395
0 0.457 0.504875 0.23466667 0.03475
0 0.742 0.50725 0.18866667 0.0355
0 0.147 0.558 0.21 0.0365
0 0.4515 0.553 0.215 0.0355
0 0.74833333 0.556875 0.21466667 0.03425
0 0.143 0.60575 0.186 0.0315
0 0.446 0.605 0.21733333 0.035
0 0.7545 0.606 0.237 0.035
0 0.16383333 0.652375 0.21233333 0.03975
0 0.4335 0.654625 0.181 0.03525
0 0.75233333 0.657875 0.21933333 0.03675
0 0.16866667 0.704875 0.20733333 0.03875
0 0.44283333 0.7025 0.18833333 0.0355
0 0.73666667 0.70375 0.20066667 0.022
0 0.17183333 0.7475 0.21033333 0.0355
0 0.45866667 0.751 0.22866667 0.039
0 0.72316667 0.747875 0.181 0.02675
0 0.18166667 0.793375 0.20933333 0.04075
0 0.44916667 0.795125 0.19833333 0.03675
0 0.73116667 0.79075 0.17566667 0.0355
0 0.16566667 0.84 0.15933333 0.0365
0 0.45066667 0.838625 0.21666667 0.03675
0 0.7215 0.833875 0.18433333 0.03325
