0 0.7925 0.715625 0.20166667 0.03875
0 0.48666667 0.708125 0.22 0.03625
0 0.80666667 0.648125 0.22666667 0.03125
0 0.48 0.648125 0.19666667 0.03625
0 0.175 0.646875 0.21666667 0.03625
0 0.82 0.5875 0.26666667 0.04
0 0.18833333 0.58875 0.22666667 0.04
0 0.49833333 0.58625 0.23666667 0.0425
0 0.17416667 0.529375 0.20166667 0.03625
0 0.7975 0.529375 0.22166667 0.04875
0 0.50166667 0.525625 0.24333333 0.03875
0 0.1875 0.473125 0.22166667 0.03875
0 0.47333333 0.465625 0.18 0.02875
0 0.79416667 0.460625 0.22166667 0.03375
0 0.18833333 0.41 0.22333333 0.03
0 0.46666667 0.4075 0.17333333 0.0325
0 0.81 0.4025 0.25666667 0.04
0 0.195 0.35375 0.23333333 0.035
0 0.475 0.3475 0.19 0.0375
0 0.79333333 0.33875 0.22666667 0.035
0 0.1925 0.29625 0.225 0.03
0 0.4775 0.2875 0.20166667 0.03
0 0.78083333 0.28 0.19833333 0.0375
0 0.18583333 0.2375 0.21166667 0.035
0 0.47916667 0.23375 0.20166667 0.04
0 0.77333333 0.216875 0.18666667 0.03375
0 0.19666667 0.18375 0.22666667 0.03
0 0.47583333 0.173125 0.185 0.04125
0 0.78833333 0.1575 0.22 0.035
0 0.19416667 0.12875 0.21833333 0.0325
0 0.49333333 0.114375 0.22666667 0.02875
0 0.7875 0.1075 0.21833333 0.045
0 0.78333333 0.77625 0.19333333 0.0475
0 0.82666667 0.843125 0.25666667 0.04625
0 0.81833333 0.909375 0.23 0.04875
0 0.83333333 0.973125 0.25666667 0.05125
0 0.5 0.963125 0.23666667 0.05125
0 0.50333333 0.899375 0.23333333 0.05125
0 0.505 0.83375 0.23333333 0.05
0 0.50333333 0.77125 0.23666667 0.045
0 0.17583333 0.7725 0.21833333 0.0375
0 0.17416667 0.70375 0.21833333 0.0375
0 0.18 0.83 0.22 0.0375
0 0.17333333 0.89375 0.22 0.0375
0 0.17583333 0.955625 0.22166667 0.03875
