0 0.47333333 0.804375 0.16333333 0.01875
0 0.7225 0.801875 0.165 0.02125
0 0.7375 0.765625 0.19833333 0.02125
0 0.47666667 0.765625 0.17666667 0.02125
0 0.47833333 0.72625 0.17666667 0.0225
0 0.735 0.72375 0.18333333 0.0225
0 0.725 0.686875 0.16 0.02125
0 0.47666667 0.686875 0.17 0.02375
0 0.74666667 0.645625 0.20333333 0.02375
0 0.47 0.645 0.16666667 0.0225
0 0.75 0.603125 0.20333333 0.02375
0 0.4775 0.6025 0.185 0.0225
0 0.75583333 0.561875 0.215 0.02375
0 0.46916667 0.560625 0.15833333 0.02625
0 0.74333333 0.516875 0.18333333 0.02375
0 0.46166667 0.51625 0.15333333 0.025
0 0.7475 0.47125 0.18833333 0.025
0 0.48 0.47 0.19333333 0.0275
0 0.75666667 0.426875 0.2 0.02875
0 0.475 0.421875 0.18666667 0.02625
0 0.75166667 0.376875 0.18333333 0.02625
0 0.47166667 0.376875 0.18666667 0.02875
0 0.77083333 0.3275 0.215 0.03
0 0.4625 0.32625 0.17166667 0.0275
0 0.75916667 0.278125 0.18833333 0.03125
0 0.46083333 0.274375 0.17166667 0.02875
0 0.76333333 0.2225 0.19333333 0.0325
0 0.46 0.22 0.17 0.03
0 0.77916667 0.169375 0.21833333 0.03375
0 0.46416667 0.166875 0.185 0.03125
0 0.16666667 0.168125 0.19 0.03625
0 0.185 0.22375 0.21 0.0375
0 0.19583333 0.273125 0.20833333 0.03625
0 0.19916667 0.325 0.215 0.0425
0 0.20583333 0.375625 0.205 0.03625
0 0.21083333 0.424375 0.21833333 0.03625
0 0.20666667 0.469375 0.18666667 0.02875
0 0.22 0.515625 0.2 0.02875
0 0.21416667 0.5575 0.17166667 0.0275
0 0.22083333 0.60125 0.185 0.025
0 0.22 0.645 0.17666667 0.0275
0 0.22916667 0.685 0.18166667 0.03
0 0.24083333 0.723125 0.195 0.02875
0 0.23833333 0.763125 0.17666667 0.02875
0 0.235 0.800625 0.16666667 0.02375
