0 0.27268519 0.19930556 0.16203704 0.03611111
0 0.28518519 0.24270833 0.18888889 0.03125
0 0.3087963 0.29027778 0.22314815 0.03194444
0 0.29907407 0.33611111 0.24814815 0.03333333
0 0.29351852 0.38229167 0.18703704 0.03541667
0 0.29074074 0.42569444 0.19814815 0.03055556
0 0.28564815 0.47881944 0.21944444 0.03125
0 0.28611111 0.52708333 0.20740741 0.025
0 0.28888889 0.57013889 0.20555556 0.02777778
0 0.28564815 0.62777778 0.21018519 0.0375
0 0.52592593 0.19375 0.1962963 0.04166667
0 0.53055556 0.24409722 0.21296296 0.03541667
0 0.53518519 0.29409722 0.19814815 0.03819444
0 0.53935185 0.34027778 0.21203704 0.02916667
0 0.54722222 0.38368056 0.21851852 0.03819444
0 0.55509259 0.43333333 0.225 0.0375
0 0.54074074 0.48159722 0.22407407 0.02986111
0 0.53796296 0.52916667 0.19444444 0.03472222
0 0.53472222 0.575 0.18796296 0.03333333
0 0.55462963 0.62152778 0.21111111 0.03333333
0 0.73657407 0.209375 0.16944444 0.03541667
0 0.74768519 0.25729167 0.18240741 0.03541667
0 0.74537037 0.30243056 0.17962963 0.03125
0 0.7537037 0.34722222 0.18518519 0.03611111
0 0.76296296 0.38923611 0.19444444 0.02986111
0 0.76111111 0.43680556 0.17777778 0.03333333
0 0.75555556 0.47604167 0.16851852 0.04236111
0 0.75740741 0.52916667 0.17962963 0.03333333
0 0.75509259 0.57604167 0.18240741 0.03541667
0 0.75277778 0.62222222 0.15925926 0.03472222
