0 0.225 0.76388889 0.08541667 0.29444444
0 0.3109375 0.75972222 0.07395833 0.30555556
0 0.36927083 0.775 0.06770833 0.28888889
0 0.44166667 0.76180556 0.0625 0.28194444
0 0.51614583 0.77708333 0.05104167 0.2625
0 0.25416667 0.47152778 0.05416667 0.26527778
0 0.51354167 0.47777778 0.04791667 0.23611111
0 0.6375 0.48125 0.05 0.2375
0 0.61822917 0.23055556 0.046875 0.21666667
0 0.56666667 0.23263889 0.04791667 0.21805556
0 0.5109375 0.23680556 0.046875 0.21805556
0 0.45572917 0.22361111 0.046875 0.21666667
0 0.39375 0.21666667 0.04791667 0.21666667
0 0.33958333 0.21736111 0.04791667 0.21527778
0 0.27916667 0.20694444 0.04791667 0.21666667
0 0.4546875 0.46944444 0.04895833 0.23611111
0 0.39010417 0.46527778 0.04895833 0.23611111
0 0.32291667 0.46944444 0.05 0.23611111
0 0.57604167 0.49097222 0.05 0.2375
0 0.78489583 0.24375 0.04895833 0.21805556
0 0.72447917 0.25208333 0.04895833 0.21805556
0 0.67447917 0.24513889 0.04895833 0.21805556
0 0.809375 0.48125 0.05208333 0.2375
0 0.74739583 0.48541667 0.05104167 0.2375
0 0.69270833 0.48958333 0.05 0.2375
0 0.71614583 0.77847222 0.053125 0.2625
0 0.65052083 0.77569444 0.053125 0.2625
0 0.57864583 0.77708333 0.05104167 0.2625
0 0.84583333 0.77986111 0.05416667 0.2625
0 0.78333333 0.775 0.05833333 0.27777778
