0 0.8225 0.749375 0.305 0.04375
0 0.5175 0.743125 0.305 0.04375
0 0.20416667 0.734375 0.305 0.04125
0 0.84416667 0.6825 0.305 0.045
0 0.515 0.678125 0.30333333 0.04375
0 0.205 0.673125 0.30333333 0.04125
0 0.84333333 0.616875 0.30333333 0.04625
0 0.51666667 0.615625 0.30333333 0.04375
0 0.20166667 0.611875 0.30333333 0.04125
0 0.8275 0.55125 0.30166667 0.045
0 0.51666667 0.55 0.30333333 0.0425
0 0.20083333 0.54875 0.30166667 0.0425
0 0.20083333 0.4875 0.30166667 0.0425
0 0.515 0.48625 0.3 0.0425
0 0.8425 0.48375 0.30166667 0.0475
0 0.1975 0.424375 0.30166667 0.04125
0 0.515 0.421875 0.3 0.04375
0 0.83833333 0.419375 0.3 0.04375
0 0.19666667 0.3625 0.3 0.0425
0 0.50833333 0.3575 0.3 0.0425
0 0.83833333 0.3525 0.3 0.0425
0 0.19416667 0.29875 0.29833333 0.0425
0 0.50833333 0.29375 0.3 0.0425
0 0.83666667 0.28625 0.3 0.0425
0 0.1925 0.235 0.29833333 0.0425
0 0.50666667 0.22875 0.29666667 0.0425
0 0.83416667 0.21875 0.29833333 0.045
0 0.18916667 0.17125 0.29833333 0.0425
0 0.50666667 0.165 0.29666667 0.0425
0 0.835 0.155 0.29666667 0.0425
