0 0.8 0.57625 0.25 0.0325
0 0.505 0.571875 0.27333333 0.03125
0 0.19333333 0.571875 0.27333333 0.03625
0 0.49666667 0.5275 0.26 0.03
0 0.82083333 0.53125 0.28833333 0.0325
0 0.17333333 0.48625 0.25333333 0.0325
0 0.49666667 0.48625 0.26333333 0.035
0 0.81666667 0.48625 0.27666667 0.04
0 0.82333333 0.44125 0.28666667 0.0325
0 0.5 0.440625 0.26666667 0.03375
0 0.17333333 0.441875 0.26 0.03125
0 0.18666667 0.39875 0.29 0.035
0 0.49333333 0.39875 0.26666667 0.0325
0 0.82166667 0.395 0.27666667 0.035
0 0.83416667 0.345 0.30166667 0.035
0 0.48916667 0.35 0.25833333 0.035
0 0.17333333 0.3525 0.27 0.035
0 0.17833333 0.305 0.29333333 0.035
0 0.83916667 0.2975 0.305 0.03
0 0.505 0.3025 0.29 0.0425
0 0.1725 0.25625 0.30166667 0.0375
0 0.84333333 0.24625 0.31 0.035
0 0.50166667 0.25375 0.28666667 0.04
0 0.16583333 0.208125 0.28833333 0.03875
0 0.48916667 0.201875 0.26833333 0.03625
0 0.845 0.198125 0.30666667 0.03375
0 0.165 0.15875 0.30333333 0.04
0 0.50333333 0.15375 0.30333333 0.0375
0 0.8475 0.1425 0.30166667 0.04
0 0.18 0.526875 0.26 0.03375
