0 0.75583333 0.613125 0.225 0.03625
0 0.76083333 0.560625 0.21166667 0.03875
0 0.75916667 0.51125 0.20833333 0.0375
0 0.22916667 0.465625 0.22833333 0.04125
0 0.48666667 0.460625 0.21333333 0.03625
0 0.75916667 0.46625 0.215 0.05
0 0.75583333 0.409375 0.215 0.03625
0 0.2225 0.409375 0.215 0.03875
0 0.49 0.405625 0.21666667 0.04875
0 0.74583333 0.360625 0.19833333 0.03875
0 0.455 0.358125 0.14 0.03625
0 0.22833333 0.355625 0.22666667 0.03625
0 0.745 0.315 0.19666667 0.0375
0 0.49333333 0.305 0.21666667 0.035
0 0.225 0.3025 0.21333333 0.04
0 0.74166667 0.264375 0.2 0.03625
0 0.48833333 0.2575 0.20666667 0.0375
0 0.225 0.2525 0.21333333 0.035
0 0.74333333 0.218125 0.20333333 0.03625
0 0.48833333 0.208125 0.21666667 0.03625
0 0.2225 0.201875 0.205 0.03375
0 0.48 0.158125 0.19333333 0.03125
0 0.225 0.155625 0.21 0.04125
0 0.74416667 0.16625 0.20833333 0.04
0 0.22583333 0.51375 0.22166667 0.0375
0 0.2225 0.566875 0.22166667 0.03875
0 0.22083333 0.621875 0.22166667 0.03875
0 0.495 0.51 0.22333333 0.0375
0 0.50166667 0.564375 0.22333333 0.03875
0 0.505 0.618125 0.22333333 0.03875
