0 0.23518519 0.08680556 0.20555556 0.04027778
0 0.23611111 0.140625 0.21296296 0.04097222
0 0.22777778 0.20173611 0.20925926 0.04375
0 0.22916667 0.25625 0.20092593 0.04166667
0 0.22685185 0.31180556 0.20555556 0.04722222
0 0.21898148 0.36631944 0.20092593 0.04513889
0 0.21851852 0.42847222 0.1962963 0.03888889
0 0.21898148 0.48680556 0.21574074 0.04027778
0 0.21388889 0.55173611 0.19814815 0.04236111
0 0.21064815 0.61041667 0.20648148 0.04166667
0 0.2287037 0.67430556 0.2537037 0.04027778
0 0.2212963 0.734375 0.24259259 0.04930556
0 0.21111111 0.803125 0.23518519 0.04791667
0 0.2 0.86666667 0.22222222 0.04583333
0 0.21203704 0.93715278 0.24074074 0.05486111
0 0.53657407 0.07708333 0.21574074 0.05138889
0 0.51712963 0.14131944 0.19166667 0.04097222
0 0.53101852 0.19444444 0.21759259 0.03472222
0 0.53194444 0.25416667 0.21944444 0.04444444
0 0.52777778 0.31354167 0.19444444 0.03958333
0 0.53842593 0.37743056 0.21944444 0.04930556
0 0.51759259 0.43402778 0.16851852 0.04027778
0 0.53611111 0.49166667 0.23333333 0.04444444
0 0.53703704 0.55243056 0.22222222 0.04930556
0 0.53842593 0.61041667 0.22685185 0.04305556
0 0.5375 0.67534722 0.2287037 0.04375
0 0.54074074 0.74131944 0.2462963 0.05208333
0 0.52824074 0.80763889 0.225 0.05
0 0.5287037 0.87222222 0.21851852 0.04166667
0 0.54212963 0.93784722 0.24907407 0.05069444
0 0.83981481 0.08090278 0.21851852 0.04097222
0 0.82407407 0.13611111 0.18333333 0.04444444
0 0.84583333 0.19375 0.22314815 0.04027778
0 0.81157407 0.24791667 0.16574074 0.04166667
0 0.83425926 0.31388889 0.19444444 0.04166667
0 0.82361111 0.37326389 0.18981481 0.04652778
0 0.85833333 0.43472222 0.25555556 0.03888889
0 0.8375 0.49166667 0.21018519 0.04305556
0 0.8462963 0.54479167 0.22777778 0.04513889
0 0.84953704 0.61388889 0.21203704 0.04166667
0 0.85 0.67326389 0.2462963 0.04652778
0 0.85092593 0.74409722 0.23148148 0.05347222
0 0.85231481 0.80763889 0.21944444 0.04444444
0 0.8587963 0.87048611 0.2212963 0.05347222
0 0.8662037 0.934375 0.24907407 0.05763889
