0 0.207125 0.14708029 0.22325 0.03284672
0 0.196625 0.19525547 0.19575 0.03211679
0 0.221125 0.24124088 0.25275 0.03211679
0 0.207375 0.29160584 0.23625 0.03065693
0 0.206625 0.33649635 0.23725 0.03284672
0 0.20075 0.39051095 0.239 0.03065693
0 0.195625 0.44142336 0.23675 0.03248175
0 0.174125 0.49525547 0.21175 0.03357664
0 0.1875 0.55109489 0.225 0.0379562
0 0.179 0.60310219 0.2195 0.03467153
0 0.158 0.65875912 0.21 0.03649635
0 0.157625 0.7189781 0.21725 0.03868613
0 0.485375 0.13321168 0.21675 0.03357664
0 0.475625 0.18193431 0.18575 0.03175182
0 0.49175 0.23229927 0.2215 0.03321168
0 0.49375 0.2850365 0.215 0.02846715
0 0.49375 0.33138686 0.2305 0.03649635
0 0.49325 0.38357664 0.222 0.03138686
0 0.49675 0.43667883 0.227 0.03321168
0 0.515 0.48832117 0.2635 0.03138686
0 0.77325 0.12317518 0.201 0.03321168
0 0.792 0.17189781 0.227 0.03649635
0 0.78775 0.22372263 0.215 0.03138686
0 0.7835 0.27335766 0.219 0.03065693
0 0.792625 0.32335766 0.22175 0.03649635
0 0.784875 0.38010949 0.19675 0.0310219
0 0.8115 0.42974453 0.239 0.03540146
0 0.817875 0.48832117 0.25175 0.04160584
0 0.51125 0.54361314 0.2495 0.03686131
0 0.50475 0.60091241 0.239 0.03467153
0 0.4845 0.66058394 0.2235 0.03430657
0 0.495 0.71678832 0.252 0.04160584
0 0.49525 0.77554745 0.257 0.03868613
0 0.509125 0.84014599 0.27575 0.0379562
0 0.513875 0.90127737 0.28375 0.03759124
0 0.14825 0.7810219 0.213 0.04452555
0 0.157375 0.84160584 0.24375 0.0379562
0 0.1575 0.9020073 0.248 0.03905109
0 0.81825 0.5439781 0.242 0.03467153
0 0.82775 0.60456204 0.259 0.03905109
0 0.825375 0.66167883 0.27225 0.03868613
0 0.83875 0.72372263 0.281 0.04306569
0 0.84325 0.78467153 0.2925 0.04233577
0 0.830875 0.84416058 0.27225 0.03576642
0 0.8295 0.90456204 0.2415 0.03759124
