0 0.18166667 0.66 0.20333333 0.0475
0 0.19083333 0.598125 0.22166667 0.04625
0 0.18833333 0.540625 0.20666667 0.04125
0 0.19416667 0.48 0.21833333 0.04
0 0.19166667 0.4275 0.20333333 0.0425
0 0.19083333 0.366875 0.19166667 0.04875
0 0.49 0.360625 0.21666667 0.05125
0 0.19666667 0.308125 0.19666667 0.03625
0 0.49166667 0.305625 0.22333333 0.03875
0 0.21666667 0.249375 0.22333333 0.03875
0 0.80333333 0.25375 0.26 0.0425
0 0.77666667 0.196875 0.21 0.03625
0 0.21333333 0.19625 0.22 0.0375
0 0.47583333 0.19375 0.18833333 0.0375
0 0.21083333 0.143125 0.21166667 0.03625
0 0.79333333 0.14125 0.23333333 0.045
0 0.49666667 0.13875 0.22 0.0525
0 0.49166667 0.246875 0.23 0.05375
0 0.495 0.423125 0.22 0.05125
0 0.495 0.483125 0.23 0.05375
0 0.49666667 0.538125 0.23333333 0.05625
0 0.49 0.595625 0.23333333 0.05625
0 0.485 0.6525 0.23666667 0.0575
0 0.7975 0.31125 0.26166667 0.0425
0 0.78833333 0.366875 0.26333333 0.04375
0 0.7925 0.425 0.265 0.045
0 0.7875 0.4825 0.26833333 0.045
0 0.8 0.535625 0.27 0.05125
0 0.80083333 0.598125 0.27166667 0.05125
0 0.79583333 0.665 0.275 0.0525
