0 0.18899457 0.38951553 0.21820652 0.04160503
0 0.19932065 0.43528107 0.22961957 0.04252959
0 0.20230978 0.47827293 0.22472826 0.0379068
0 0.19402174 0.52126479 0.21630435 0.03254438
0 0.20788043 0.56823225 0.22228261 0.03883136
0 0.2013587 0.61945266 0.2298913 0.04659763
0 0.20081522 0.67122781 0.21521739 0.05251479
0 0.2017663 0.7245747 0.22309783 0.03975592
0 0.19972826 0.78245192 0.24130435 0.04049556
0 0.19959239 0.84744822 0.25190217 0.0443787
0 0.43152174 0.38091716 0.19728261 0.05029586
0 0.43396739 0.43158284 0.19456522 0.03957101
0 0.44225543 0.47198595 0.19538043 0.02977071
0 0.45706522 0.51839867 0.20652174 0.03827663
0 0.46100543 0.56323964 0.21983696 0.03883136
0 0.46820652 0.61492234 0.23097826 0.04012574
0 0.47146739 0.66623521 0.22391304 0.03217456
0 0.47649457 0.71764053 0.23070652 0.04511834
0 0.51331522 0.77718195 0.25217391 0.04696746
0 0.51915761 0.83570636 0.25407609 0.0493713
0 0.67391304 0.40153476 0.20706522 0.04308432
0 0.66793478 0.44572855 0.19130435 0.03642751
0 0.68777174 0.48446746 0.18967391 0.04585799
0 0.6919837 0.52930843 0.19646739 0.03088018
0 0.71372283 0.56878698 0.20570652 0.03365385
0 0.72432065 0.61658654 0.19103261 0.0493713
0 0.73913043 0.66780695 0.2173913 0.02755178
0 0.74116848 0.70996672 0.19646739 0.04086538
0 0.75747283 0.75878328 0.20625 0.03827663
0 0.76861413 0.8174926 0.19809783 0.04955621
