0 0.745 0.676875 0.23666667 0.03375
0 0.4825 0.67 0.22166667 0.03
0 0.23583333 0.66625 0.235 0.03
0 0.74333333 0.63375 0.23 0.03
0 0.2275 0.623125 0.22833333 0.03125
0 0.49083333 0.62375 0.23833333 0.035
0 0.75583333 0.586875 0.25166667 0.03125
0 0.76083333 0.540625 0.25166667 0.03125
0 0.76583333 0.493125 0.255 0.03375
0 0.21833333 0.486875 0.24333333 0.03125
0 0.49 0.48625 0.25 0.0425
0 0.21333333 0.43375 0.25 0.0325
0 0.77166667 0.44 0.26 0.0325
0 0.49 0.43375 0.25333333 0.0425
0 0.48583333 0.38375 0.245 0.03
0 0.7825 0.3875 0.26833333 0.04
0 0.2125 0.381875 0.26166667 0.03375
0 0.49333333 0.33375 0.26333333 0.035
0 0.79 0.32625 0.27 0.0375
0 0.19833333 0.3325 0.25333333 0.04
0 0.1875 0.27625 0.24166667 0.035
0 0.79666667 0.26875 0.27666667 0.0425
0 0.48916667 0.27125 0.27166667 0.04
0 0.48916667 0.214375 0.27166667 0.04125
0 0.17833333 0.214375 0.24 0.04375
0 0.80416667 0.209375 0.28166667 0.04125
0 0.49333333 0.5325 0.24 0.0325
0 0.49083333 0.580625 0.24166667 0.02875
0 0.225 0.5325 0.24 0.03
0 0.2275 0.57875 0.235 0.03
