0 0.32785326 0.29696746 0.2111413 0.0362426
0 0.33328804 0.33783284 0.21277174 0.03217456
0 0.33274457 0.37481509 0.20190217 0.03698225
0 0.33192935 0.42132027 0.22092391 0.03494822
0 0.33342391 0.46468195 0.22065217 0.0362426
0 0.31752717 0.50684172 0.22907609 0.04289941
0 0.32826087 0.55177515 0.25869565 0.03772189
0 0.31793478 0.59985207 0.23097826 0.03772189
0 0.30190217 0.64386095 0.25 0.03883136
0 0.30258152 0.6916605 0.26983696 0.04789201
0 0.57133152 0.2985392 0.1888587 0.04974112
0 0.57703804 0.34338018 0.19048913 0.02810651
0 0.57649457 0.38415311 0.20679348 0.03716716
0 0.57540761 0.42788462 0.20733696 0.02810651
0 0.57418478 0.46782544 0.20163043 0.03143491
0 0.56983696 0.5098003 0.2173913 0.0329142
0 0.57404891 0.55242234 0.19809783 0.03383876
0 0.5638587 0.59754068 0.2076087 0.03014053
0 0.56684783 0.63840607 0.21684783 0.03568787
0 0.5673913 0.69276997 0.22391304 0.03975592
0 0.77717391 0.31397929 0.15 0.03180473
0 0.78845109 0.3535503 0.19646739 0.03254438
0 0.78532609 0.39284393 0.16630435 0.0345784
0 0.79932065 0.42890163 0.20027174 0.02718195
0 0.79538043 0.46754808 0.17880435 0.03051036
0 0.79959239 0.50785873 0.18451087 0.02681213
0 0.79986413 0.54595044 0.19755435 0.03568787
0 0.79293478 0.58468935 0.19891304 0.03365385
0 0.79442935 0.62148669 0.1888587 0.03180473
0 0.8 0.67871672 0.20217391 0.04530325
