0 0.13125 0.39774408 0.17608696 0.03550296
0 0.1298913 0.44008876 0.16684783 0.03143491
0 0.13505435 0.48012204 0.17336957 0.02570266
0 0.14048913 0.52394601 0.17934783 0.02718195
0 0.13913043 0.56277737 0.17065217 0.03901627
0 0.13709239 0.60798817 0.17907609 0.03735207
0 0.15013587 0.65144231 0.2111413 0.03883136
0 0.13478261 0.69609837 0.15923913 0.03125
0 0.13940217 0.74436021 0.16630435 0.03309911
0 0.13179348 0.78504068 0.14293478 0.03346893
0 0.42798913 0.38100962 0.21086957 0.02755178
0 0.43084239 0.42659024 0.21766304 0.03032544
0 0.440625 0.46911982 0.2388587 0.03550296
0 0.44592391 0.51821376 0.2326087 0.03383876
0 0.43084239 0.56194527 0.25027174 0.03328402
0 0.44565217 0.60863536 0.22065217 0.04567308
0 0.4486413 0.65763683 0.24130435 0.03642751
0 0.45108696 0.70451183 0.23423913 0.04252959
0 0.45529891 0.74815089 0.23342391 0.03735207
0 0.45611413 0.79465607 0.24429348 0.04530325
0 0.721875 0.37546228 0.21603261 0.04234467
0 0.72554348 0.42381657 0.23804348 0.04031065
0 0.74347826 0.46782544 0.24891304 0.03550296
0 0.74116848 0.52080251 0.25951087 0.03901627
0 0.74442935 0.56323964 0.25027174 0.0329142
0 0.75394022 0.61011464 0.25407609 0.03531805
0 0.75203804 0.65763683 0.25679348 0.03642751
0 0.7611413 0.70515902 0.25543478 0.0345784
0 0.76263587 0.7508321 0.25679348 0.03938609
0 0.75529891 0.79863166 0.2513587 0.03735207
