0 0.440625 0.94255569 0.18125 0.03282532
0 0.12734375 0.94255569 0.1984375 0.03282532
0 0.7578125 0.88159437 0.19375 0.03282532
0 0.47109375 0.88042204 0.2328125 0.03282532
0 0.13828125 0.88042204 0.1953125 0.03516999
0 0.76015625 0.82004689 0.2015625 0.03634232
0 0.45703125 0.81887456 0.2046875 0.03399766
0 0.14375 0.81887456 0.203125 0.03165299
0 0.75390625 0.75967175 0.1921875 0.03048066
0 0.465625 0.75791325 0.215625 0.03165299
0 0.165625 0.75791325 0.240625 0.03165299
0 0.753125 0.69988277 0.1875 0.03048066
0 0.4546875 0.69988277 0.196875 0.03282532
0 0.1453125 0.69871043 0.234375 0.03048066
0 0.77578125 0.64185229 0.2421875 0.02930832
0 0.4515625 0.64185229 0.18125 0.02930832
0 0.16015625 0.64185229 0.2109375 0.02930832
0 0.75390625 0.58616647 0.1953125 0.03048066
0 0.46171875 0.58616647 0.1984375 0.03048066
0 0.14140625 0.58499414 0.1640625 0.02813599
0 0.7578125 0.53106682 0.203125 0.03048066
0 0.4640625 0.53106682 0.2 0.02579132
0 0.15 0.52989449 0.1625 0.02813599
0 0.74609375 0.47713951 0.1828125 0.03048066
0 0.4671875 0.47713951 0.203125 0.02813599
0 0.184375 0.47596717 0.21875 0.02813599
0 0.7296875 0.42379836 0.159375 0.02696366
0 0.45078125 0.42321219 0.1703125 0.02813599
0 0.18203125 0.42321219 0.2078125 0.02813599
0 0.7703125 0.37221571 0.234375 0.02696366
0 0.46953125 0.37162954 0.2015625 0.02579132
0 0.175 0.37045721 0.190625 0.02579132
0 0.7421875 0.32121923 0.234375 0.02813599
0 0.47265625 0.32063306 0.2046875 0.02696366
0 0.16953125 0.32004689 0.1703125 0.02579132
0 0.740625 0.27080891 0.221875 0.02579132
0 0.465625 0.27080891 0.190625 0.02579132
0 0.17109375 0.26963658 0.1671875 0.02579132
0 0.7515625 0.22215709 0.20625 0.02930832
0 0.4671875 0.22098476 0.190625 0.02930832
0 0.18203125 0.22098476 0.1796875 0.02696366
0 0.7359375 0.17291911 0.184375 0.02696366
0 0.46953125 0.17116061 0.1890625 0.02579132
0 0.190625 0.17233294 0.19375 0.02813599
0 0.78046875 0.94548652 0.2390625 0.03868699
