0 0.20166667 0.695 0.24666667 0.0525
0 0.79166667 0.6525 0.26333333 0.045
0 0.19833333 0.63875 0.23 0.0425
0 0.79 0.596875 0.24666667 0.03875
0 0.2 0.581875 0.22666667 0.04375
0 0.78666667 0.535625 0.24 0.04625
0 0.49 0.528125 0.24333333 0.04125
0 0.2025 0.526875 0.225 0.04375
0 0.78583333 0.473125 0.23833333 0.04375
0 0.49 0.46875 0.24 0.04
0 0.20583333 0.46875 0.22833333 0.04
0 0.78333333 0.41375 0.24 0.035
0 0.21 0.41 0.22666667 0.035
0 0.485 0.4125 0.23 0.04
0 0.21333333 0.351875 0.22333333 0.03625
0 0.48833333 0.355625 0.23333333 0.03875
0 0.4475 0.298125 0.14833333 0.03125
0 0.21166667 0.300625 0.22 0.03375
0 0.77833333 0.30125 0.22 0.045
0 0.21583333 0.243125 0.21833333 0.03875
0 0.48833333 0.240625 0.23 0.03625
0 0.77916667 0.243125 0.215 0.04125
0 0.21583333 0.19 0.215 0.035
0 0.48833333 0.189375 0.22666667 0.04125
0 0.77583333 0.185 0.21166667 0.04
0 0.48333333 0.588125 0.24333333 0.05125
0 0.49 0.6475 0.24666667 0.0525
0 0.48916667 0.7075 0.255 0.0525
0 0.7925 0.715 0.25833333 0.055
0 0.78333333 0.356875 0.22333333 0.03875
