0 0.51833333 0.65125 0.27333333 0.0425
0 0.21166667 0.64875 0.23 0.05
0 0.19833333 0.586875 0.20666667 0.04375
0 0.20916667 0.530625 0.225 0.04375
0 0.52 0.530625 0.27 0.04625
0 0.50833333 0.47 0.24666667 0.04
0 0.50333333 0.420625 0.23666667 0.05875
0 0.21 0.36125 0.22 0.05
0 0.495 0.361875 0.22 0.04375
0 0.225 0.30375 0.25 0.0425
0 0.49666667 0.3 0.21333333 0.04
0 0.21583333 0.24875 0.22833333 0.045
0 0.51833333 0.241875 0.26 0.03875
0 0.7775 0.1875 0.20833333 0.0375
0 0.2225 0.190625 0.23833333 0.04375
0 0.495 0.188125 0.21666667 0.05375
0 0.22583333 0.133125 0.23833333 0.04625
0 0.78333333 0.126875 0.22333333 0.03875
0 0.20666667 0.41875 0.22333333 0.0525
0 0.2025 0.46875 0.225 0.0525
0 0.515 0.133125 0.25666667 0.04875
0 0.5325 0.594375 0.29833333 0.05375
0 0.78416667 0.241875 0.20833333 0.03875
0 0.79166667 0.29875 0.21666667 0.0425
0 0.78833333 0.351875 0.21 0.05625
0 0.785 0.410625 0.21333333 0.05625
0 0.78416667 0.470625 0.215 0.05625
0 0.79 0.533125 0.21666667 0.05875
0 0.80833333 0.591875 0.23666667 0.05875
0 0.80166667 0.65 0.24 0.06
