0 0.19027778 0.12777778 0.20277778 0.03472222
0 0.18101852 0.17361111 0.19907407 0.04444444
0 0.18009259 0.22430556 0.22314815 0.04027778
0 0.18287037 0.28090278 0.23425926 0.05208333
0 0.18287037 0.32673611 0.24722222 0.03680556
0 0.18888889 0.37291667 0.25740741 0.03611111
0 0.16527778 0.43819444 0.23240741 0.04166667
0 0.13472222 0.49236111 0.18796296 0.04583333
0 0.13703704 0.54375 0.20555556 0.05277778
0 0.15648148 0.59895833 0.25555556 0.04930556
0 0.15555556 0.66840278 0.28148148 0.05486111
0 0.13148148 0.73888889 0.23888889 0.04305556
0 0.13657407 0.80069444 0.27314815 0.05138889
0 0.13240741 0.87986111 0.26481481 0.0625
0 0.13101852 0.94236111 0.26203704 0.05138889
0 0.48657407 0.13055556 0.21759259 0.03194444
0 0.47916667 0.18090278 0.21574074 0.03125
0 0.48009259 0.22256944 0.21759259 0.04236111
0 0.47824074 0.278125 0.23055556 0.03819444
0 0.46527778 0.33125 0.20277778 0.03333333
0 0.47824074 0.37986111 0.23425926 0.04166667
0 0.48564815 0.43923611 0.26018519 0.04236111
0 0.46296296 0.50277778 0.21296296 0.05833333
0 0.48009259 0.56354167 0.25648148 0.06180556
0 0.49166667 0.61805556 0.28333333 0.04027778
0 0.47962963 0.66840278 0.2462963 0.04791667
0 0.48564815 0.73333333 0.26759259 0.05416667
0 0.47592593 0.79965278 0.27407407 0.04652778
0 0.46990741 0.86145833 0.26759259 0.04375
0 0.47962963 0.91875 0.28333333 0.06805556
0 0.76712963 0.134375 0.22314815 0.04791667
0 0.77407407 0.184375 0.2462963 0.03958333
0 0.77175926 0.23611111 0.23611111 0.03611111
0 0.80231481 0.28194444 0.29907407 0.04444444
0 0.76435185 0.33055556 0.21574074 0.04861111
0 0.80092593 0.38923611 0.28703704 0.04236111
0 0.79768519 0.44097222 0.28055556 0.04166667
0 0.77916667 0.49166667 0.23611111 0.05694444
0 0.7875 0.54722222 0.23981481 0.04305556
0 0.79351852 0.61666667 0.25 0.05138889
0 0.78564815 0.665625 0.22685185 0.04375
0 0.80138889 0.72881944 0.24722222 0.04375
0 0.78611111 0.78854167 0.22777778 0.04930556
0 0.80185185 0.84548611 0.24444444 0.05902778
0 0.8375 0.91736111 0.31388889 0.06666667
