0 0.27921196 0.2598003 0.21766304 0.04178994
0 0.28396739 0.30094305 0.23858696 0.03309911
0 0.27663043 0.34559911 0.24673913 0.04252959
0 0.25855978 0.39182692 0.22744565 0.04363905
0 0.25896739 0.43537352 0.24293478 0.0427145
0 0.26005435 0.47901257 0.23586957 0.03642751
0 0.25421196 0.52912352 0.22038043 0.03864645
0 0.24266304 0.56980399 0.2625 0.04567308
0 0.23383152 0.62213388 0.23016304 0.04456361
0 0.23220109 0.67224482 0.21820652 0.03827663
0 0.55067935 0.26636464 0.20353261 0.03235947
0 0.54184783 0.30759985 0.22663043 0.03716716
0 0.54538043 0.34883506 0.23315217 0.03494822
0 0.52758152 0.39182692 0.22853261 0.04733728
0 0.54279891 0.44203033 0.22961957 0.0427145
0 0.52961957 0.48668639 0.23097826 0.0362426
0 0.51820652 0.53254438 0.22717391 0.03513314
0 0.51236413 0.57701553 0.22092391 0.04123521
0 0.49891304 0.62296598 0.2625 0.03661243
0 0.51413043 0.67085799 0.28043478 0.0443787
0 0.7486413 0.27921598 0.14076087 0.05066568
0 0.75108696 0.32267012 0.1375 0.03476331
0 0.75421196 0.3618713 0.14592391 0.03328402
0 0.75285326 0.4037537 0.16440217 0.03272929
0 0.75122283 0.45201553 0.18288043 0.04308432
0 0.76399457 0.48909024 0.18994565 0.03661243
0 0.7642663 0.53504068 0.16929348 0.03864645
0 0.73736413 0.57747781 0.16440217 0.0329142
0 0.75557065 0.6216716 0.17961957 0.03217456
0 0.74089674 0.66706731 0.16929348 0.03975592
