0 0.25972222 0.23506944 0.17314815 0.02986111
0 0.27222222 0.27708333 0.17407407 0.03472222
0 0.25277778 0.32013889 0.20925926 0.03055556
0 0.26111111 0.365625 0.18888889 0.03125
0 0.24490741 0.40659722 0.16203704 0.03680556
0 0.24675926 0.45451389 0.20462963 0.03402778
0 0.25231481 0.50069444 0.19537037 0.03055556
0 0.25324074 0.55173611 0.17314815 0.03125
0 0.2587963 0.60173611 0.20462963 0.03402778
0 0.26018519 0.64965278 0.20185185 0.03263889
0 0.47777778 0.22881944 0.19074074 0.03541667
0 0.47962963 0.27361111 0.18333333 0.02638889
0 0.47407407 0.31423611 0.18703704 0.03402778
0 0.48703704 0.36006944 0.18703704 0.03125
0 0.47777778 0.40381944 0.18518519 0.03263889
0 0.48981481 0.45104167 0.18148148 0.02708333
0 0.49259259 0.49861111 0.19444444 0.03055556
0 0.50277778 0.54409722 0.21481481 0.03402778
0 0.50555556 0.59479167 0.21111111 0.02847222
0 0.50462963 0.646875 0.2037037 0.03819444
0 0.68981481 0.228125 0.16481481 0.02569444
0 0.7037037 0.27083333 0.18888889 0.02916667
0 0.71388889 0.31354167 0.17592593 0.03125
0 0.71111111 0.35729167 0.19444444 0.02569444
0 0.7087963 0.40381944 0.19351852 0.03541667
0 0.71342593 0.446875 0.19907407 0.03541667
0 0.71805556 0.49027778 0.19166667 0.025
0 0.7375 0.53993056 0.19166667 0.02569444
0 0.73101852 0.58993056 0.19351852 0.02986111
0 0.74537037 0.63784722 0.1962963 0.03541667
