0 0.1675 0.579375 0.245 0.03375
0 0.50833333 0.57625 0.24333333 0.0325
0 0.845 0.57625 0.23666667 0.04
0 0.85 0.5325 0.23666667 0.0325
0 0.52166667 0.53375 0.27666667 0.035
0 0.16666667 0.53 0.25 0.0325
0 0.52 0.4825 0.27333333 0.0325
0 0.85833333 0.48875 0.25666667 0.03
0 0.16166667 0.485 0.25 0.035
0 0.51333333 0.438125 0.25333333 0.03375
0 0.86166667 0.440625 0.26 0.03625
0 0.165 0.440625 0.26333333 0.03625
0 0.86666667 0.395 0.26333333 0.0325
0 0.51333333 0.39 0.26 0.0425
0 0.15666667 0.39 0.25666667 0.04
0 0.86666667 0.34625 0.26333333 0.0375
0 0.515 0.34375 0.26333333 0.0325
0 0.15166667 0.34375 0.26 0.0325
0 0.86916667 0.30125 0.25833333 0.0325
0 0.51 0.29375 0.26 0.0375
0 0.15083333 0.2975 0.25833333 0.035
0 0.87 0.2525 0.25666667 0.0325
0 0.50916667 0.24625 0.25833333 0.035
0 0.14916667 0.240625 0.27166667 0.03875
0 0.87083333 0.200625 0.255 0.03625
0 0.50916667 0.195625 0.26166667 0.03375
0 0.14916667 0.18875 0.275 0.045
0 0.8725 0.1525 0.25166667 0.035
0 0.51166667 0.145625 0.27 0.03375
0 0.1475 0.13875 0.27833333 0.04
