0 0.35353261 0.41392382 0.15217391 0.0279216
0 0.35326087 0.44859467 0.13913043 0.0262574
0 0.35394022 0.48335799 0.14103261 0.02366864
0 0.35652174 0.52098743 0.17880435 0.02607249
0 0.36182065 0.55491864 0.17092391 0.02218935
0 0.34470109 0.59698595 0.17038043 0.02940089
0 0.34375 0.63859098 0.18043478 0.03531805
0 0.35706522 0.67982618 0.18315217 0.03125
0 0.35828804 0.73197115 0.22092391 0.04234467
0 0.35951087 0.77403846 0.22065217 0.03513314
0 0.55570652 0.41068787 0.14184783 0.03217456
0 0.55747283 0.44757766 0.15190217 0.02681213
0 0.56847826 0.47965976 0.17391304 0.03254438
0 0.57472826 0.52413092 0.16195652 0.03088018
0 0.56589674 0.56148299 0.18233696 0.03383876
0 0.57894022 0.60188609 0.18777174 0.03846154
0 0.58125 0.64007027 0.16195652 0.03272929
0 0.5830163 0.68278476 0.17201087 0.04049556
0 0.59605978 0.73280325 0.20027174 0.04068047
0 0.59279891 0.78014053 0.19646739 0.04031065
0 0.76725543 0.41928624 0.1513587 0.03235947
0 0.77119565 0.45275518 0.15434783 0.02422337
0 0.77853261 0.48474482 0.16684783 0.02644231
0 0.78125 0.52487056 0.15271739 0.03235947
0 0.79375 0.5608358 0.16195652 0.01886095
0 0.78247283 0.59698595 0.17907609 0.03938609
0 0.81086957 0.64330621 0.17880435 0.04326923
0 0.8125 0.68491124 0.18967391 0.03735207
0 0.81277174 0.734375 0.15543478 0.04382396
0 0.81779891 0.78115754 0.20081522 0.04863166
