0 0.17824074 0.06631944 0.22314815 0.05347222
0 0.17916667 0.12638889 0.22685185 0.05277778
0 0.17453704 0.19583333 0.21388889 0.05972222
0 0.17407407 0.26770833 0.22777778 0.04791667
0 0.18055556 0.32951389 0.25185185 0.04513889
0 0.16666667 0.39270833 0.19074074 0.05347222
0 0.15416667 0.45659722 0.18796296 0.05069444
0 0.15509259 0.51944444 0.20648148 0.04861111
0 0.16435185 0.57673611 0.20277778 0.05069444
0 0.15 0.63819444 0.19814815 0.05277778
0 0.15648148 0.70173611 0.21851852 0.04513889
0 0.16666667 0.7625 0.23148148 0.05
0 0.1625 0.83125 0.24351852 0.05694444
0 0.15787037 0.88819444 0.20833333 0.04444444
0 0.15416667 0.94444444 0.21388889 0.0375
0 0.51203704 0.05694444 0.24259259 0.04861111
0 0.49907407 0.13055556 0.22962963 0.04722222
0 0.48055556 0.19548611 0.21481481 0.04513889
0 0.49907407 0.26215278 0.22777778 0.03541667
0 0.48981481 0.33229167 0.21666667 0.04236111
0 0.49351852 0.39826389 0.21851852 0.04375
0 0.5 0.46076389 0.25185185 0.05069444
0 0.46851852 0.525 0.21666667 0.04583333
0 0.47685185 0.59201389 0.21666667 0.05486111
0 0.46851852 0.65138889 0.19814815 0.04444444
0 0.45833333 0.70868056 0.17222222 0.03958333
0 0.46296296 0.77152778 0.2037037 0.05138889
0 0.4662037 0.83194444 0.21018519 0.04027778
0 0.45972222 0.89930556 0.21018519 0.04305556
0 0.47638889 0.95416667 0.23240741 0.04166667
0 0.84953704 0.06006944 0.23055556 0.05625
0 0.83842593 0.13263889 0.21574074 0.05138889
0 0.8375 0.19756944 0.22685185 0.04930556
0 0.8462963 0.26493056 0.25 0.05347222
0 0.83888889 0.33229167 0.24814815 0.04236111
0 0.84027778 0.40798611 0.25277778 0.05208333
0 0.8337963 0.47048611 0.25092593 0.04375
0 0.82546296 0.53715278 0.25648148 0.04791667
0 0.81666667 0.60104167 0.24074074 0.04097222
0 0.81944444 0.67013889 0.25740741 0.05694444
0 0.81111111 0.72638889 0.23703704 0.04305556
0 0.81712963 0.79097222 0.26018519 0.05277778
0 0.8087963 0.85 0.25648148 0.05555556
0 0.79490741 0.91145833 0.23796296 0.04791667
