0 0.2390625 0.73472222 0.059375 0.21111111
0 0.4734375 0.73888889 0.05729167 0.21111111
0 0.41302083 0.73680556 0.05729167 0.20972222
0 0.3625 0.74305556 0.05833333 0.21111111
0 0.22708333 0.47222222 0.05625 0.24722222
0 0.4703125 0.47083333 0.05520833 0.24722222
0 0.4109375 0.46944444 0.05520833 0.24722222
0 0.35 0.47083333 0.05625 0.24722222
0 0.28645833 0.46666667 0.05625 0.24722222
0 0.72135417 0.48194444 0.05729167 0.24722222
0 0.66041667 0.47638889 0.05625 0.24722222
0 0.59375 0.48194444 0.05625 0.24722222
0 0.53385417 0.47638889 0.05520833 0.24722222
0 0.5984375 0.21041667 0.05729167 0.2625
0 0.65625 0.21041667 0.05833333 0.2625
0 0.71041667 0.22013889 0.05833333 0.2625
0 0.76927083 0.22708333 0.059375 0.2625
0 0.4125 0.20138889 0.05833333 0.26388889
0 0.46927083 0.20555556 0.05729167 0.26388889
0 0.53489583 0.21180556 0.05729167 0.2625
0 0.7828125 0.47916667 0.05729167 0.24722222
0 0.309375 0.19722222 0.05833333 0.26388889
0 0.24739583 0.20555556 0.059375 0.26388889
0 0.35833333 0.20138889 0.05833333 0.26388889
0 0.70520833 0.73888889 0.05416667 0.23055556
0 0.65104167 0.73125 0.05416667 0.23194444
0 0.59479167 0.72638889 0.05416667 0.23055556
0 0.52916667 0.73402778 0.05416667 0.23194444
0 0.29947917 0.72777778 0.05520833 0.23055556
0 0.76822917 0.7375 0.05520833 0.23055556
