0 0.23505435 0.24519231 0.21847826 0.03254438
0 0.23994565 0.28873891 0.21413043 0.02607249
0 0.24633152 0.33700074 0.21277174 0.03642751
0 0.24347826 0.38452293 0.22391304 0.03272929
0 0.24646739 0.43149038 0.22282609 0.04049556
0 0.24171196 0.47642382 0.2263587 0.03088018
0 0.24293478 0.51793639 0.2326087 0.03402367
0 0.23831522 0.5641642 0.23586957 0.02921598
0 0.24986413 0.60872781 0.23505435 0.03106509
0 0.24918478 0.65190459 0.23369565 0.04160503
0 0.49361413 0.24047707 0.22581522 0.04456361
0 0.4875 0.28947855 0.22608696 0.0345784
0 0.48505435 0.33339497 0.2201087 0.03180473
0 0.49809783 0.3856324 0.22717391 0.03494822
0 0.49565217 0.42760725 0.23152174 0.03716716
0 0.49809783 0.47346524 0.23206522 0.03420858
0 0.48777174 0.51904586 0.22717391 0.03180473
0 0.48464674 0.56536612 0.21929348 0.03827663
0 0.49388587 0.61057692 0.21277174 0.03661243
0 0.49972826 0.65809911 0.24076087 0.0362426
0 0.72744565 0.25832101 0.20815217 0.0443787
0 0.71440217 0.29317678 0.1826087 0.03235947
0 0.73315217 0.34504438 0.20434783 0.04622781
0 0.72513587 0.38637204 0.20353261 0.03605769
0 0.74171196 0.43389423 0.22744565 0.04530325
0 0.73220109 0.47697855 0.22961957 0.04123521
0 0.73355978 0.52413092 0.20353261 0.03494822
0 0.73247283 0.56860207 0.21277174 0.02921598
0 0.74701087 0.6127034 0.23315217 0.03901627
0 0.75339674 0.65735947 0.22038043 0.03069527
