0 0.20333333 0.9575 0.22 0.04
0 0.51333333 0.943125 0.24333333 0.03375
0 0.785 0.941875 0.24333333 0.03625
0 0.215 0.899375 0.24666667 0.03625
0 0.78083333 0.889375 0.20166667 0.03875
0 0.51666667 0.890625 0.24333333 0.04125
0 0.2075 0.84125 0.235 0.0325
0 0.5 0.83625 0.21666667 0.035
0 0.78583333 0.8375 0.21166667 0.04
0 0.19083333 0.785625 0.20166667 0.03625
0 0.78583333 0.779375 0.21166667 0.03375
0 0.50833333 0.775625 0.23 0.03625
0 0.79416667 0.730625 0.21833333 0.04125
0 0.21583333 0.731875 0.245 0.04375
0 0.20916667 0.675625 0.23166667 0.03875
0 0.8025 0.671875 0.23833333 0.03125
0 0.515 0.668125 0.24 0.03125
0 0.79416667 0.619375 0.21166667 0.03625
0 0.51833333 0.613125 0.24333333 0.03375
0 0.21583333 0.623125 0.24166667 0.04875
0 0.79916667 0.563125 0.21833333 0.03875
0 0.51833333 0.558125 0.24 0.03125
0 0.21583333 0.556875 0.235 0.03125
0 0.80666667 0.5075 0.22666667 0.03
0 0.51666667 0.5025 0.23333333 0.03
0 0.21666667 0.505 0.24 0.04
0 0.7925 0.456875 0.20166667 0.04375
0 0.50166667 0.450625 0.20333333 0.04125
0 0.8025 0.396875 0.205 0.03375
0 0.49833333 0.390625 0.25333333 0.03625
0 0.22083333 0.394375 0.255 0.05375
0 0.8125 0.343125 0.22833333 0.04125
0 0.51166667 0.333125 0.22 0.03125
0 0.2075 0.328125 0.23166667 0.04125
0 0.80083333 0.281875 0.20166667 0.03125
0 0.51333333 0.283125 0.22333333 0.05125
0 0.2125 0.273125 0.235 0.04875
0 0.8125 0.229375 0.22166667 0.04375
0 0.50166667 0.215625 0.19666667 0.03125
0 0.22583333 0.208125 0.26166667 0.03875
0 0.81916667 0.169375 0.225 0.03625
0 0.50166667 0.16 0.19 0.04
0 0.2125 0.14625 0.23833333 0.0375
0 0.2075 0.446875 0.20833333 0.03625
0 0.49333333 0.723125 0.2 0.03625
