0 0.21333333 0.820625 0.05 0.12875
0 0.19916667 0.639375 0.205 0.03875
0 0.19083333 0.58375 0.19833333 0.035
0 0.18833333 0.528125 0.20333333 0.03625
0 0.50333333 0.526875 0.26333333 0.03625
0 0.48583333 0.2975 0.24833333 0.04
0 0.48583333 0.234375 0.24833333 0.04625
0 0.16166667 0.180625 0.21666667 0.03625
0 0.17166667 0.12125 0.24333333 0.0375
0 0.475 0.111875 0.25 0.05125
0 0.78083333 0.09625 0.24833333 0.06
0 0.78166667 0.16 0.26666667 0.0525
0 0.4675 0.17875 0.25166667 0.0525
0 0.16333333 0.246875 0.21333333 0.05375
0 0.78916667 0.224375 0.255 0.04625
0 0.17916667 0.309375 0.23166667 0.04375
0 0.4725 0.35875 0.23166667 0.0425
0 0.8 0.28875 0.26666667 0.045
0 0.77833333 0.3475 0.24333333 0.0425
0 0.77333333 0.4075 0.22666667 0.05
0 0.775 0.464375 0.21666667 0.04125
0 0.17583333 0.360625 0.23166667 0.04625
0 0.185 0.42 0.23666667 0.0475
0 0.19333333 0.47625 0.23 0.04
0 0.4725 0.415625 0.21833333 0.04875
0 0.48333333 0.47 0.24666667 0.0375
0 0.505 0.583125 0.25 0.05375
0 0.50166667 0.64 0.25333333 0.0525
0 0.77833333 0.524375 0.24333333 0.04375
0 0.77916667 0.5775 0.235 0.0325
0 0.78166667 0.6375 0.23666667 0.045
