0 0.2125 0.2 0.19166667 0.03055556
0 0.22916667 0.25277778 0.19722222 0.03333333
0 0.21759259 0.29375 0.19814815 0.02916667
0 0.19398148 0.34375 0.16018519 0.02638889
0 0.20416667 0.38576389 0.18611111 0.02986111
0 0.20925926 0.43645833 0.20555556 0.02986111
0 0.20787037 0.47881944 0.19722222 0.03541667
0 0.1875 0.52951389 0.18796296 0.03541667
0 0.19537037 0.57361111 0.2037037 0.03472222
0 0.20231481 0.62291667 0.21574074 0.03194444
0 0.45 0.18993056 0.1962963 0.04097222
0 0.4462963 0.24513889 0.19074074 0.03472222
0 0.45555556 0.29444444 0.21481481 0.02777778
0 0.43842593 0.33541667 0.18796296 0.03194444
0 0.42824074 0.38645833 0.19907407 0.03402778
0 0.43425926 0.44270833 0.19444444 0.04513889
0 0.43055556 0.48472222 0.18148148 0.03194444
0 0.43425926 0.53020833 0.17777778 0.03125
0 0.43240741 0.57638889 0.19074074 0.03611111
0 0.42824074 0.62465278 0.19351852 0.03263889
0 0.67731481 0.18993056 0.19166667 0.03958333
0 0.66944444 0.23888889 0.17592593 0.03333333
0 0.67083333 0.28680556 0.17685185 0.03333333
0 0.675 0.33819444 0.18888889 0.03333333
0 0.69583333 0.38854167 0.23425926 0.03402778
0 0.68888889 0.43854167 0.24259259 0.03819444
0 0.67361111 0.48611111 0.21203704 0.03333333
0 0.67824074 0.53923611 0.2287037 0.03402778
0 0.68148148 0.58611111 0.22962963 0.04027778
0 0.6662037 0.63680556 0.21018519 0.04444444
