0 0.47259425 0.86028439 0.24181548 0.02678571
0 0.16976687 0.86044974 0.18874008 0.02843915
0 0.46366567 0.81035053 0.22643849 0.03009259
0 0.18613591 0.80654762 0.22693452 0.02910053
0 0.19754464 0.75496032 0.25124008 0.02777778
0 0.45858135 0.75446429 0.21626984 0.02876984
0 0.15984623 0.70072751 0.18824405 0.03108466
0 0.46602183 0.69923942 0.22867063 0.03009259
0 0.7563244 0.64632937 0.22743056 0.03075397
0 0.45672123 0.64583333 0.21304563 0.03042328
0 0.16517857 0.64318783 0.20138889 0.03306878
0 0.17447917 0.5911045 0.2249504 0.02810847
0 0.46701389 0.58994709 0.23611111 0.02843915
0 0.76264881 0.58465608 0.24305556 0.04100529
0 0.73735119 0.54034392 0.19047619 0.03174603
0 0.45089286 0.53406085 0.20039683 0.02910053
0 0.16939484 0.53339947 0.22718254 0.03042328
0 0.45634921 0.47916667 0.20734127 0.0297619
0 0.18216766 0.47916667 0.25124008 0.0297619
0 0.4702381 0.42509921 0.24503968 0.03339947
0 0.16034226 0.4224537 0.21651786 0.0327381
0 0.77095734 0.37202381 0.24875992 0.03373016
0 0.45634921 0.36524471 0.21676587 0.03075397
0 0.14322917 0.36359127 0.18774802 0.02943122
0 0.77269345 0.3166336 0.25272817 0.03472222
0 0.16889881 0.30737434 0.24156746 0.03406085
0 0.75905258 0.25512566 0.21552579 0.03339947
0 0.16294643 0.24751984 0.23511905 0.03075397
0 0.1437252 0.18683862 0.19866071 0.03637566
0 0.12437996 0.13260582 0.16145833 0.03042328
0 0.14285714 0.06828704 0.22619048 0.04464286
0 0.4515129 0.07721561 0.22197421 0.05390212
0 0.47941468 0.14384921 0.27132937 0.05291005
0 0.48846726 0.19477513 0.27207341 0.03373016
0 0.47718254 0.25049603 0.25396825 0.04199735
0 0.4672619 0.30671296 0.23115079 0.04001323
0 0.75731647 0.42642196 0.21800595 0.0380291
0 0.74826389 0.47916667 0.21577381 0.03637566
0 0.77864583 0.70122354 0.27802579 0.03009259
0 0.77467758 0.75181878 0.27901786 0.03869048
0 0.80282738 0.8030754 0.33779762 0.02612434
0 0.80443948 0.85631614 0.328125 0.03472222
0 0.75992063 0.08945106 0.22718254 0.03736772
0 0.74789187 0.14401455 0.19122024 0.03670635
0 0.78844246 0.20188492 0.28224206 0.04265873
