0 0.24791667 0.71388889 0.05833333 0.21944444
0 0.3125 0.72916667 0.04791667 0.26111111
0 0.378125 0.45763889 0.04375 0.23194444
0 0.3703125 0.72916667 0.046875 0.26111111
0 0.259375 0.46527778 0.04583333 0.23333333
0 0.32708333 0.45 0.04375 0.23055556
0 0.39166667 0.22986111 0.04166667 0.20694444
0 0.33541667 0.24027778 0.04166667 0.20833333
0 0.2859375 0.22916667 0.05729167 0.19722222
0 0.55885417 0.24027778 0.040625 0.20833333
0 0.50416667 0.22986111 0.03958333 0.20694444
0 0.45208333 0.23611111 0.03958333 0.20833333
0 0.5578125 0.45902778 0.04270833 0.23194444
0 0.49791667 0.45416667 0.04166667 0.23055556
0 0.44114583 0.45902778 0.04270833 0.23194444
0 0.55625 0.73263889 0.04583333 0.2625
0 0.49010417 0.72361111 0.04479167 0.26111111
0 0.43020833 0.71944444 0.04583333 0.26111111
0 0.67291667 0.23263889 0.04166667 0.20694444
0 0.7265625 0.23888889 0.04270833 0.20833333
0 0.78541667 0.23888889 0.04375 0.20833333
0 0.61354167 0.23472222 0.04166667 0.20833333
0 0.7421875 0.45486111 0.05729167 0.24027778
0 0.67291667 0.45 0.04375 0.23055556
0 0.61458333 0.44861111 0.04375 0.23055556
0 0.8 0.45555556 0.05833333 0.24166667
0 0.73125 0.72916667 0.04791667 0.26111111
0 0.67552083 0.73333333 0.046875 0.26388889
0 0.61302083 0.72777778 0.046875 0.26111111
0 0.7953125 0.73333333 0.04895833 0.26388889
