0 0.47916667 0.683125 0.26833333 0.04125
0 0.76166667 0.673125 0.26 0.03875
0 0.4775 0.62875 0.26166667 0.0375
0 0.755 0.6225 0.25 0.0375
0 0.46583333 0.57125 0.23833333 0.04
0 0.75 0.5675 0.24333333 0.035
0 0.1875 0.5275 0.23833333 0.0375
0 0.46333333 0.524375 0.22333333 0.03375
0 0.74666667 0.5175 0.25 0.04
0 0.19333333 0.47625 0.23666667 0.0325
0 0.46666667 0.47375 0.23 0.035
0 0.74166667 0.47125 0.24666667 0.0325
0 0.73833333 0.423125 0.23666667 0.03125
0 0.2 0.423125 0.24 0.03375
0 0.46583333 0.424375 0.22166667 0.03625
0 0.73333333 0.373125 0.23333333 0.03125
0 0.45833333 0.374375 0.21 0.03375
0 0.20333333 0.37375 0.22333333 0.0325
0 0.72416667 0.33 0.225 0.0275
0 0.46833333 0.328125 0.23 0.03125
0 0.20833333 0.3275 0.23 0.0275
0 0.71833333 0.289375 0.22333333 0.02875
0 0.46416667 0.285625 0.21833333 0.03125
0 0.20583333 0.288125 0.21833333 0.03875
0 0.70916667 0.244375 0.20833333 0.02625
0 0.46416667 0.24 0.21833333 0.0325
0 0.21083333 0.239375 0.21166667 0.03625
0 0.185 0.576875 0.24 0.03375
0 0.1825 0.62875 0.245 0.04
0 0.17916667 0.68875 0.255 0.0375
