0 0.14 0.595 0.24666667 0.04
0 0.85 0.5925 0.26666667 0.0375
0 0.49833333 0.5925 0.26 0.0425
0 0.49833333 0.54 0.25 0.0375
0 0.83583333 0.54 0.245 0.0425
0 0.1575 0.54375 0.26833333 0.045
0 0.15916667 0.490625 0.255 0.03875
0 0.83416667 0.488125 0.24833333 0.03625
0 0.16916667 0.439375 0.25833333 0.03625
0 0.83416667 0.441875 0.26166667 0.03625
0 0.82333333 0.396875 0.24333333 0.03375
0 0.49833333 0.393125 0.24666667 0.03125
0 0.17166667 0.395 0.25333333 0.035
0 0.81583333 0.35125 0.24166667 0.0275
0 0.495 0.345 0.24 0.035
0 0.1775 0.34625 0.25166667 0.0325
0 0.81666667 0.3075 0.25 0.0275
0 0.1825 0.305 0.24833333 0.03
0 0.8125 0.265 0.245 0.0275
0 0.19 0.259375 0.24666667 0.03625
0 0.49666667 0.26 0.23666667 0.0275
0 0.80333333 0.22375 0.23333333 0.025
0 0.49916667 0.219375 0.23833333 0.02875
0 0.18583333 0.216875 0.22833333 0.03125
0 0.8 0.184375 0.23666667 0.02875
0 0.1975 0.18 0.24166667 0.03
0 0.48416667 0.181875 0.22833333 0.03375
0 0.49333333 0.304375 0.23666667 0.03125
0 0.49833333 0.440625 0.25333333 0.03875
0 0.50166667 0.489375 0.25666667 0.04125
