0 0.49166667 0.62125 0.24 0.035
0 0.18 0.6175 0.25333333 0.035
0 0.175 0.571875 0.25333333 0.03375
0 0.49166667 0.571875 0.24333333 0.03375
0 0.82833333 0.57 0.25 0.04
0 0.17333333 0.53 0.25333333 0.035
0 0.83166667 0.52375 0.25333333 0.035
0 0.49833333 0.526875 0.26 0.04125
0 0.16 0.48625 0.23666667 0.0375
0 0.495 0.48 0.25333333 0.04
0 0.835 0.47875 0.26333333 0.0375
0 0.49666667 0.436875 0.25666667 0.03375
0 0.835 0.431875 0.26333333 0.03375
0 0.5 0.39 0.26666667 0.04
0 0.1575 0.34875 0.25166667 0.0375
0 0.49166667 0.3425 0.25 0.0325
0 0.1475 0.295 0.235 0.045
0 0.48416667 0.29 0.245 0.0375
0 0.13333333 0.24875 0.23 0.035
0 0.47 0.239375 0.21666667 0.03875
0 0.8425 0.2325 0.27166667 0.0375
0 0.145 0.196875 0.26666667 0.04375
0 0.46666667 0.18875 0.22333333 0.0425
0 0.84583333 0.178125 0.27166667 0.04125
0 0.15833333 0.39625 0.25 0.045
0 0.16083333 0.44 0.245 0.035
0 0.82916667 0.285 0.24833333 0.045
0 0.82833333 0.33625 0.25 0.0375
0 0.825 0.38375 0.25 0.035
0 0.82 0.618125 0.24333333 0.04125
