0 0.26166667 0.644375 0.21333333 0.03875
0 0.26166667 0.594375 0.22 0.03875
0 0.54333333 0.545625 0.25 0.04125
0 0.255 0.54125 0.21 0.04
0 0.54333333 0.4875 0.25666667 0.0425
0 0.2575 0.4875 0.21833333 0.0425
0 0.24416667 0.43375 0.19833333 0.0325
0 0.2475 0.37875 0.20833333 0.0525
0 0.245 0.324375 0.20666667 0.04125
0 0.54083333 0.32 0.25166667 0.045
0 0.24583333 0.2675 0.21166667 0.0425
0 0.52916667 0.2625 0.22166667 0.0375
0 0.2425 0.208125 0.20833333 0.03875
0 0.50833333 0.208125 0.19 0.04375
0 0.23833333 0.154375 0.20666667 0.03625
0 0.52833333 0.144375 0.23 0.04375
0 0.52416667 0.383125 0.22833333 0.04625
0 0.52666667 0.435 0.22666667 0.045
0 0.52916667 0.599375 0.23166667 0.04375
0 0.52666667 0.65125 0.23 0.0425
0 0.81333333 0.13875 0.23 0.045
0 0.81916667 0.199375 0.22833333 0.04375
0 0.81833333 0.26375 0.22666667 0.0425
0 0.81166667 0.32 0.22333333 0.0425
0 0.80916667 0.380625 0.22166667 0.04125
0 0.80833333 0.435 0.22 0.04
0 0.80416667 0.4925 0.21166667 0.0425
0 0.80333333 0.549375 0.21 0.04125
0 0.79583333 0.600625 0.20833333 0.04125
0 0.795 0.65125 0.20666667 0.04
