0 0.8475 0.705 0.30166667 0.045
0 0.52333333 0.7025 0.30333333 0.045
0 0.205 0.70125 0.30333333 0.045
0 0.205 0.636875 0.30333333 0.04375
0 0.84666667 0.635625 0.30333333 0.04375
0 0.52166667 0.635625 0.30333333 0.04375
0 0.52166667 0.569375 0.30333333 0.04375
0 0.8425 0.566875 0.30166667 0.04375
0 0.2075 0.568125 0.30166667 0.05375
0 0.21083333 0.50375 0.30166667 0.0525
0 0.52083333 0.50375 0.30166667 0.0425
0 0.84 0.5 0.3 0.0425
0 0.21416667 0.440625 0.29833333 0.05375
0 0.52 0.435625 0.3 0.05125
0 0.8375 0.433125 0.30166667 0.04375
0 0.2125 0.384375 0.30166667 0.04125
0 0.52 0.379375 0.3 0.04875
0 0.83166667 0.366875 0.3 0.04375
0 0.21833333 0.325 0.3 0.04
0 0.52166667 0.32 0.3 0.05
0 0.83 0.3025 0.3 0.04
0 0.22 0.265625 0.3 0.04125
0 0.52 0.255 0.3 0.04
0 0.8275 0.24 0.29833333 0.04
0 0.5175 0.19625 0.29833333 0.04
0 0.825 0.17875 0.3 0.0425
0 0.51916667 0.1375 0.29833333 0.04
0 0.8225 0.1175 0.29833333 0.0425
0 0.17833333 0.14375 0.20333333 0.0425
0 0.18166667 0.205625 0.21 0.04375
