0 0.1875 0.75125 0.205 0.04
0 0.19166667 0.84625 0.20333333 0.0325
0 0.84833333 0.85875 0.21333333 0.025
0 0.52916667 0.855625 0.24166667 0.03125
0 0.85416667 0.809375 0.215 0.02875
0 0.52166667 0.801875 0.21333333 0.02875
0 0.19583333 0.800625 0.21833333 0.02875
0 0.8475 0.7575 0.205 0.0275
0 0.5175 0.7525 0.21166667 0.0275
0 0.84083333 0.706875 0.18833333 0.02625
0 0.52666667 0.70125 0.22666667 0.0275
0 0.205 0.69625 0.24333333 0.03
0 0.84916667 0.655625 0.19833333 0.02875
0 0.525 0.650625 0.22 0.02625
0 0.19333333 0.64625 0.22666667 0.0275
0 0.855 0.60625 0.19666667 0.03
0 0.515 0.59875 0.19 0.0275
0 0.2125 0.598125 0.255 0.03375
0 0.86166667 0.55375 0.20666667 0.0275
0 0.21666667 0.548125 0.25666667 0.03625
0 0.87083333 0.501875 0.225 0.02875
0 0.54333333 0.498125 0.23 0.02875
0 0.2075 0.490625 0.23833333 0.02875
0 0.8725 0.453125 0.215 0.03125
0 0.53083333 0.4475 0.20166667 0.03
0 0.21583333 0.44125 0.255 0.0325
0 0.87583333 0.3975 0.215 0.0275
0 0.54083333 0.39125 0.22833333 0.0325
0 0.1925 0.384375 0.21166667 0.03625
0 0.8725 0.344375 0.195 0.03125
0 0.545 0.341875 0.23 0.03625
0 0.2025 0.330625 0.23166667 0.03125
0 0.8875 0.29125 0.21833333 0.0325
0 0.5525 0.285 0.245 0.0325
0 0.18916667 0.28 0.19833333 0.0325
0 0.89083333 0.236875 0.215 0.03625
0 0.55833333 0.231875 0.25 0.03625
0 0.205 0.22375 0.22666667 0.0275
0 0.89333333 0.18375 0.21 0.0425
0 0.21833333 0.171875 0.24333333 0.03375
0 0.895 0.12625 0.20666667 0.04
0 0.55833333 0.119375 0.23666667 0.03375
0 0.23 0.11625 0.27666667 0.0325
0 0.52666667 0.548125 0.22666667 0.03875
0 0.55333333 0.178125 0.24666667 0.04375
