0 0.1875 0.644375 0.24166667 0.04375
0 0.46083333 0.635625 0.23166667 0.03625
0 0.7375 0.63125 0.23166667 0.045
0 0.19 0.581875 0.24333333 0.04125
0 0.475 0.580625 0.25333333 0.03875
0 0.72833333 0.574375 0.22 0.04125
0 0.18416667 0.523125 0.225 0.03375
0 0.72416667 0.523125 0.215 0.03875
0 0.47166667 0.524375 0.24333333 0.03875
0 0.72583333 0.468125 0.22166667 0.03875
0 0.19916667 0.475 0.245 0.05
0 0.46333333 0.469375 0.22666667 0.04125
0 0.72666667 0.42 0.22333333 0.04
0 0.195 0.4125 0.24333333 0.04
0 0.46333333 0.41125 0.22333333 0.0475
0 0.7175 0.3675 0.21166667 0.035
0 0.4575 0.35625 0.21833333 0.035
0 0.19916667 0.35625 0.235 0.0375
0 0.71916667 0.3175 0.22166667 0.0325
0 0.45416667 0.30625 0.21166667 0.04
0 0.20333333 0.300625 0.24666667 0.03625
0 0.71666667 0.2675 0.21666667 0.03
0 0.46 0.250625 0.22 0.02875
0 0.19166667 0.244375 0.22 0.03375
0 0.70833333 0.21875 0.21 0.035
0 0.45916667 0.203125 0.22166667 0.03625
0 0.19666667 0.191875 0.22666667 0.03375
0 0.69166667 0.169375 0.17333333 0.03125
0 0.4575 0.151875 0.22166667 0.03375
0 0.2025 0.14125 0.235 0.035
