0 0.18666667 0.691875 0.3 0.04375
0 0.5 0.690625 0.3 0.04375
0 0.82333333 0.688125 0.3 0.04375
0 0.49833333 0.623125 0.3 0.04375
0 0.8225 0.620625 0.30166667 0.04375
0 0.18416667 0.628125 0.30166667 0.05375
0 0.1825 0.561875 0.30166667 0.04375
0 0.49666667 0.556875 0.3 0.04375
0 0.8175 0.551875 0.30166667 0.04375
0 0.185 0.49875 0.3 0.0425
0 0.495 0.49125 0.30333333 0.0425
0 0.8175 0.485 0.30166667 0.0425
0 0.18583333 0.434375 0.30166667 0.04375
0 0.495 0.425625 0.30333333 0.04375
0 0.81583333 0.416875 0.30166667 0.04375
0 0.1825 0.370625 0.30166667 0.04375
0 0.495 0.360625 0.30333333 0.04375
0 0.8125 0.351875 0.30166667 0.04625
0 0.49166667 0.296875 0.30333333 0.04375
0 0.185 0.305625 0.30333333 0.05125
0 0.81166667 0.286875 0.30333333 0.04875
0 0.18333333 0.245 0.30333333 0.045
0 0.49333333 0.23375 0.30333333 0.045
0 0.81333333 0.22125 0.30333333 0.05
0 0.18333333 0.183125 0.30333333 0.04125
0 0.49 0.169375 0.30333333 0.04375
0 0.80916667 0.1525 0.305 0.0475
0 0.1825 0.120625 0.305 0.04125
0 0.49 0.106875 0.30333333 0.04375
0 0.79916667 0.09125 0.30833333 0.0575
