0 0.225 0.13633333 0.259 0.038
0 0.468875 0.135 0.18875 0.03266667
0 0.725625 0.13333333 0.19725 0.03666667
0 0.734625 0.18533333 0.20875 0.038
0 0.463875 0.18283333 0.19225 0.02766667
0 0.191625 0.1835 0.20575 0.03366667
0 0.205125 0.2375 0.22875 0.039
0 0.468125 0.23816667 0.21725 0.04033333
0 0.718 0.23483333 0.1755 0.031
0 0.733625 0.28266667 0.19725 0.034
0 0.454 0.28833333 0.1755 0.03533333
0 0.191 0.28766667 0.2135 0.03666667
0 0.18525 0.3385 0.1985 0.035
0 0.47075 0.34216667 0.2085 0.03233333
0 0.74175 0.3365 0.2235 0.039
0 0.7335 0.38783333 0.2235 0.039
0 0.469 0.39283333 0.2085 0.031
0 0.1905 0.38916667 0.212 0.03366667
0 0.45725 0.44016667 0.1755 0.03366667
0 0.738375 0.44783333 0.21675 0.03633333
0 0.188125 0.44216667 0.21025 0.03766667
0 0.191375 0.49666667 0.22325 0.036
0 0.466375 0.49433333 0.20325 0.036
0 0.735875 0.49733333 0.21175 0.03
0 0.742125 0.54716667 0.22175 0.035
0 0.73375 0.6015 0.195 0.039
0 0.45825 0.55016667 0.19 0.03366667
0 0.4615 0.60083333 0.1995 0.03766667
0 0.196625 0.54983333 0.23675 0.045
0 0.17925 0.60716667 0.225 0.04033333
0 0.1805 0.65483333 0.21 0.04033333
0 0.45725 0.6565 0.205 0.039
0 0.75375 0.66016667 0.245 0.041
0 0.754625 0.717 0.24975 0.042
0 0.743375 0.77533333 0.21775 0.042
0 0.744375 0.83833333 0.22625 0.05066667
0 0.76325 0.899 0.2475 0.05066667
0 0.46825 0.71066667 0.21 0.03466667
0 0.478375 0.768 0.25625 0.05
0 0.466625 0.82433333 0.22925 0.04333333
0 0.458375 0.88733333 0.21625 0.04733333
0 0.17375 0.71133333 0.1995 0.036
0 0.171375 0.76433333 0.20475 0.042
0 0.186625 0.8215 0.23775 0.04033333
0 0.1675 0.88033333 0.1925 0.04333333
