0 0.80833333 0.9075 0.26 0.0375
0 0.47166667 0.9075 0.24333333 0.0375
0 0.14833333 0.903125 0.24666667 0.03625
0 0.80166667 0.844375 0.25 0.03875
0 0.47333333 0.840625 0.23666667 0.03375
0 0.14166667 0.840625 0.22333333 0.03375
0 0.7875 0.783125 0.225 0.03875
0 0.1625 0.778125 0.24833333 0.03625
0 0.495 0.72125 0.25666667 0.0325
0 0.15416667 0.72 0.215 0.035
0 0.7875 0.71625 0.23166667 0.035
0 0.47166667 0.664375 0.21 0.03375
0 0.78166667 0.660625 0.22333333 0.03375
0 0.18583333 0.661875 0.265 0.03375
0 0.7725 0.606875 0.20833333 0.02875
0 0.48416667 0.605625 0.235 0.03375
0 0.7875 0.55375 0.23833333 0.03
0 0.48166667 0.55 0.22333333 0.03
0 0.1875 0.5525 0.23833333 0.035
0 0.77666667 0.5 0.22666667 0.0275
0 0.49 0.49625 0.23 0.0275
0 0.1825 0.495 0.20833333 0.03
0 0.77 0.451875 0.20666667 0.03125
0 0.49833333 0.448125 0.24333333 0.03125
0 0.76416667 0.4 0.20166667 0.0275
0 0.48583333 0.395 0.21833333 0.0275
0 0.19666667 0.391875 0.21666667 0.02875
0 0.77 0.350625 0.21 0.02625
0 0.49 0.345625 0.22 0.02875
0 0.19833333 0.343125 0.20666667 0.02875
0 0.49083333 0.296875 0.215 0.02875
0 0.77916667 0.2575 0.23833333 0.0275
0 0.20333333 0.24625 0.19333333 0.0275
0 0.7625 0.21 0.20833333 0.025
0 0.48916667 0.205 0.20166667 0.0275
0 0.19666667 0.198125 0.16666667 0.03125
0 0.77166667 0.16625 0.22666667 0.025
0 0.495 0.16 0.21333333 0.025
0 0.20916667 0.15375 0.18166667 0.025
0 0.47916667 0.25125 0.19166667 0.0325
0 0.74416667 0.30625 0.175 0.035
0 0.2025 0.2925 0.20833333 0.0375
0 0.19166667 0.44375 0.22333333 0.0325
0 0.17333333 0.603125 0.23333333 0.03625
0 0.46166667 0.778125 0.20666667 0.04125
