0 0.53916667 0.65125 0.275 0.045
0 0.1975 0.645 0.195 0.045
0 0.515 0.584375 0.22666667 0.03375
0 0.21083333 0.466875 0.21166667 0.03625
0 0.21666667 0.296875 0.20666667 0.03625
0 0.2275 0.135625 0.225 0.04375
0 0.50416667 0.130625 0.245 0.04375
0 0.8025 0.123125 0.245 0.05125
0 0.7975 0.178125 0.225 0.04625
0 0.5 0.18625 0.23333333 0.045
0 0.23083333 0.190625 0.22833333 0.04375
0 0.2325 0.24375 0.235 0.045
0 0.5125 0.2425 0.235 0.0425
0 0.80583333 0.233125 0.23833333 0.03375
0 0.80666667 0.290625 0.24666667 0.05375
0 0.52 0.295625 0.25 0.04125
0 0.21916667 0.354375 0.215 0.04125
0 0.515 0.349375 0.23 0.04875
0 0.81 0.3475 0.23 0.05
0 0.82166667 0.40625 0.26 0.04
0 0.515 0.41375 0.23333333 0.0425
0 0.21333333 0.41 0.23333333 0.0425
0 0.52 0.469375 0.25666667 0.05625
0 0.80166667 0.46 0.23 0.055
0 0.8225 0.52625 0.245 0.055
0 0.82333333 0.585625 0.25333333 0.05125
0 0.815 0.645 0.22333333 0.0525
0 0.51166667 0.523125 0.24 0.04125
0 0.20583333 0.525 0.24166667 0.0575
0 0.22583333 0.581875 0.26166667 0.04375
