0 0.15461957 0.31629068 0.21141304 0.04197485
0 0.15584239 0.36298077 0.19972826 0.03846154
0 0.16317935 0.40994822 0.20842391 0.03846154
0 0.15625 0.45201553 0.21956522 0.04456361
0 0.15339674 0.49889053 0.22961957 0.04215976
0 0.146875 0.5518676 0.25951087 0.0460429
0 0.14307065 0.60484467 0.23342391 0.03957101
0 0.13790761 0.65689719 0.25679348 0.04715237
0 0.13369565 0.70830251 0.2625 0.03679734
0 0.12418478 0.76359098 0.2451087 0.05011095
0 0.41345109 0.3035318 0.23722826 0.04715237
0 0.42201087 0.36113166 0.22880435 0.0362426
0 0.4142663 0.40486317 0.23125 0.04086538
0 0.40706522 0.44831731 0.23478261 0.03568787
0 0.41630435 0.49778107 0.2423913 0.03254438
0 0.4173913 0.5535318 0.24945652 0.03309911
0 0.41616848 0.61039201 0.26494565 0.04622781
0 0.42255435 0.66355399 0.25652174 0.04715237
0 0.4142663 0.71468195 0.2638587 0.05547337
0 0.4048913 0.77181953 0.2923913 0.0443787
0 0.67418478 0.30787722 0.19619565 0.05880178
0 0.67336957 0.36076183 0.20054348 0.03957101
0 0.6892663 0.40560281 0.22798913 0.04419379
0 0.6986413 0.453125 0.23369565 0.04234467
0 0.70502717 0.50036982 0.25244565 0.04215976
0 0.7111413 0.55001849 0.26467391 0.04678254
0 0.70638587 0.60447485 0.25081522 0.05362426
0 0.71766304 0.66466346 0.24021739 0.04641272
0 0.71019022 0.71819527 0.23831522 0.04511834
0 0.72758152 0.7804179 0.25298913 0.05417899
