0 0.17 0.5975 0.24666667 0.04
0 0.86166667 0.59625 0.25666667 0.0425
0 0.50833333 0.595 0.25 0.0425
0 0.17083333 0.541875 0.235 0.03625
0 0.49833333 0.544375 0.23 0.04375
0 0.84583333 0.543125 0.23166667 0.04875
0 0.84916667 0.49 0.245 0.035
0 0.16916667 0.48875 0.225 0.04
0 0.17083333 0.441875 0.225 0.03875
0 0.84 0.435625 0.22666667 0.03875
0 0.17833333 0.39125 0.23 0.035
0 0.505 0.38875 0.23666667 0.035
0 0.84833333 0.3825 0.24666667 0.0325
0 0.18 0.34375 0.22666667 0.035
0 0.50166667 0.3375 0.22666667 0.04
0 0.8475 0.33125 0.245 0.0375
0 0.5 0.2875 0.23333333 0.035
0 0.84166667 0.27625 0.24 0.0375
0 0.49833333 0.24 0.21666667 0.035
0 0.8375 0.23 0.23833333 0.0325
0 0.1825 0.20375 0.21833333 0.0375
0 0.5 0.191875 0.22666667 0.03625
0 0.83333333 0.18 0.23 0.0325
0 0.18166667 0.1525 0.21 0.0375
0 0.49333333 0.139375 0.22 0.03625
0 0.83333333 0.1275 0.23333333 0.0375
0 0.1825 0.248125 0.22166667 0.03625
0 0.1875 0.2925 0.23166667 0.0375
0 0.51 0.439375 0.25333333 0.03875
0 0.515 0.48875 0.24666667 0.04
