0 0.16166667 0.7025 0.31333333 0.045
0 0.50166667 0.69625 0.31333333 0.045
0 0.83416667 0.6875 0.31166667 0.045
0 0.16333333 0.635625 0.31 0.04625
0 0.5075 0.629375 0.30833333 0.04375
0 0.82916667 0.624375 0.30833333 0.04375
0 0.16916667 0.568125 0.305 0.04375
0 0.50333333 0.565625 0.30666667 0.04375
0 0.8275 0.561875 0.305 0.04375
0 0.1725 0.5025 0.30166667 0.0425
0 0.82416667 0.50125 0.30166667 0.0425
0 0.50333333 0.50125 0.30333333 0.0425
0 0.81833333 0.440625 0.3 0.03875
0 0.50416667 0.438125 0.29833333 0.04125
0 0.17666667 0.439375 0.3 0.04125
0 0.815 0.3825 0.29666667 0.0375
0 0.50416667 0.37875 0.295 0.04
0 0.18083333 0.3775 0.295 0.04
0 0.81333333 0.325 0.29333333 0.0375
0 0.50166667 0.31875 0.29333333 0.04
0 0.1825 0.3175 0.29166667 0.04
0 0.80833333 0.270625 0.29 0.03875
0 0.50333333 0.263125 0.29 0.03875
0 0.1875 0.2575 0.28833333 0.0375
0 0.80333333 0.215 0.28666667 0.0375
0 0.50333333 0.2075 0.28666667 0.0375
0 0.19 0.20125 0.28666667 0.0375
0 0.8 0.1625 0.28333333 0.0375
0 0.50166667 0.1525 0.28333333 0.0375
0 0.195 0.14625 0.28333333 0.0375
