0 0.4328125 0.88276671 0.14375 0.02579132
0 0.1765625 0.88042204 0.18125 0.02579132
0 0.734375 0.83821805 0.1875 0.02579132
0 0.44765625 0.83294256 0.1765625 0.02696366
0 0.1703125 0.83001172 0.178125 0.02579132
0 0.72421875 0.7883939 0.1640625 0.02696366
0 0.4671875 0.78487691 0.2125 0.02930832
0 0.16640625 0.78077374 0.1703125 0.02579132
0 0.7296875 0.73798359 0.16875 0.02696366
0 0.4546875 0.73212192 0.184375 0.02696366
0 0.1734375 0.72977726 0.18125 0.02461899
0 0.73046875 0.6852286 0.1765625 0.02696366
0 0.45234375 0.68171161 0.1859375 0.02696366
0 0.16171875 0.67819461 0.1734375 0.02696366
0 0.74296875 0.63305979 0.1984375 0.02813599
0 0.44765625 0.62837046 0.1796875 0.02813599
0 0.14765625 0.62837046 0.1421875 0.03048066
0 0.74765625 0.57913247 0.2015625 0.02813599
0 0.4578125 0.57678781 0.19375 0.02813599
0 0.16875 0.57444314 0.184375 0.02813599
0 0.73984375 0.52579132 0.1828125 0.02930832
0 0.465625 0.52227433 0.215625 0.03165299
0 0.16640625 0.51992966 0.1859375 0.02930832
0 0.74140625 0.47186401 0.1828125 0.03165299
0 0.4546875 0.46834701 0.19375 0.02930832
0 0.171875 0.46600234 0.20625 0.02930832
0 0.75390625 0.41793669 0.2046875 0.03165299
0 0.4578125 0.4144197 0.196875 0.03165299
0 0.1625 0.4109027 0.19375 0.02930832
0 0.78125 0.36049238 0.25625 0.03165299
0 0.45078125 0.35932005 0.1828125 0.02930832
0 0.16484375 0.35521688 0.2046875 0.03048066
0 0.75625 0.3024619 0.196875 0.03048066
0 0.46328125 0.30011723 0.2109375 0.03048066
0 0.1625 0.29777257 0.2 0.03048066
0 0.73828125 0.24618992 0.1484375 0.02813599
0 0.4453125 0.24325909 0.175 0.03399766
0 0.16328125 0.23915592 0.2109375 0.03048066
0 0.7578125 0.1852286 0.19375 0.03048066
0 0.46875 0.18405627 0.215625 0.03282532
0 0.1609375 0.18171161 0.209375 0.03048066
0 0.76484375 0.12602579 0.2015625 0.03399766
0 0.4609375 0.12426729 0.20625 0.03282532
0 0.140625 0.12250879 0.175 0.03399766
0 0.73046875 0.88862837 0.1890625 0.03048066
