0 0.17758152 0.34948225 0.24918478 0.0295858
0 0.17255435 0.39589497 0.25217391 0.02995562
0 0.16154891 0.4416605 0.25190217 0.0379068
0 0.15652174 0.49325074 0.2625 0.03679734
0 0.14633152 0.54696746 0.27309783 0.04585799
0 0.13872283 0.6027182 0.27744565 0.04345414
0 0.13274457 0.65948595 0.26548913 0.04715237
0 0.12921196 0.73899778 0.25842391 0.06194527
0 0.12608696 0.80732249 0.25217391 0.07359467
0 0.12092391 0.88378328 0.24184783 0.08117604
0 0.46616848 0.33940459 0.25679348 0.03383876
0 0.46630435 0.38553994 0.26086957 0.03106509
0 0.47214674 0.43370932 0.28342391 0.04715237
0 0.47391304 0.48927515 0.29402174 0.05325444
0 0.47146739 0.54456361 0.30271739 0.0591716
0 0.484375 0.59670858 0.33342391 0.03846154
0 0.47894022 0.67298447 0.31820652 0.0608358
0 0.48845109 0.74158654 0.33179348 0.05048077
0 0.4923913 0.82174556 0.33913043 0.07100592
0 0.49592391 0.9079142 0.35815217 0.08210059
0 0.7701087 0.34217825 0.21413043 0.0493713
0 0.78722826 0.3947855 0.23097826 0.05732249
0 0.79402174 0.44295488 0.22336957 0.04345414
0 0.80394022 0.48825814 0.23668478 0.0526997
0 0.81942935 0.55177515 0.23940217 0.0691568
0 0.84972826 0.61529216 0.26684783 0.05972633
0 0.85747283 0.67779216 0.28451087 0.04826183
0 0.86521739 0.7516642 0.26902174 0.06471893
0 0.86807065 0.83450444 0.26331522 0.05362426
0 0.86182065 0.91170488 0.27581522 0.08117604
