0 0.22016667 0.077125 0.25633333 0.03675
0 0.18833333 0.133625 0.21 0.03925
0 0.207 0.188 0.23333333 0.0415
0 0.207 0.248875 0.242 0.04575
0 0.21066667 0.30975 0.24933333 0.0415
0 0.19416667 0.37275 0.22766667 0.0435
0 0.20933333 0.432125 0.264 0.05325
0 0.20566667 0.492375 0.25933333 0.04575
0 0.1985 0.547875 0.245 0.04775
0 0.19916667 0.61075 0.26366667 0.05
0 0.197 0.671625 0.25933333 0.04775
0 0.19633333 0.736375 0.258 0.05125
0 0.17966667 0.796125 0.22466667 0.04675
0 0.18266667 0.858125 0.23333333 0.05125
0 0.189 0.917875 0.24333333 0.05125
0 0.48616667 0.061875 0.19433333 0.03925
0 0.526 0.120125 0.26533333 0.03575
0 0.52083333 0.176125 0.261 0.04575
0 0.50716667 0.240125 0.23633333 0.04575
0 0.502 0.30275 0.226 0.049
0 0.4985 0.368375 0.22766667 0.04575
0 0.505 0.431 0.258 0.051
0 0.51216667 0.490125 0.26366667 0.04125
0 0.51083333 0.55325 0.26966667 0.05
0 0.51233333 0.619 0.26666667 0.051
0 0.5145 0.683125 0.27966667 0.05125
0 0.50716667 0.74675 0.251 0.0545
0 0.489 0.808125 0.226 0.05325
0 0.4985 0.873375 0.245 0.05775
0 0.51083333 0.938625 0.26366667 0.05975
0 0.84266667 0.0455 0.278 0.05
0 0.82666667 0.10325 0.24933333 0.039
0 0.83466667 0.165625 0.25933333 0.04025
0 0.83683333 0.2315 0.281 0.05
0 0.84416667 0.298875 0.287 0.04775
0 0.83533333 0.364625 0.27533333 0.05125
0 0.82883333 0.42775 0.25366667 0.049
0 0.83466667 0.493375 0.268 0.04575
0 0.83333333 0.561375 0.274 0.04025
0 0.84266667 0.624375 0.284 0.04675
0 0.8405 0.693375 0.28233333 0.04775
0 0.82966667 0.76075 0.27266667 0.05
0 0.84783333 0.82775 0.297 0.0555
0 0.831 0.954875 0.284 0.05975
