0 0.17166667 0.73375 0.3 0.045
0 0.51 0.725625 0.3 0.04875
0 0.81833333 0.708125 0.3 0.05375
0 0.17166667 0.665625 0.3 0.04375
0 0.505 0.65625 0.3 0.045
0 0.825 0.6475 0.3 0.0425
0 0.17333333 0.596875 0.3 0.04375
0 0.505 0.590625 0.3 0.04875
0 0.825 0.58125 0.3 0.045
0 0.825 0.51875 0.3 0.0425
0 0.17 0.528125 0.3 0.05625
0 0.50166667 0.520625 0.3 0.05375
0 0.16666667 0.454375 0.29666667 0.05625
0 0.82166667 0.455 0.3 0.0425
0 0.505 0.4575 0.3 0.055
0 0.82 0.39125 0.3 0.0425
0 0.5 0.39 0.3 0.0425
0 0.16666667 0.388125 0.3 0.05125
0 0.81833333 0.3275 0.3 0.0425
0 0.16666667 0.325 0.3 0.0425
0 0.49833333 0.323125 0.3 0.04375
0 0.82666667 0.2575 0.32333333 0.0575
0 0.49833333 0.258125 0.3 0.04375
0 0.17 0.258125 0.3 0.04375
0 0.81166667 0.20125 0.3 0.0425
0 0.49666667 0.1975 0.3 0.0575
0 0.16833333 0.194375 0.3 0.05625
0 0.80833333 0.13875 0.3 0.0425
0 0.495 0.1275 0.3 0.0425
0 0.17166667 0.12625 0.3 0.0425
0 0.815 0.705625 0.3 0.05375
