0 0.45916667 0.96625 0.24833333 0.035
0 0.79833333 0.96125 0.35666667 0.04
0 0.15333333 0.910625 0.2 0.03625
0 0.45416667 0.905625 0.23833333 0.03625
0 0.76083333 0.903125 0.28833333 0.03875
0 0.44083333 0.849375 0.20833333 0.03375
0 0.15666667 0.85875 0.20333333 0.0475
0 0.43916667 0.79125 0.20166667 0.035
0 0.1625 0.78875 0.21166667 0.0375
0 0.16416667 0.7325 0.215 0.03
0 0.795 0.735 0.34333333 0.0425
0 0.455 0.731875 0.22333333 0.03875
0 0.43333333 0.671875 0.18333333 0.03125
0 0.76833333 0.676875 0.29 0.04125
0 0.17 0.67375 0.22333333 0.035
0 0.77166667 0.61375 0.29333333 0.035
0 0.4525 0.61875 0.215 0.0425
0 0.17166667 0.615625 0.21666667 0.03625
0 0.73583333 0.561875 0.21833333 0.03875
0 0.44916667 0.556875 0.20166667 0.03375
0 0.17083333 0.556875 0.215 0.04625
0 0.755 0.500625 0.25 0.03125
0 0.45583333 0.498125 0.20833333 0.03375
0 0.17916667 0.493125 0.22833333 0.03375
0 0.775 0.44375 0.28666667 0.0325
0 0.4575 0.438125 0.21833333 0.03125
0 0.17583333 0.434375 0.205 0.03875
0 0.78 0.395 0.28666667 0.05
0 0.445 0.378125 0.18666667 0.03875
0 0.175 0.37375 0.21 0.0375
0 0.75416667 0.331875 0.235 0.03875
0 0.45666667 0.32 0.20333333 0.0375
0 0.17916667 0.311875 0.21833333 0.03375
0 0.78333333 0.27125 0.28333333 0.0325
0 0.47166667 0.2625 0.24 0.0375
0 0.17916667 0.25125 0.21833333 0.0375
0 0.76416667 0.2125 0.24166667 0.035
0 0.4525 0.20375 0.195 0.0475
0 0.1825 0.190625 0.22833333 0.03875
0 0.775 0.155 0.26333333 0.0375
0 0.465 0.138125 0.22 0.03125
0 0.195 0.121875 0.24666667 0.05375
0 0.785 0.79 0.32666667 0.0425
0 0.1325 0.97 0.15166667 0.0375
0 0.78833333 0.845 0.32666667 0.0425
