0 0.13583333 0.88125 0.26833333 0.2475
0 0.48 0.685 0.3 0.045
0 0.155 0.68125 0.3 0.045
0 0.16 0.613125 0.3 0.04375
0 0.82833333 0.615 0.3 0.05
0 0.48833333 0.615 0.3 0.05
0 0.485 0.546875 0.3 0.04375
0 0.16 0.546875 0.3 0.04375
0 0.82666667 0.54625 0.3 0.045
0 0.16166667 0.479375 0.3 0.04375
0 0.82666667 0.47625 0.3 0.045
0 0.485 0.476875 0.3 0.05625
0 0.165 0.413125 0.3 0.04375
0 0.49 0.410625 0.3 0.04375
0 0.825 0.4125 0.3 0.0575
0 0.16833333 0.346875 0.3 0.04375
0 0.485 0.3425 0.3 0.045
0 0.82333333 0.338125 0.3 0.04375
0 0.16666667 0.2825 0.3 0.0425
0 0.49 0.276875 0.3 0.04375
0 0.82333333 0.27 0.3 0.045
0 0.16833333 0.218125 0.3 0.04375
0 0.49 0.21125 0.3 0.0425
0 0.825 0.204375 0.3 0.04375
0 0.17166667 0.1575 0.3 0.05
0 0.49333333 0.1475 0.3 0.0425
0 0.82 0.135 0.3 0.0475
0 0.17666667 0.091875 0.3 0.04125
0 0.49166667 0.0825 0.3 0.0475
0 0.82 0.073125 0.3 0.04375
0 0.83083333 0.68625 0.28833333 0.0625
