0 0.25572917 0.78402778 0.046875 0.24305556
0 0.3203125 0.78541667 0.040625 0.24027778
0 0.38020833 0.78541667 0.05 0.23472222
0 0.43645833 0.7875 0.04791667 0.21944444
0 0.49375 0.77083333 0.05416667 0.25555556
0 0.55520833 0.77638889 0.04375 0.26388889
0 0.6046875 0.77916667 0.046875 0.25
0 0.65833333 0.77361111 0.05625 0.26388889
0 0.71979167 0.77708333 0.05 0.24583333
0 0.7703125 0.78194444 0.05104167 0.275
0 0.79947917 0.48263889 0.06770833 0.26805556
0 0.73802083 0.49236111 0.04270833 0.29027778
1 0.6734375 0.48055556 0.065625 0.28888889
1 0.61354167 0.48125 0.05416667 0.2625
1 0.56145833 0.48402778 0.04375 0.26805556
1 0.4984375 0.47847222 0.05520833 0.27916667
0 0.43854167 0.46736111 0.05833333 0.29861111
0 0.375 0.4875 0.06041667 0.27222222
0 0.31145833 0.48888889 0.05208333 0.25833333
0 0.25 0.49236111 0.05416667 0.25138889
0 0.24947917 0.18194444 0.046875 0.25
0 0.30989583 0.18333333 0.06145833 0.25833333
0 0.37916667 0.18680556 0.05208333 0.2625
0 0.44114583 0.18333333 0.04895833 0.26111111
0 0.50364583 0.18888889 0.05729167 0.25833333
0 0.5671875 0.18263889 0.04479167 0.25138889
0 0.63125 0.18402778 0.05208333 0.27083333
0 0.68020833 0.19097222 0.0625 0.25972222
0 0.75 0.19027778 0.04166667 0.26388889
0 0.81145833 0.20416667 0.05 0.28055556
