0 0.12268519 0.05173611 0.16944444 0.04236111
0 0.13703704 0.10972222 0.2 0.04027778
0 0.1375 0.16944444 0.21203704 0.04583333
0 0.14074074 0.22986111 0.21666667 0.05416667
0 0.12962963 0.29479167 0.21296296 0.03958333
0 0.13333333 0.35590278 0.23888889 0.04375
0 0.12916667 0.41597222 0.22314815 0.03888889
0 0.13518519 0.48194444 0.22222222 0.04166667
0 0.11388889 0.55173611 0.20740741 0.04652778
0 0.1337963 0.61319444 0.23055556 0.04583333
0 0.11157407 0.67708333 0.20462963 0.04027778
0 0.125 0.74513889 0.22222222 0.05277778
0 0.14490741 0.80729167 0.26388889 0.05486111
0 0.12083333 0.87430556 0.2287037 0.05416667
0 0.10601852 0.93923611 0.21018519 0.04097222
0 0.4412037 0.06041667 0.19166667 0.04861111
0 0.4462963 0.11944444 0.19444444 0.05416667
0 0.44814815 0.18090278 0.21481481 0.04930556
0 0.45092593 0.240625 0.2 0.04930556
0 0.45555556 0.296875 0.23333333 0.05069444
0 0.46574074 0.36145833 0.23888889 0.03958333
0 0.46851852 0.42291667 0.23888889 0.05
0 0.44722222 0.48888889 0.2037037 0.03888889
0 0.45092593 0.54930556 0.22037037 0.04583333
0 0.4587963 0.61319444 0.24351852 0.04722222
0 0.4462963 0.67881944 0.21851852 0.04236111
0 0.45694444 0.73993056 0.225 0.04513889
0 0.45324074 0.80486111 0.22314815 0.04444444
0 0.45416667 0.87083333 0.23611111 0.04027778
0 0.46851852 0.93472222 0.25185185 0.05
0 0.78009259 0.075 0.23796296 0.04861111
0 0.76481481 0.13020833 0.19074074 0.04097222
0 0.77175926 0.18333333 0.21574074 0.04305556
0 0.80092593 0.246875 0.26296296 0.04652778
0 0.76666667 0.31041667 0.20185185 0.04305556
0 0.78842593 0.37152778 0.23981481 0.04444444
0 0.77361111 0.42465278 0.2212963 0.03958333
0 0.77175926 0.48506944 0.21574074 0.04652778
0 0.78935185 0.55277778 0.26388889 0.05277778
0 0.79351852 0.60625 0.25555556 0.05138889
0 0.79583333 0.67604167 0.26388889 0.04236111
0 0.76666667 0.73680556 0.2 0.03611111
0 0.79027778 0.79618056 0.25833333 0.04513889
0 0.79768519 0.85972222 0.26759259 0.04305556
0 0.78333333 0.91423611 0.22592593 0.05069444
