0 0.52166667 0.62 0.22333333 0.03
0 0.2075 0.449375 0.18833333 0.03375
0 0.2125 0.395 0.195 0.03
0 0.22416667 0.17125 0.21166667 0.0325
0 0.21916667 0.11375 0.205 0.0425
0 0.5175 0.11125 0.23166667 0.04
0 0.81333333 0.10625 0.23666667 0.035
0 0.81916667 0.1675 0.23833333 0.0575
0 0.5175 0.168125 0.23166667 0.04625
0 0.81583333 0.220625 0.235 0.03875
0 0.5175 0.228125 0.23166667 0.04375
0 0.21333333 0.226875 0.21 0.05375
0 0.21916667 0.29 0.215 0.0425
0 0.52333333 0.278125 0.23666667 0.04625
0 0.8175 0.27625 0.25833333 0.045
0 0.82 0.33 0.25333333 0.0425
0 0.81583333 0.393125 0.23166667 0.04375
0 0.81416667 0.4475 0.23833333 0.0375
0 0.83083333 0.504375 0.27166667 0.05125
0 0.8225 0.565 0.245 0.05
0 0.82666667 0.62625 0.24333333 0.055
0 0.5225 0.335625 0.24833333 0.04875
0 0.2175 0.336875 0.21833333 0.03625
0 0.53 0.3925 0.26333333 0.045
0 0.51166667 0.45 0.22666667 0.0475
0 0.51583333 0.501875 0.245 0.03625
0 0.515 0.561875 0.22666667 0.04625
0 0.22083333 0.505 0.22833333 0.0525
0 0.21666667 0.563125 0.22 0.05375
0 0.2225 0.62 0.21833333 0.0475
