0 0.23152174 0.28319157 0.17663043 0.05196006
0 0.23288043 0.32757027 0.16304348 0.03198964
0 0.23383152 0.36843565 0.1736413 0.03975592
0 0.22608696 0.40967086 0.17445652 0.03420858
0 0.23070652 0.44951923 0.18206522 0.02551775
0 0.21861413 0.49713388 0.19538043 0.03975592
0 0.20353261 0.53799926 0.17119565 0.03901627
0 0.21304348 0.58173077 0.2173913 0.03698225
0 0.20720109 0.62934541 0.21222826 0.04123521
0 0.19891304 0.67991864 0.24565217 0.03698225
0 0.46684783 0.30223743 0.16304348 0.04826183
0 0.46222826 0.3420858 0.16195652 0.03402367
0 0.46277174 0.38332101 0.18804348 0.03550296
0 0.46847826 0.42390902 0.19130435 0.03272929
0 0.4673913 0.46329512 0.18695652 0.03051036
0 0.46440217 0.50425296 0.17663043 0.03402367
0 0.45652174 0.54659763 0.18804348 0.03476331
0 0.44130435 0.59670858 0.17880435 0.03402367
0 0.45380435 0.64044009 0.19130435 0.03346893
0 0.4642663 0.68879438 0.22472826 0.04622781
0 0.67595109 0.31897189 0.15461957 0.04178994
0 0.68111413 0.35345784 0.14429348 0.02977071
0 0.68423913 0.39469305 0.16304348 0.03420858
0 0.68899457 0.43740754 0.17038043 0.03975592
0 0.69225543 0.47725592 0.15570652 0.02995562
0 0.68953804 0.52274408 0.15461957 0.03994083
0 0.69103261 0.5625 0.19130435 0.02847633
0 0.69904891 0.60419749 0.18396739 0.03198964
0 0.69048913 0.64432322 0.20271739 0.04419379
0 0.690625 0.69018121 0.1986413 0.03346893
