0 0.14983333 0.15194635 0.231 0.06117108
0 0.15933333 0.23372588 0.24333333 0.06313379
0 0.1615 0.32368335 0.279 0.05135754
0 0.162 0.4033366 0.26866667 0.05364737
0 0.15533333 0.48462545 0.25133333 0.06313379
0 0.1575 0.5794897 0.25766667 0.06117108
0 0.1525 0.66830226 0.24566667 0.06018973
0 0.15466667 0.74942754 0.24333333 0.06542362
0 0.14983333 0.84494603 0.24233333 0.06018973
0 0.16366667 0.92950605 0.25666667 0.06117108
0 0.4765 0.14049722 0.24433333 0.06444226
0 0.47866667 0.2224403 0.25133333 0.06215244
0 0.47916667 0.30847236 0.259 0.06215244
0 0.48366667 0.39515865 0.26333333 0.06542362
0 0.48033333 0.48135427 0.23866667 0.05659143
0 0.48483333 0.56689565 0.25233333 0.06411515
0 0.47966667 0.65521753 0.24 0.06673209
0 0.487 0.74468433 0.27 0.06444226
0 0.48533333 0.83513248 0.24666667 0.06673209
0 0.492 0.92672555 0.26666667 0.06215244
0 0.8075 0.1329735 0.26233333 0.05986261
0 0.80316667 0.2152437 0.26233333 0.06542362
0 0.81466667 0.30732745 0.26333333 0.05332025
0 0.81483333 0.3869807 0.241 0.06673209
0 0.81316667 0.47415767 0.25566667 0.06444226
0 0.81816667 0.56297023 0.261 0.05888126
0 0.82316667 0.65358194 0.26433333 0.06084396
0 0.82583333 0.74353942 0.279 0.06673209
0 0.8325 0.82695453 0.27433333 0.07392869
0 0.842 0.92083742 0.28666667 0.06542362
