0 0.805 0.729375 0.3 0.04375
0 0.19 0.7175 0.3 0.0425
0 0.49 0.720625 0.3 0.05375
0 0.80333333 0.665 0.3 0.045
0 0.48833333 0.659375 0.3 0.04375
0 0.18833333 0.65625 0.3 0.0425
0 0.80333333 0.599375 0.3 0.04375
0 0.48833333 0.59625 0.3 0.0425
0 0.18833333 0.594375 0.3 0.04125
0 0.80333333 0.534375 0.3 0.04375
0 0.48666667 0.535 0.3 0.0475
0 0.18666667 0.5325 0.3 0.0425
0 0.18666667 0.470625 0.3 0.04125
0 0.48833333 0.46875 0.3 0.0425
0 0.805 0.468125 0.3 0.04375
0 0.18666667 0.40875 0.3 0.0425
0 0.48833333 0.405 0.3 0.0425
0 0.80833333 0.400625 0.3 0.04375
0 0.185 0.34625 0.3 0.0425
0 0.48666667 0.34 0.3 0.0425
0 0.80166667 0.333125 0.3 0.04375
0 0.185 0.283125 0.3 0.04125
0 0.485 0.275 0.3 0.0425
0 0.80333333 0.26625 0.3 0.045
0 0.18333333 0.22 0.3 0.0425
0 0.485 0.210625 0.3 0.04375
0 0.80333333 0.19875 0.3 0.045
0 0.18166667 0.1575 0.3 0.0425
0 0.48666667 0.145 0.3 0.0425
0 0.80333333 0.13125 0.3 0.045
