0 0.15108696 0.32914201 0.24456522 0.03994083
0 0.14891304 0.37795858 0.24456522 0.03846154
0 0.15652174 0.42566568 0.23804348 0.04807692
0 0.15054348 0.47448225 0.24782609 0.04659763
0 0.15380435 0.52107988 0.24782609 0.03772189
0 0.14619565 0.56693787 0.25 0.04215976
0 0.14347826 0.6216716 0.24673913 0.04807692
0 0.13913043 0.68491124 0.2423913 0.05029586
0 0.14728261 0.73631657 0.27608696 0.04955621
0 0.15869565 0.79881657 0.27934783 0.0443787
0 0.3923913 0.32100592 0.20108696 0.04585799
0 0.40597826 0.37573964 0.21521739 0.04289941
0 0.40923913 0.4160503 0.21304348 0.03920118
0 0.42173913 0.46227811 0.225 0.0443787
0 0.42934783 0.50813609 0.23804348 0.03846154
0 0.42663043 0.56213018 0.24782609 0.03846154
0 0.43641304 0.61057692 0.24565217 0.04659763
0 0.4423913 0.6660503 0.24891304 0.04511834
0 0.45380435 0.72004438 0.25 0.04659763
0 0.46793478 0.77810651 0.27391304 0.05621302
0 0.65434783 0.32766272 0.2076087 0.04289941
0 0.6576087 0.375 0.20543478 0.03550296
0 0.67282609 0.41642012 0.20978261 0.03550296
0 0.68641304 0.45968935 0.21086957 0.04068047
0 0.69728261 0.50591716 0.21304348 0.04733728
0 0.71902174 0.5558432 0.22391304 0.04807692
0 0.73043478 0.60576923 0.2576087 0.04881657
0 0.74076087 0.65606509 0.25434783 0.03846154
0 0.7451087 0.70451183 0.24565217 0.03772189
0 0.75978261 0.75887574 0.26195652 0.04585799
