0 0.18333333 0.71125 0.3 0.0425
0 0.49 0.705625 0.3 0.04125
0 0.79666667 0.694375 0.3 0.04875
0 0.185 0.64875 0.3 0.0425
0 0.49 0.645 0.3 0.0425
0 0.78833333 0.640625 0.3 0.04125
0 0.18333333 0.5875 0.3 0.0425
0 0.48833333 0.58375 0.3 0.0425
0 0.78666667 0.5825 0.3 0.045
0 0.48666667 0.52375 0.3 0.0425
0 0.78666667 0.520625 0.3 0.04125
0 0.18166667 0.525625 0.3 0.05625
0 0.18333333 0.46375 0.3 0.0425
0 0.78833333 0.461875 0.3 0.04125
0 0.48833333 0.4625 0.3 0.0425
0 0.785 0.401875 0.3 0.04125
0 0.48833333 0.401875 0.3 0.04125
0 0.185 0.4025 0.3 0.0425
0 0.78666667 0.341875 0.3 0.04125
0 0.485 0.340625 0.3 0.04125
0 0.18166667 0.34 0.3 0.0425
0 0.78333333 0.281875 0.3 0.04125
0 0.48333333 0.280625 0.3 0.04125
0 0.18333333 0.28 0.3 0.0425
0 0.78333333 0.223125 0.3 0.04125
0 0.48333333 0.220625 0.3 0.04125
0 0.185 0.218125 0.3 0.04125
0 0.78333333 0.16375 0.3 0.04
0 0.18333333 0.15875 0.3 0.0425
0 0.485 0.1575 0.3 0.05
