0 0.1725 0.563125 0.19166667 0.02875
0 0.82833333 0.910625 0.25 0.03625
0 0.49166667 0.9025 0.23333333 0.035
0 0.15166667 0.8925 0.20333333 0.035
0 0.82083333 0.851875 0.225 0.03125
0 0.50083333 0.84375 0.24833333 0.0325
0 0.18416667 0.83875 0.255 0.035
0 0.81916667 0.790625 0.23166667 0.03125
0 0.5175 0.784375 0.27833333 0.03125
0 0.19583333 0.7775 0.26833333 0.035
0 0.81583333 0.734375 0.21833333 0.03125
0 0.52916667 0.726875 0.295 0.03875
0 0.18583333 0.7275 0.235 0.0325
0 0.81583333 0.6775 0.22166667 0.0325
0 0.515 0.67375 0.26333333 0.035
0 0.19083333 0.66875 0.24833333 0.03
0 0.80916667 0.620625 0.21166667 0.03125
0 0.17416667 0.615625 0.19833333 0.02875
0 0.48416667 0.563125 0.195 0.02875
0 0.79833333 0.56875 0.19666667 0.0425
0 0.17666667 0.51125 0.19333333 0.0275
0 0.475 0.513125 0.17666667 0.03375
0 0.79583333 0.510625 0.19166667 0.03375
0 0.19416667 0.4625 0.22166667 0.0325
0 0.47583333 0.4575 0.17166667 0.03
0 0.79583333 0.454375 0.195 0.03125
0 0.78666667 0.404375 0.17333333 0.02875
0 0.4825 0.405 0.18166667 0.03
0 0.49 0.3575 0.19 0.03
0 0.2175 0.356875 0.255 0.02875
0 0.78583333 0.348125 0.17833333 0.03125
0 0.22583333 0.3075 0.265 0.03
0 0.505 0.30375 0.22333333 0.03
0 0.78166667 0.296875 0.17 0.02875
0 0.18083333 0.259375 0.165 0.02875
0 0.51333333 0.251875 0.23666667 0.03125
0 0.81 0.245625 0.22 0.02875
0 0.18583333 0.20875 0.175 0.0275
0 0.4875 0.20125 0.18833333 0.0275
0 0.7925 0.19125 0.18166667 0.03
0 0.1975 0.161875 0.18833333 0.02625
0 0.49916667 0.15 0.20833333 0.0325
0 0.79416667 0.1425 0.19166667 0.0275
0 0.19583333 0.405 0.215 0.03
0 0.48916667 0.61625 0.205 0.0375
