0 0.5225 0.66 0.245 0.0375
0 0.2275 0.65625 0.20166667 0.035
0 0.49833333 0.60125 0.20333333 0.03
0 0.235 0.601875 0.21 0.03125
0 0.235 0.171875 0.20666667 0.04375
0 0.505 0.166875 0.22 0.03375
0 0.23083333 0.22625 0.205 0.04
0 0.22333333 0.27625 0.21 0.045
0 0.2225 0.33 0.205 0.0375
0 0.22583333 0.385 0.21166667 0.0425
0 0.23 0.44 0.20333333 0.04
0 0.23416667 0.496875 0.215 0.04375
0 0.23666667 0.545 0.23333333 0.04
0 0.5025 0.2175 0.21833333 0.0375
0 0.50333333 0.271875 0.22 0.03625
0 0.48833333 0.326875 0.21333333 0.03375
0 0.50416667 0.385 0.21833333 0.05
0 0.50333333 0.441875 0.23333333 0.03375
0 0.49333333 0.49375 0.19666667 0.05
0 0.49 0.546875 0.19666667 0.03375
0 0.77166667 0.15875 0.21333333 0.04
0 0.7775 0.209375 0.24833333 0.03875
0 0.785 0.269375 0.24666667 0.04125
0 0.77916667 0.320625 0.22833333 0.04875
0 0.7725 0.38 0.225 0.0475
0 0.76583333 0.435625 0.21166667 0.04125
0 0.78083333 0.490625 0.22833333 0.04125
0 0.78 0.548125 0.24333333 0.04625
0 0.77833333 0.6075 0.22666667 0.045
0 0.78416667 0.66375 0.235 0.05
