0 0.15166667 0.850625 0.2 0.03625
0 0.17 0.91 0.23666667 0.04
0 0.4775 0.901875 0.24166667 0.03125
0 0.78 0.895 0.25333333 0.0325
0 0.46833333 0.846875 0.23 0.02875
0 0.76916667 0.84125 0.22833333 0.03
0 0.16083333 0.793125 0.21166667 0.03125
0 0.455 0.791875 0.19666667 0.03375
0 0.1725 0.738125 0.225 0.03375
0 0.79583333 0.731875 0.27833333 0.03125
0 0.46416667 0.73375 0.215 0.0325
0 0.475 0.68125 0.23 0.03
0 0.77333333 0.67875 0.23333333 0.03
0 0.17083333 0.68 0.21833333 0.0325
0 0.78333333 0.626875 0.25333333 0.03125
0 0.45083333 0.625625 0.18166667 0.03125
0 0.15916667 0.62625 0.19166667 0.03
0 0.785 0.573125 0.26 0.03125
0 0.4525 0.570625 0.17833333 0.03375
0 0.15916667 0.57125 0.18833333 0.03
0 0.79833333 0.520625 0.28 0.03125
0 0.48333333 0.5175 0.24 0.03
0 0.1625 0.515625 0.19166667 0.02875
0 0.80666667 0.46875 0.29333333 0.0325
0 0.16916667 0.46 0.205 0.03
0 0.46916667 0.4625 0.20833333 0.035
0 0.1575 0.40375 0.18166667 0.0325
0 0.79916667 0.363125 0.28166667 0.03125
0 0.49166667 0.35625 0.24333333 0.03
0 0.15583333 0.350625 0.165 0.03125
0 0.46083333 0.303125 0.18833333 0.02875
0 0.16833333 0.2975 0.19 0.0325
0 0.79916667 0.2575 0.275 0.0325
0 0.48583333 0.24875 0.235 0.03
0 0.1575 0.240625 0.165 0.02875
0 0.7925 0.206875 0.265 0.03125
0 0.46333333 0.19625 0.19 0.03
0 0.17666667 0.18875 0.20333333 0.035
0 0.8 0.154375 0.27 0.03125
0 0.46583333 0.145 0.18833333 0.035
0 0.14666667 0.136875 0.14333333 0.03375
0 0.79833333 0.785 0.28333333 0.0325
0 0.80916667 0.415 0.29833333 0.035
0 0.4575 0.409375 0.185 0.04125
0 0.79666667 0.309375 0.28 0.03375
