0 0.47333333 0.93625 0.20666667 0.035
0 0.175 0.93125 0.2 0.03
0 0.76583333 0.878125 0.20166667 0.02875
0 0.46166667 0.875 0.18 0.03
0 0.19083333 0.876875 0.22833333 0.03125
0 0.76583333 0.820625 0.195 0.02875
0 0.4575 0.818125 0.16833333 0.02875
0 0.1775 0.8175 0.20166667 0.03
0 0.7675 0.764375 0.20166667 0.02875
0 0.46416667 0.764375 0.17833333 0.03375
0 0.17833333 0.760625 0.2 0.02875
0 0.76666667 0.706875 0.19666667 0.02875
0 0.46666667 0.705625 0.18666667 0.03125
0 0.175 0.704375 0.19 0.02875
0 0.785 0.65125 0.23 0.0325
0 0.455 0.648125 0.16 0.02875
0 0.1725 0.648125 0.18833333 0.03125
0 0.78083333 0.594375 0.22833333 0.03125
0 0.45916667 0.591875 0.17166667 0.03125
0 0.16083333 0.59 0.15833333 0.03
0 0.77083333 0.538125 0.205 0.02875
0 0.4725 0.535 0.195 0.03
0 0.17083333 0.53625 0.17833333 0.035
0 0.7725 0.48125 0.20833333 0.03
0 0.475 0.478125 0.19 0.02875
0 0.175 0.47625 0.18333333 0.03
0 0.7525 0.42625 0.165 0.03
0 0.4575 0.420625 0.19833333 0.03125
0 0.75833333 0.37 0.17 0.03
0 0.45916667 0.364375 0.16166667 0.03125
0 0.77 0.31125 0.20333333 0.03
0 0.47166667 0.308125 0.19 0.03125
0 0.18 0.305625 0.19333333 0.02875
0 0.76833333 0.255 0.19666667 0.03
0 0.46916667 0.250625 0.21166667 0.03125
0 0.16166667 0.2475 0.16 0.03
0 0.76166667 0.19875 0.17666667 0.03
0 0.46666667 0.194375 0.21 0.03125
0 0.1725 0.191875 0.18166667 0.03125
0 0.775 0.14125 0.20666667 0.0325
0 0.46083333 0.13625 0.16166667 0.0325
0 0.17583333 0.135625 0.18833333 0.03625
0 0.17583333 0.36875 0.19166667 0.04
0 0.1725 0.4225 0.185 0.04
0 0.76166667 0.935 0.21666667 0.0425
