0 0.5025 0.610625 0.21166667 0.04625
0 0.50333333 0.56 0.21333333 0.0375
0 0.49916667 0.510625 0.20166667 0.03375
0 0.83833333 0.51 0.23 0.035
0 0.825 0.459375 0.20666667 0.04375
0 0.81916667 0.410625 0.19833333 0.03625
0 0.17666667 0.4125 0.21 0.04
0 0.82416667 0.3625 0.215 0.0375
0 0.1775 0.3625 0.20833333 0.0375
0 0.81916667 0.316875 0.21166667 0.02875
0 0.17666667 0.316875 0.2 0.04125
0 0.495 0.265 0.2 0.035
0 0.81166667 0.268125 0.2 0.03125
0 0.18583333 0.173125 0.205 0.03375
0 0.18333333 0.221875 0.2 0.03875
0 0.18583333 0.265625 0.205 0.03875
0 0.17166667 0.459375 0.20333333 0.03875
0 0.17166667 0.511875 0.21 0.03625
0 0.16833333 0.561875 0.20666667 0.04125
0 0.16583333 0.613125 0.205 0.04625
0 0.48833333 0.17375 0.18 0.0425
0 0.49916667 0.220625 0.20166667 0.03375
0 0.5 0.31625 0.20666667 0.0425
0 0.49416667 0.365625 0.205 0.04125
0 0.4975 0.415625 0.19833333 0.04875
0 0.49583333 0.463125 0.19166667 0.03375
0 0.8075 0.18 0.195 0.0375
0 0.805 0.2225 0.18666667 0.0375
0 0.83416667 0.5625 0.21833333 0.045
0 0.84083333 0.613125 0.21833333 0.04875
