0 0.2515625 0.78958333 0.05104167 0.21527778
0 0.48802083 0.79375 0.05104167 0.21527778
0 0.43385417 0.79791667 0.05104167 0.21527778
0 0.37135417 0.79791667 0.05104167 0.21527778
0 0.3109375 0.79791667 0.05104167 0.21527778
0 0.43489583 0.50347222 0.05104167 0.21527778
0 0.3734375 0.49513889 0.05104167 0.21527778
0 0.31197917 0.49652778 0.05104167 0.21527778
0 0.24427083 0.51041667 0.05104167 0.21527778
0 0.80572917 0.52569444 0.05104167 0.21527778
0 0.6828125 0.51180556 0.05104167 0.21527778
0 0.6203125 0.52013889 0.05104167 0.21527778
0 0.7453125 0.52152778 0.05104167 0.21527778
0 0.55260417 0.51180556 0.05104167 0.21527778
0 0.49739583 0.49930556 0.05104167 0.21527778
0 0.7859375 0.80347222 0.05104167 0.21527778
0 0.72864583 0.80486111 0.05104167 0.21527778
0 0.66302083 0.79652778 0.05104167 0.21527778
0 0.6078125 0.79791667 0.05104167 0.21527778
0 0.54739583 0.81041667 0.05104167 0.21527778
0 0.50364583 0.19375 0.05104167 0.21527778
0 0.4453125 0.18958333 0.05104167 0.21527778
0 0.38072917 0.19236111 0.05104167 0.21527778
0 0.31822917 0.20347222 0.05104167 0.21527778
0 0.2578125 0.19791667 0.05104167 0.21527778
0 0.69322917 0.19930556 0.05104167 0.21527778
0 0.62760417 0.19375 0.05104167 0.21527778
0 0.5671875 0.19236111 0.05104167 0.21527778
0 0.81927083 0.19791667 0.05104167 0.21527778
0 0.75052083 0.19791667 0.05104167 0.21527778
