0 0.33464674 0.40930104 0.19538043 0.03051036
0 0.35040761 0.44914941 0.18070652 0.03476331
0 0.35665761 0.48964497 0.19755435 0.02773669
0 0.35394022 0.52949334 0.18179348 0.02644231
0 0.35298913 0.57109837 0.2048913 0.02829142
0 0.34157609 0.61446006 0.1923913 0.03698225
0 0.35407609 0.65680473 0.20271739 0.02921598
0 0.35665761 0.69868713 0.21005435 0.04197485
0 0.36236413 0.74278846 0.21331522 0.03772189
0 0.37119565 0.79123521 0.22880435 0.03772189
0 0.57201087 0.40930104 0.16630435 0.02200444
0 0.56983696 0.44203033 0.17880435 0.02348373
0 0.57921196 0.48178624 0.18070652 0.03198964
0 0.58913043 0.52773669 0.20706522 0.03846154
0 0.59442935 0.56684541 0.19646739 0.03272929
0 0.58817935 0.60919009 0.20896739 0.04049556
0 0.60067935 0.65319896 0.23179348 0.04049556
0 0.59442935 0.69591346 0.20461957 0.03642751
0 0.60747283 0.7410318 0.21820652 0.03975592
0 0.6142663 0.78836908 0.20679348 0.04197485
0 0.79619565 0.41068787 0.18804348 0.02477811
0 0.79144022 0.44905695 0.19320652 0.02200444
0 0.80720109 0.48326553 0.18505435 0.02903107
0 0.81548913 0.52376109 0.19945652 0.03346893
0 0.82853261 0.56323964 0.21086957 0.02699704
0 0.82540761 0.60308802 0.18179348 0.02570266
0 0.83695652 0.6504253 0.20706522 0.03346893
0 0.85991848 0.69480399 0.24266304 0.02977071
0 0.84157609 0.73502219 0.19565217 0.03328402
0 0.84782609 0.78051036 0.21630435 0.0477071
