0 0.34456522 0.44877959 0.14836957 0.03846154
0 0.3544837 0.49241864 0.17038043 0.02773669
0 0.35244565 0.52940089 0.15978261 0.02773669
0 0.34986413 0.56360947 0.1861413 0.02773669
0 0.35611413 0.60382766 0.18831522 0.03827663
0 0.36440217 0.64931583 0.2173913 0.03568787
0 0.35923913 0.68565089 0.20706522 0.02699704
0 0.34415761 0.73039941 0.18288043 0.03254438
0 0.35869565 0.77736686 0.21630435 0.04400888
0 0.33627717 0.82322485 0.20679348 0.04068047
0 0.54171196 0.45515902 0.14103261 0.03420858
0 0.54891304 0.49140163 0.14728261 0.02570266
0 0.55258152 0.52903107 0.14211957 0.02847633
0 0.56358696 0.56971154 0.16413043 0.03550296
0 0.56929348 0.6077108 0.17554348 0.03051036
0 0.57241848 0.64755917 0.1861413 0.0362426
0 0.57608696 0.69378698 0.19130435 0.03920118
0 0.57459239 0.73714867 0.18396739 0.04493343
0 0.57513587 0.77912352 0.18505435 0.03901627
0 0.59388587 0.82636834 0.18722826 0.04548817
0 0.75692935 0.46727071 0.17255435 0.03698225
0 0.75339674 0.50711908 0.15679348 0.02570266
0 0.7611413 0.5443787 0.18913043 0.03920118
0 0.76589674 0.57747781 0.16929348 0.03698225
0 0.76168478 0.61584689 0.1673913 0.03272929
0 0.76576087 0.65255178 0.16304348 0.03069527
0 0.78152174 0.69840976 0.15271739 0.04252959
0 0.7705163 0.73576183 0.16603261 0.03772189
0 0.77839674 0.77662722 0.17961957 0.03698225
0 0.80815217 0.82572115 0.22663043 0.05676775
