0 0.30787037 0.21701389 0.20648148 0.03125
0 0.30972222 0.265625 0.19907407 0.03402778
0 0.30138889 0.3125 0.18240741 0.03055556
0 0.30740741 0.35972222 0.19444444 0.03611111
0 0.31296296 0.40069444 0.19814815 0.03472222
0 0.29907407 0.44652778 0.19814815 0.0375
0 0.29768519 0.49548611 0.18981481 0.03958333
0 0.29768519 0.54479167 0.21759259 0.03541667
0 0.30925926 0.59479167 0.20925926 0.03958333
0 0.29027778 0.646875 0.18611111 0.03402778
0 0.51527778 0.21944444 0.16944444 0.03194444
0 0.53148148 0.26909722 0.19074074 0.03541667
0 0.52731481 0.3125 0.18240741 0.03194444
0 0.53657407 0.36284722 0.19537037 0.04236111
0 0.52546296 0.40173611 0.15833333 0.02708333
0 0.53472222 0.44895833 0.17685185 0.02986111
0 0.52685185 0.49444444 0.17592593 0.03333333
0 0.53009259 0.540625 0.16944444 0.02847222
0 0.53981481 0.59166667 0.18703704 0.03333333
0 0.54398148 0.63888889 0.19166667 0.02916667
0 0.73796296 0.23402778 0.16666667 0.02916667
0 0.75138889 0.27465278 0.18796296 0.02708333
0 0.73935185 0.32013889 0.175 0.02777778
0 0.75462963 0.36284722 0.17777778 0.02569444
0 0.76388889 0.40694444 0.2 0.02916667
0 0.76805556 0.44965278 0.19351852 0.03125
0 0.76990741 0.49409722 0.21388889 0.02986111
0 0.76574074 0.54270833 0.2037037 0.03958333
0 0.77824074 0.58680556 0.20462963 0.03194444
0 0.7837963 0.63298611 0.20833333 0.04097222
