0 0.23981481 0.23993056 0.25 0.03819444
0 0.25509259 0.28368056 0.24907407 0.04930556
0 0.25092593 0.32951389 0.24814815 0.04097222
0 0.24907407 0.37222222 0.22037037 0.03888889
0 0.24537037 0.42048611 0.24259259 0.04236111
0 0.24444444 0.47326389 0.24074074 0.04652778
0 0.24398148 0.52465278 0.23611111 0.03541667
0 0.24305556 0.57395833 0.24351852 0.04375
0 0.24722222 0.63298611 0.24814815 0.04652778
0 0.24768519 0.68958333 0.25833333 0.04027778
0 0.47268519 0.23298611 0.20092593 0.03541667
0 0.48657407 0.27743056 0.225 0.03819444
0 0.48611111 0.32326389 0.22777778 0.03402778
0 0.49537037 0.36840278 0.22592593 0.03541667
0 0.49398148 0.41736111 0.22685185 0.04027778
0 0.49537037 0.46666667 0.22407407 0.0375
0 0.50787037 0.51701389 0.24537037 0.04375
0 0.51018519 0.57013889 0.23333333 0.03611111
0 0.50740741 0.61701389 0.23888889 0.05069444
0 0.51527778 0.67569444 0.23796296 0.03888889
0 0.70462963 0.23715278 0.20925926 0.03680556
0 0.71203704 0.28333333 0.21296296 0.03333333
0 0.73333333 0.32708333 0.24074074 0.0375
0 0.72638889 0.36770833 0.21574074 0.03541667
0 0.73657407 0.41284722 0.21944444 0.04097222
0 0.74398148 0.45694444 0.23611111 0.04722222
0 0.74583333 0.50798611 0.21944444 0.03402778
0 0.75555556 0.55902778 0.21296296 0.04166667
0 0.76342593 0.60763889 0.2287037 0.04583333
0 0.78240741 0.6625 0.2537037 0.04583333
