0 0.31759259 0.24826389 0.19814815 0.03402778
0 0.31805556 0.29479167 0.21944444 0.03125
0 0.32407407 0.3375 0.22777778 0.03333333
0 0.33101852 0.39097222 0.2287037 0.03472222
0 0.31898148 0.43888889 0.21759259 0.0375
0 0.31944444 0.48854167 0.22777778 0.02986111
0 0.31296296 0.54270833 0.22037037 0.03263889
0 0.30185185 0.59513889 0.21481481 0.04583333
0 0.29768519 0.64965278 0.22314815 0.04375
0 0.30694444 0.70451389 0.23981481 0.03819444
0 0.5712963 0.23402778 0.20925926 0.03472222
0 0.57638889 0.28958333 0.21203704 0.03472222
0 0.57685185 0.3375 0.22407407 0.04166667
0 0.56203704 0.38680556 0.18518519 0.04166667
0 0.55694444 0.43958333 0.18425926 0.03611111
0 0.56203704 0.490625 0.18518519 0.03958333
0 0.56898148 0.54340278 0.21944444 0.03819444
0 0.56527778 0.59722222 0.21203704 0.04444444
0 0.56898148 0.65347222 0.23425926 0.04305556
0 0.57407407 0.70902778 0.22962963 0.03611111
0 0.82592593 0.22118056 0.2037037 0.03263889
0 0.83472222 0.27430556 0.21759259 0.03194444
0 0.8162037 0.32743056 0.20648148 0.03680556
0 0.81990741 0.37847222 0.20092593 0.0375
0 0.825 0.43125 0.22777778 0.04027778
0 0.83148148 0.48576389 0.22407407 0.03819444
0 0.83518519 0.54270833 0.20555556 0.03541667
0 0.83055556 0.6 0.21481481 0.04027778
0 0.83888889 0.65451389 0.22962963 0.03819444
0 0.84027778 0.71354167 0.2287037 0.04375
