0 0.27083333 0.78819444 0.06041667 0.25138889
0 0.47916667 0.78541667 0.06041667 0.25138889
0 0.41458333 0.78125 0.06041667 0.25138889
0 0.34479167 0.78541667 0.06041667 0.25138889
0 0.26770833 0.48541667 0.06041667 0.25138889
0 0.33125 0.47847222 0.06041667 0.25138889
0 0.39375 0.47847222 0.06041667 0.25138889
0 0.46145833 0.47291667 0.06041667 0.25138889
0 0.64583333 0.47013889 0.06041667 0.25138889
0 0.60625 0.77569444 0.06041667 0.25138889
0 0.58229167 0.46736111 0.06041667 0.25138889
0 0.53958333 0.78263889 0.06041667 0.25138889
0 0.521875 0.48680556 0.06041667 0.25138889
0 0.66979167 0.77152778 0.06041667 0.25138889
0 0.81770833 0.45763889 0.06041667 0.25138889
0 0.75729167 0.45625 0.06041667 0.25138889
0 0.70104167 0.46458333 0.06041667 0.25138889
0 0.85104167 0.75486111 0.06041667 0.25138889
0 0.79166667 0.75486111 0.06041667 0.25138889
0 0.73020833 0.76458333 0.06041667 0.25138889
0 0.62083333 0.18680556 0.06041667 0.25138889
0 0.675 0.17708333 0.06041667 0.25138889
0 0.72708333 0.18125 0.06041667 0.25138889
0 0.7875 0.17708333 0.06041667 0.25138889
0 0.39166667 0.17430556 0.06041667 0.25138889
0 0.44479167 0.18402778 0.06041667 0.25138889
0 0.50416667 0.17708333 0.06041667 0.25138889
0 0.56666667 0.17430556 0.06041667 0.25138889
0 0.32708333 0.18125 0.06041667 0.25138889
0 0.26875 0.17986111 0.06041667 0.25138889
