0 0.45416667 0.906875 0.19166667 0.02875
0 0.15666667 0.905625 0.16666667 0.03125
0 0.745 0.85625 0.21 0.03
0 0.46333333 0.85375 0.2 0.0325
0 0.195 0.851875 0.24333333 0.03125
0 0.745 0.801875 0.21 0.03125
0 0.4525 0.796875 0.185 0.02875
0 0.16416667 0.796875 0.175 0.02875
0 0.72916667 0.745625 0.17166667 0.02875
0 0.46166667 0.743125 0.19333333 0.02875
0 0.15 0.74125 0.15333333 0.03
0 0.73833333 0.690625 0.18333333 0.02875
0 0.445 0.6875 0.16333333 0.03
0 0.18916667 0.68625 0.22833333 0.03
0 0.7425 0.63625 0.19166667 0.03
0 0.4425 0.6325 0.15166667 0.03
0 0.16416667 0.631875 0.165 0.02875
0 0.74666667 0.58125 0.19666667 0.03
0 0.44666667 0.578125 0.21 0.02875
0 0.16583333 0.576875 0.165 0.02875
0 0.73833333 0.525 0.17333333 0.0325
0 0.18416667 0.521875 0.19833333 0.02875
0 0.44583333 0.521875 0.155 0.03125
0 0.7225 0.47125 0.14833333 0.0325
0 0.43833333 0.4675 0.14333333 0.03
0 0.18333333 0.46625 0.20666667 0.03
0 0.73916667 0.415 0.17833333 0.03
0 0.465 0.414375 0.19333333 0.03125
0 0.17833333 0.410625 0.19333333 0.02875
0 0.76333333 0.35875 0.22666667 0.03
0 0.43833333 0.3575 0.14 0.03
0 0.17666667 0.355625 0.19 0.02875
0 0.7275 0.303125 0.15166667 0.03125
0 0.45166667 0.3025 0.16 0.03
0 0.16583333 0.300625 0.165 0.02875
0 0.7525 0.24625 0.19833333 0.03
0 0.47333333 0.24625 0.21 0.03
0 0.18166667 0.24625 0.19666667 0.0325
0 0.75166667 0.190625 0.2 0.03125
0 0.46666667 0.19125 0.19333333 0.0325
0 0.18083333 0.18875 0.19833333 0.03
0 0.72666667 0.135 0.19333333 0.0325
0 0.4475 0.13375 0.15166667 0.03
0 0.17333333 0.136875 0.18333333 0.03875
0 0.72166667 0.91125 0.16666667 0.035
