0 0.83 0.920625 0.30666667 0.03625
0 0.46583333 0.905 0.16833333 0.03
0 0.18416667 0.89875 0.17833333 0.0325
0 0.825 0.85875 0.29333333 0.035
0 0.49666667 0.845625 0.22333333 0.03625
0 0.18333333 0.840625 0.17 0.03375
0 0.8225 0.8 0.29166667 0.0325
0 0.5075 0.791875 0.235 0.03125
0 0.21083333 0.784375 0.21833333 0.03125
0 0.50166667 0.735 0.23 0.0325
0 0.20666667 0.726875 0.2 0.02875
0 0.80833333 0.68375 0.26333333 0.03
0 0.5025 0.6775 0.225 0.03
0 0.23666667 0.673125 0.24666667 0.02875
0 0.80166667 0.62875 0.25333333 0.0325
0 0.50583333 0.623125 0.21833333 0.03125
0 0.22416667 0.6175 0.215 0.03
0 0.82 0.57 0.29 0.035
0 0.51 0.566875 0.22333333 0.02875
0 0.2175 0.564375 0.18166667 0.02875
0 0.51083333 0.51375 0.225 0.0275
0 0.21416667 0.51125 0.17833333 0.0275
0 0.22 0.458125 0.18 0.02875
0 0.51083333 0.4525 0.22166667 0.0475
0 0.21833333 0.41 0.17333333 0.03
0 0.81333333 0.40625 0.27333333 0.0325
0 0.49583333 0.405 0.19166667 0.03
0 0.22333333 0.35625 0.17333333 0.0275
0 0.5125 0.354375 0.22166667 0.02875
0 0.78416667 0.351875 0.21166667 0.02875
0 0.22166667 0.3075 0.16666667 0.0275
0 0.80833333 0.2975 0.26 0.03
0 0.5 0.3 0.19333333 0.0325
0 0.23166667 0.258125 0.17666667 0.02625
0 0.49083333 0.249375 0.16833333 0.03125
0 0.23 0.2075 0.17 0.0275
0 0.49583333 0.199375 0.16833333 0.02875
0 0.815 0.1925 0.27333333 0.03
0 0.2325 0.15875 0.16833333 0.0275
0 0.50916667 0.14875 0.20166667 0.0275
0 0.81333333 0.143125 0.26666667 0.03625
0 0.81833333 0.246875 0.29333333 0.04875
0 0.83333333 0.743125 0.31666667 0.03875
0 0.825 0.46125 0.29333333 0.0375
0 0.82916667 0.51875 0.30166667 0.035
