0 0.84833333 0.651875 0.28333333 0.03375
0 0.48833333 0.655 0.27 0.04
0 0.13666667 0.65125 0.24 0.0375
0 0.8425 0.5975 0.28166667 0.035
0 0.4775 0.59875 0.245 0.0425
0 0.12666667 0.596875 0.21333333 0.04375
0 0.15083333 0.544375 0.25833333 0.03625
0 0.82916667 0.5425 0.25166667 0.0375
0 0.1525 0.494375 0.255 0.03875
0 0.82666667 0.485625 0.25 0.03875
0 0.8225 0.43625 0.25166667 0.0325
0 0.155 0.4425 0.25333333 0.0425
0 0.46833333 0.39 0.22 0.0325
0 0.1475 0.395 0.22833333 0.0375
0 0.15 0.34375 0.23666667 0.0375
0 0.47 0.339375 0.22 0.03875
0 0.15916667 0.2925 0.25166667 0.035
0 0.48916667 0.288125 0.25833333 0.03875
0 0.155 0.245625 0.24333333 0.03875
0 0.48166667 0.23625 0.24666667 0.035
0 0.82333333 0.229375 0.26666667 0.03625
0 0.1525 0.195625 0.23833333 0.03375
0 0.475 0.189375 0.23666667 0.03625
0 0.81833333 0.1775 0.25666667 0.0375
0 0.46166667 0.43875 0.20333333 0.0425
0 0.48666667 0.489375 0.26333333 0.03375
0 0.48833333 0.544375 0.26333333 0.04375
0 0.8075 0.2825 0.23833333 0.0425
0 0.79916667 0.335625 0.21166667 0.04375
0 0.82166667 0.383125 0.25666667 0.04375
