0 0.27201087 0.42991864 0.20597826 0.03069527
0 0.26888587 0.46939719 0.1861413 0.02089497
0 0.25692935 0.50887574 0.1611413 0.03735207
0 0.26929348 0.5526997 0.17663043 0.02847633
0 0.26317935 0.59615385 0.1986413 0.02773669
0 0.27975543 0.63840607 0.20298913 0.03420858
0 0.27296196 0.67917899 0.19103261 0.03217456
0 0.28532609 0.72781065 0.21684783 0.03772189
0 0.27703804 0.77265163 0.22744565 0.03014053
0 0.29429348 0.82026627 0.23695652 0.04733728
0 0.46875 0.42677515 0.15108696 0.02810651
0 0.48491848 0.46042899 0.16929348 0.02662722
0 0.49375 0.50369822 0.18967391 0.0329142
0 0.49524457 0.54456361 0.18777174 0.04252959
0 0.51644022 0.59106879 0.21657609 0.04308432
0 0.50611413 0.63544749 0.18722826 0.03938609
0 0.51875 0.67224482 0.20163043 0.04419379
0 0.50991848 0.71967456 0.19483696 0.03957101
0 0.52404891 0.7664571 0.20461957 0.03957101
0 0.5205163 0.8149963 0.19320652 0.03901627
0 0.70013587 0.42095044 0.19320652 0.03494822
0 0.69945652 0.46181583 0.17228261 0.03125
0 0.73152174 0.50295858 0.21956522 0.0262574
0 0.71834239 0.54068047 0.19483696 0.02773669
0 0.72961957 0.58274778 0.19782609 0.03383876
0 0.74279891 0.6241679 0.19701087 0.03235947
0 0.7548913 0.66318417 0.2076087 0.03864645
0 0.75380435 0.71200074 0.21141304 0.03864645
0 0.75910326 0.75406805 0.19755435 0.03439349
0 0.77880435 0.80159024 0.2173913 0.03587278
