0 0.2337963 0.059375 0.26944444 0.04791667
0 0.21574074 0.12986111 0.22962963 0.04861111
0 0.22453704 0.18854167 0.24537037 0.04791667
0 0.21851852 0.25243056 0.24444444 0.05347222
0 0.20231481 0.31215278 0.20462963 0.04513889
0 0.19722222 0.37222222 0.20555556 0.04444444
0 0.21203704 0.43506944 0.23703704 0.04097222
0 0.21388889 0.49305556 0.23333333 0.05
0 0.22824074 0.55208333 0.26944444 0.04305556
0 0.21018519 0.61215278 0.24074074 0.05208333
0 0.21851852 0.67256944 0.26666667 0.04652778
0 0.20092593 0.73159722 0.2462963 0.04097222
0 0.21574074 0.79236111 0.27222222 0.05138889
0 0.21481481 0.85763889 0.27962963 0.05972222
0 0.20046296 0.91805556 0.25648148 0.05
0 0.53009259 0.06666667 0.23796296 0.04444444
0 0.53796296 0.12569444 0.26481481 0.05
0 0.53564815 0.18680556 0.26574074 0.05
0 0.55185185 0.24722222 0.29444444 0.05555556
0 0.54305556 0.31527778 0.275 0.05555556
0 0.53888889 0.37847222 0.27037037 0.04722222
0 0.50231481 0.43923611 0.20462963 0.05208333
0 0.51296296 0.50034722 0.23518519 0.05208333
0 0.55092593 0.56423611 0.31481481 0.04652778
0 0.52453704 0.62291667 0.25092593 0.05277778
0 0.48194444 0.68541667 0.20648148 0.05833333
0 0.49861111 0.74375 0.22685185 0.04722222
0 0.49398148 0.81111111 0.21574074 0.05694444
0 0.48472222 0.87326389 0.21018519 0.05208333
0 0.50231481 0.94027778 0.24537037 0.05694444
0 0.84953704 0.06701389 0.23611111 0.05208333
0 0.84351852 0.12951389 0.23148148 0.04513889
0 0.84907407 0.19409722 0.24814815 0.05208333
0 0.84814815 0.25520833 0.23518519 0.04652778
0 0.82731481 0.31701389 0.2212963 0.04375
0 0.83935185 0.37708333 0.24351852 0.05277778
0 0.83009259 0.44513889 0.23425926 0.04583333
0 0.82824074 0.50972222 0.24537037 0.05416667
0 0.83240741 0.57256944 0.24074074 0.05347222
0 0.82037037 0.63784722 0.22962963 0.04652778
0 0.82685185 0.69479167 0.25185185 0.05208333
0 0.82777778 0.76493056 0.25 0.06319444
0 0.81666667 0.82569444 0.26296296 0.05138889
0 0.81851852 0.890625 0.23888889 0.04513889
0 0.825 0.94791667 0.26111111 0.05138889
