0 0.21166667 0.180625 0.15666667 0.04875
0 0.215 0.23875 0.16333333 0.0425
0 0.22083333 0.29 0.17833333 0.0375
0 0.2325 0.3475 0.18833333 0.0425
0 0.23416667 0.398125 0.19833333 0.03625
0 0.2425 0.4525 0.21833333 0.045
0 0.2375 0.5 0.20833333 0.035
0 0.2375 0.54875 0.205 0.03
0 0.2425 0.60125 0.20833333 0.035
0 0.22083333 0.656875 0.165 0.03625
0 0.24416667 0.71 0.20166667 0.045
0 0.24083333 0.76 0.19833333 0.0275
0 0.23583333 0.813125 0.20833333 0.03375
0 0.25083333 0.869375 0.215 0.04375
0 0.23333333 0.918125 0.19666667 0.03375
0 0.50666667 0.180625 0.20666667 0.04875
0 0.485 0.236875 0.16333333 0.03375
0 0.49833333 0.288125 0.18 0.04125
0 0.51166667 0.34375 0.20666667 0.0375
0 0.505 0.395 0.19666667 0.035
0 0.50916667 0.446875 0.20166667 0.03375
0 0.515 0.499375 0.20666667 0.03375
0 0.50583333 0.550625 0.19166667 0.03125
0 0.51833333 0.600625 0.22 0.03375
0 0.51416667 0.653125 0.22166667 0.03875
0 0.49666667 0.70375 0.17666667 0.0325
0 0.50416667 0.756875 0.18833333 0.03375
0 0.51833333 0.81 0.21666667 0.0425
0 0.50416667 0.861875 0.19166667 0.03625
0 0.5125 0.914375 0.215 0.03875
0 0.80166667 0.17875 0.24 0.0475
0 0.785 0.23375 0.20333333 0.04
0 0.77 0.284375 0.17666667 0.04125
0 0.7875 0.33625 0.20166667 0.035
0 0.7775 0.39125 0.19166667 0.04
0 0.78666667 0.44625 0.21333333 0.04
0 0.78083333 0.500625 0.205 0.04375
0 0.77583333 0.554375 0.19833333 0.04125
0 0.77416667 0.60625 0.185 0.04
0 0.75666667 0.651875 0.17666667 0.03875
0 0.75666667 0.70375 0.16 0.0275
0 0.77166667 0.75625 0.19666667 0.045
0 0.75666667 0.81125 0.15666667 0.04
0 0.78666667 0.865 0.21666667 0.0425
0 0.77916667 0.9175 0.19833333 0.0375
