0 0.1775 0.9275 0.16833333 0.03
0 0.49416667 0.926875 0.19833333 0.03125
0 0.20583333 0.87 0.22166667 0.03
0 0.495 0.86875 0.20666667 0.03
0 0.77916667 0.8675 0.18833333 0.0325
0 0.18333333 0.811875 0.16666667 0.02875
0 0.7725 0.811875 0.17833333 0.03125
0 0.51333333 0.811875 0.24333333 0.03125
0 0.49 0.755625 0.19333333 0.02875
0 0.18833333 0.75625 0.18 0.03
0 0.77666667 0.754375 0.23 0.02875
0 0.795 0.6975 0.22333333 0.03
0 0.4825 0.69875 0.18166667 0.03
0 0.1875 0.698125 0.17833333 0.03125
0 0.19166667 0.64125 0.19 0.03
0 0.495 0.64 0.19666667 0.03
0 0.77166667 0.640625 0.17333333 0.03125
0 0.2 0.585625 0.21 0.03125
0 0.485 0.58375 0.18333333 0.03
0 0.785 0.583125 0.20666667 0.02875
0 0.49333333 0.5275 0.2 0.03
0 0.78416667 0.526875 0.20166667 0.03125
0 0.19666667 0.526875 0.19666667 0.02875
0 0.47916667 0.47125 0.175 0.03
0 0.1975 0.47125 0.19833333 0.03
0 0.7875 0.4725 0.205 0.0325
0 0.78333333 0.41375 0.2 0.03
0 0.49333333 0.414375 0.24 0.03125
0 0.195 0.41625 0.19333333 0.035
0 0.5025 0.3575 0.215 0.03
0 0.19166667 0.358125 0.19 0.03125
0 0.7925 0.3575 0.215 0.03
0 0.7875 0.300625 0.19833333 0.02875
0 0.47416667 0.300625 0.19166667 0.02875
0 0.19083333 0.30125 0.18833333 0.03
0 0.76916667 0.243125 0.17166667 0.03125
0 0.4875 0.243125 0.18833333 0.03125
0 0.20083333 0.2425 0.20833333 0.03
0 0.48333333 0.186875 0.18333333 0.03125
0 0.18833333 0.186875 0.18333333 0.02875
0 0.79 0.185625 0.21333333 0.03125
0 0.49083333 0.128125 0.19833333 0.03125
0 0.77916667 0.1275 0.19166667 0.0325
0 0.2275 0.12875 0.26166667 0.0325
0 0.79916667 0.92875 0.23166667 0.035
