0 0.17246175 0.21398914 0.2433936 0.06707122
0 0.17141864 0.29559246 0.23852573 0.05844778
0 0.17367872 0.37959118 0.26251739 0.06164165
0 0.18271905 0.45464708 0.27086231 0.05972533
0 0.16950626 0.53289684 0.24443672 0.06164165
0 0.16950626 0.60779304 0.27364395 0.05940594
0 0.16481224 0.69019483 0.23504868 0.06834877
0 0.17072323 0.76620888 0.26842837 0.06387736
0 0.16602921 0.84014692 0.25904033 0.06611306
0 0.16776773 0.91935484 0.27225313 0.06802938
0 0.52729485 0.22995848 0.26251739 0.06579368
0 0.51477747 0.30645161 0.24443672 0.0629192
0 0.51234353 0.38757585 0.23748261 0.06164165
0 0.5135605 0.46183328 0.24478442 0.06259981
0 0.50747566 0.53161929 0.23261474 0.06164165
0 0.5033032 0.60986905 0.22426982 0.06611306
0 0.52207928 0.6908336 0.26599444 0.06259981
0 0.49982615 0.76956244 0.23122392 0.07058448
0 0.51060501 0.8478122 0.26043115 0.06164165
0 0.51182197 0.91664005 0.26703755 0.05812839
0 0.8343185 0.23985947 0.24095967 0.06387736
0 0.83623088 0.31587352 0.23991655 0.05748962
0 0.82597357 0.38741616 0.22426982 0.05301821
0 0.83188456 0.46662408 0.23609179 0.05940594
0 0.83084145 0.5410412 0.24095967 0.05621207
0 0.83484006 0.61481955 0.24687065 0.06068349
0 0.82962448 0.69466624 0.23852573 0.06834877
0 0.83379694 0.77068029 0.25173853 0.06387736
0 0.82945063 0.85052699 0.25069541 0.05621207
0 0.83570932 0.92366656 0.26738526 0.05940594
