0 0.85 0.943125 0.24 0.03125
0 0.4875 0.935625 0.21833333 0.03375
0 0.1475 0.92875 0.22166667 0.0325
0 0.85083333 0.883125 0.24166667 0.03125
0 0.48583333 0.875 0.205 0.0325
0 0.16416667 0.868125 0.24166667 0.03375
0 0.865 0.821875 0.27 0.03375
0 0.485 0.814375 0.19666667 0.03375
0 0.16583333 0.806875 0.235 0.03125
0 0.865 0.761875 0.27 0.03375
0 0.17 0.74875 0.21666667 0.0325
0 0.83833333 0.704375 0.21666667 0.03125
0 0.50666667 0.696875 0.22333333 0.03125
0 0.855 0.646875 0.25333333 0.03125
0 0.49166667 0.64125 0.19 0.0325
0 0.84666667 0.589375 0.23333333 0.02875
0 0.49666667 0.58625 0.19 0.03
0 0.175 0.583125 0.20666667 0.02875
0 0.85 0.533125 0.24333333 0.03125
0 0.5025 0.531875 0.20166667 0.03125
0 0.84916667 0.4825 0.235 0.0325
0 0.51416667 0.4775 0.21833333 0.03
0 0.84333333 0.425625 0.22666667 0.02875
0 0.51083333 0.4225 0.21166667 0.03
0 0.84583333 0.37375 0.22833333 0.03
0 0.19166667 0.3675 0.23 0.0325
0 0.84 0.32 0.21666667 0.03
0 0.5175 0.31375 0.225 0.03
0 0.1925 0.311875 0.22833333 0.02875
0 0.84083333 0.263125 0.21166667 0.02875
0 0.1875 0.2625 0.20833333 0.0325
0 0.84166667 0.21125 0.21333333 0.03
0 0.5175 0.206875 0.21833333 0.03125
0 0.1975 0.208125 0.21833333 0.02875
0 0.85 0.1575 0.22666667 0.03
0 0.19666667 0.155 0.21666667 0.03
0 0.52416667 0.154375 0.22833333 0.03125
0 0.51166667 0.2575 0.21333333 0.0375
0 0.50666667 0.369375 0.21666667 0.03125
0 0.18166667 0.42125 0.23 0.035
0 0.18 0.473125 0.23666667 0.03375
0 0.17166667 0.5275 0.24666667 0.035
0 0.18 0.640625 0.24333333 0.03625
0 0.17 0.694375 0.22333333 0.03375
0 0.495 0.7525 0.22333333 0.0375
