0 0.18333333 0.040625 0.23518519 0.04930556
0 0.20601852 0.1125 0.26203704 0.04722222
0 0.1912037 0.18194444 0.23796296 0.04722222
0 0.20601852 0.24548611 0.28240741 0.04097222
0 0.17962963 0.31076389 0.22407407 0.05763889
0 0.20462963 0.37708333 0.24814815 0.05416667
0 0.18935185 0.43472222 0.22685185 0.04861111
0 0.17962963 0.50034722 0.22592593 0.05625
0 0.21296296 0.55868056 0.29074074 0.03958333
0 0.19537037 0.61909722 0.26481481 0.05069444
0 0.19675926 0.68229167 0.28796296 0.04236111
0 0.19907407 0.73993056 0.26851852 0.04791667
0 0.17777778 0.80347222 0.23703704 0.05972222
0 0.1837963 0.86493056 0.24722222 0.05625
0 0.17638889 0.94166667 0.25648148 0.05416667
0 0.54907407 0.02604167 0.31481481 0.05069444
0 0.52777778 0.103125 0.25740741 0.05902778
0 0.51157407 0.17222222 0.25648148 0.05416667
0 0.54907407 0.246875 0.32592593 0.05763889
0 0.50416667 0.30520833 0.21759259 0.04652778
0 0.50509259 0.37326389 0.23240741 0.05069444
0 0.53564815 0.43333333 0.30462963 0.04444444
0 0.50416667 0.49652778 0.23425926 0.05138889
0 0.53611111 0.55694444 0.29814815 0.03611111
0 0.50694444 0.61666667 0.24722222 0.04861111
0 0.49814815 0.67222222 0.21481481 0.05694444
0 0.50046296 0.73958333 0.23240741 0.05555556
0 0.52453704 0.79895833 0.31203704 0.05069444
0 0.52175926 0.85902778 0.27314815 0.05694444
0 0.52361111 0.92986111 0.28240741 0.04861111
0 0.84074074 0.03680556 0.2 0.05277778
0 0.84305556 0.10451389 0.22685185 0.05486111
0 0.82777778 0.17118056 0.21481481 0.04652778
0 0.84027778 0.23784722 0.21944444 0.05208333
0 0.83055556 0.30798611 0.20925926 0.05763889
0 0.82314815 0.37361111 0.22037037 0.04583333
0 0.80740741 0.43819444 0.18518519 0.04583333
0 0.83194444 0.50104167 0.23611111 0.05069444
0 0.83287037 0.56805556 0.24351852 0.04027778
0 0.82037037 0.62430556 0.23148148 0.05277778
0 0.81296296 0.69236111 0.22777778 0.05277778
0 0.81898148 0.75034722 0.24351852 0.04236111
0 0.81805556 0.81076389 0.26203704 0.04791667
0 0.82314815 0.86319444 0.26666667 0.04861111
0 0.82546296 0.92256944 0.27685185 0.05347222
