0 0.77833333 0.74125 0.26 0.0325
0 0.7725 0.685 0.265 0.0325
0 0.5025 0.67875 0.245 0.035
0 0.2325 0.674375 0.22833333 0.03875
0 0.77916667 0.634375 0.26166667 0.04375
0 0.49666667 0.623125 0.23 0.03375
0 0.21166667 0.62125 0.17666667 0.035
0 0.77166667 0.5725 0.24 0.0325
0 0.4875 0.5675 0.20833333 0.03
0 0.205 0.568125 0.16666667 0.03375
0 0.7825 0.5225 0.26833333 0.0425
0 0.48833333 0.515625 0.20333333 0.03125
0 0.2075 0.514375 0.16833333 0.03375
0 0.79 0.4625 0.27666667 0.0375
0 0.48833333 0.46375 0.20666667 0.0325
0 0.2275 0.46 0.205 0.03
0 0.49666667 0.41 0.21666667 0.035
0 0.20833333 0.406875 0.15666667 0.02875
0 0.22583333 0.300625 0.19833333 0.02875
0 0.48666667 0.250625 0.19666667 0.02875
0 0.23833333 0.251875 0.22 0.03375
0 0.77833333 0.2475 0.24333333 0.035
0 0.48333333 0.19625 0.19 0.03
0 0.235 0.196875 0.21333333 0.03125
0 0.74916667 0.19375 0.19166667 0.0325
0 0.4925 0.145 0.205 0.0325
0 0.22666667 0.141875 0.19666667 0.03125
0 0.80333333 0.145625 0.29333333 0.03375
0 0.80333333 0.30375 0.30666667 0.045
0 0.785 0.358125 0.27 0.03125
0 0.80083333 0.409375 0.295 0.03625
0 0.46666667 0.31 0.16 0.04
0 0.48916667 0.3575 0.195 0.0325
0 0.21916667 0.360625 0.18166667 0.03875
0 0.21833333 0.7325 0.19666667 0.0425
0 0.21083333 0.7875 0.185 0.035
0 0.20416667 0.836875 0.185 0.03875
0 0.21 0.899375 0.19333333 0.04875
0 0.4925 0.7375 0.21833333 0.0475
0 0.48333333 0.795 0.21 0.045
0 0.48 0.848125 0.20666667 0.03875
0 0.48083333 0.90375 0.20166667 0.035
0 0.80416667 0.803125 0.31166667 0.04625
0 0.80083333 0.860625 0.295 0.04375
0 0.79416667 0.91625 0.28166667 0.0375
