0 0.16833333 0.7075 0.3 0.045
0 0.51666667 0.70125 0.3 0.045
0 0.84833333 0.691875 0.28666667 0.04625
0 0.51666667 0.63375 0.3 0.045
0 0.85 0.626875 0.3 0.04375
0 0.16833333 0.6375 0.3 0.0625
0 0.515 0.5675 0.3 0.045
0 0.16833333 0.5675 0.3 0.05
0 0.835 0.566875 0.26333333 0.05875
0 0.16833333 0.5025 0.3 0.045
0 0.51666667 0.501875 0.3 0.04375
0 0.85 0.5 0.3 0.045
0 0.85166667 0.4375 0.3 0.0425
0 0.16833333 0.435625 0.3 0.04375
0 0.515 0.43375 0.3 0.045
0 0.85 0.375 0.3 0.0425
0 0.51833333 0.37125 0.3 0.0475
0 0.17 0.3675 0.3 0.045
0 0.84833333 0.31125 0.3 0.0425
0 0.51833333 0.305 0.3 0.0425
0 0.17 0.30125 0.3 0.045
0 0.84833333 0.25 0.3 0.0425
0 0.515 0.240625 0.3 0.04375
0 0.17 0.235625 0.3 0.04375
0 0.84666667 0.1875 0.3 0.0425
0 0.51833333 0.180625 0.3 0.05125
0 0.17166667 0.170625 0.3 0.04375
0 0.845 0.125 0.3 0.0425
0 0.515 0.1175 0.3 0.055
0 0.17666667 0.1075 0.3 0.0525
