0 0.50916667 0.91625 0.225 0.03
0 0.20416667 0.916875 0.19166667 0.03125
0 0.77166667 0.864375 0.19333333 0.02875
0 0.49666667 0.860625 0.20666667 0.02875
0 0.20833333 0.86125 0.20333333 0.03
0 0.79083333 0.80875 0.22833333 0.03
0 0.48916667 0.80625 0.19166667 0.03
0 0.19083333 0.806875 0.16833333 0.03125
0 0.79166667 0.75375 0.22666667 0.03
0 0.4925 0.75125 0.19166667 0.0275
0 0.19333333 0.750625 0.17333333 0.02875
0 0.78 0.69875 0.21 0.03
0 0.48166667 0.696875 0.17333333 0.02875
0 0.1925 0.698125 0.16833333 0.03125
0 0.78 0.644375 0.19 0.02875
0 0.5025 0.6425 0.20166667 0.03
0 0.21333333 0.64125 0.19333333 0.03
0 0.78 0.588125 0.19333333 0.02875
0 0.5 0.586875 0.19666667 0.02875
0 0.2125 0.586875 0.19833333 0.02875
0 0.77083333 0.533125 0.18166667 0.02875
0 0.50916667 0.5325 0.22166667 0.03
0 0.1925 0.53125 0.16166667 0.03
0 0.78083333 0.479375 0.19833333 0.03375
0 0.49666667 0.476875 0.19666667 0.02875
0 0.21333333 0.476875 0.2 0.02875
0 0.76083333 0.42375 0.15166667 0.0275
0 0.4925 0.4225 0.18833333 0.03
0 0.20666667 0.421875 0.19666667 0.02875
0 0.76916667 0.368125 0.16833333 0.03125
0 0.49666667 0.368125 0.20333333 0.03125
0 0.21 0.3675 0.20666667 0.0325
0 0.77 0.3125 0.17333333 0.0325
0 0.49833333 0.313125 0.19 0.02875
0 0.20083333 0.313125 0.18833333 0.03125
0 0.4875 0.2575 0.18166667 0.0275
0 0.76833333 0.256875 0.17333333 0.03125
0 0.21583333 0.256875 0.215 0.02875
0 0.47583333 0.20125 0.16166667 0.03
0 0.18916667 0.20125 0.155 0.03
0 0.78333333 0.2 0.2 0.03
0 0.48916667 0.146875 0.19166667 0.03125
0 0.7675 0.145 0.16833333 0.03
0 0.19666667 0.1475 0.18333333 0.03
0 0.77583333 0.920625 0.205 0.03625
