0 0.86 0.913125 0.26666667 0.03625
0 0.49333333 0.904375 0.21666667 0.03375
0 0.16416667 0.888125 0.22166667 0.02875
0 0.83666667 0.856875 0.22 0.03125
0 0.5075 0.846875 0.245 0.03375
0 0.17583333 0.833125 0.235 0.03375
0 0.85833333 0.796875 0.26333333 0.03375
0 0.50833333 0.790625 0.24 0.03375
0 0.1825 0.780625 0.23833333 0.03625
0 0.83333333 0.739375 0.2 0.03375
0 0.49666667 0.734375 0.21333333 0.03625
0 0.19 0.725625 0.24666667 0.03625
0 0.84333333 0.684375 0.23333333 0.03875
0 0.505 0.675 0.22 0.0375
0 0.205 0.670625 0.26666667 0.03125
0 0.8325 0.626875 0.205 0.03125
0 0.4925 0.620625 0.18833333 0.02875
0 0.18333333 0.61625 0.21 0.03
0 0.84333333 0.57 0.23 0.0325
0 0.50166667 0.565625 0.2 0.02875
0 0.1825 0.56125 0.20166667 0.03
0 0.84666667 0.513125 0.23666667 0.03125
0 0.51583333 0.510625 0.23166667 0.03125
0 0.18166667 0.511875 0.19 0.03125
0 0.84416667 0.4575 0.225 0.0325
0 0.5175 0.459375 0.22833333 0.03125
0 0.19416667 0.4575 0.21166667 0.03
0 0.8325 0.404375 0.205 0.03125
0 0.52416667 0.40375 0.23166667 0.0325
0 0.18416667 0.355 0.17833333 0.03
0 0.52833333 0.353125 0.24 0.03125
0 0.8325 0.34875 0.19833333 0.03
0 0.215 0.305625 0.23666667 0.03125
0 0.84333333 0.296875 0.22 0.03375
0 0.53583333 0.295625 0.255 0.03375
0 0.20666667 0.253125 0.21 0.02875
0 0.50666667 0.245 0.19333333 0.03
0 0.82833333 0.239375 0.19 0.02875
0 0.20916667 0.20375 0.20833333 0.0275
0 0.53666667 0.19125 0.25333333 0.03
0 0.84 0.188125 0.21 0.03375
0 0.22583333 0.154375 0.22833333 0.02875
0 0.51416667 0.139375 0.20166667 0.02875
0 0.83916667 0.135625 0.205 0.03375
0 0.195 0.405 0.20666667 0.0375
