0 0.50416667 0.656875 0.23166667 0.04375
0 0.49833333 0.590625 0.22333333 0.04125
0 0.48583333 0.539375 0.195 0.04375
0 0.22083333 0.5375 0.20833333 0.04
0 0.21916667 0.47875 0.205 0.0425
0 0.48666667 0.47875 0.19333333 0.045
0 0.49833333 0.425625 0.21666667 0.03875
0 0.21416667 0.42125 0.19833333 0.04
0 0.21083333 0.365625 0.18833333 0.03875
0 0.49833333 0.366875 0.21666667 0.04375
0 0.49166667 0.31125 0.20333333 0.0375
0 0.21166667 0.310625 0.19 0.03625
0 0.785 0.30375 0.22333333 0.04
0 0.21 0.2525 0.18333333 0.0425
0 0.80416667 0.243125 0.25166667 0.04875
0 0.50666667 0.2475 0.23333333 0.055
0 0.2175 0.198125 0.19166667 0.03875
0 0.7875 0.1925 0.22166667 0.0425
0 0.49666667 0.190625 0.21333333 0.04625
0 0.22083333 0.13625 0.205 0.0475
0 0.49083333 0.133125 0.195 0.03875
0 0.77833333 0.12625 0.20333333 0.04
0 0.2175 0.595 0.20833333 0.04
0 0.21666667 0.651875 0.21 0.05375
0 0.78333333 0.36375 0.21666667 0.0475
0 0.77666667 0.4225 0.21666667 0.0475
0 0.77333333 0.48125 0.21666667 0.0475
0 0.7775 0.539375 0.21833333 0.05125
0 0.7825 0.596875 0.21833333 0.05125
0 0.77416667 0.656875 0.21833333 0.05125
