0 0.79583333 0.9725 0.23833333 0.0375
0 0.7925 0.910625 0.24166667 0.03625
0 0.49666667 0.908125 0.27 0.04375
0 0.20166667 0.904375 0.25 0.05125
0 0.80416667 0.84125 0.26833333 0.04
0 0.18666667 0.83875 0.23 0.04
0 0.80833333 0.786875 0.27666667 0.04125
0 0.48416667 0.78 0.25166667 0.035
0 0.1825 0.775 0.22166667 0.0325
0 0.80583333 0.719375 0.27166667 0.03375
0 0.47833333 0.7175 0.24 0.0325
0 0.18083333 0.719375 0.21166667 0.03875
0 0.47833333 0.655625 0.24 0.03375
0 0.18416667 0.66125 0.225 0.0425
0 0.47333333 0.59875 0.22666667 0.04
0 0.78166667 0.598125 0.23 0.04125
0 0.1875 0.535 0.235 0.035
0 0.45916667 0.53625 0.19833333 0.0375
0 0.7725 0.53625 0.215 0.04
0 0.16583333 0.4775 0.19833333 0.0375
0 0.47583333 0.47625 0.235 0.0425
0 0.7875 0.47375 0.23833333 0.04
0 0.1725 0.41625 0.21166667 0.0375
0 0.465 0.41375 0.21666667 0.035
0 0.78916667 0.414375 0.245 0.04375
0 0.17583333 0.360625 0.215 0.04375
0 0.4725 0.355 0.235 0.0425
0 0.78583333 0.345625 0.24166667 0.03875
0 0.165 0.293125 0.2 0.03375
0 0.47 0.28875 0.23 0.0325
0 0.775 0.285625 0.22666667 0.03625
0 0.46916667 0.231875 0.22833333 0.03875
0 0.165 0.233125 0.2 0.04125
0 0.7725 0.225625 0.215 0.04125
0 0.17 0.1725 0.21333333 0.03
0 0.48083333 0.169375 0.24833333 0.03625
0 0.77833333 0.16625 0.22666667 0.0375
0 0.15916667 0.11625 0.19166667 0.0325
0 0.48166667 0.10875 0.24333333 0.0375
0 0.79333333 0.105 0.26666667 0.04
0 0.8125 0.661875 0.275 0.03625
0 0.1975 0.960625 0.25833333 0.03375
0 0.17083333 0.60125 0.19833333 0.0375
0 0.48083333 0.97 0.225 0.0475
0 0.4725 0.84625 0.21833333 0.045
