0 0.19293478 0.3897929 0.21956522 0.03476331
0 0.1951087 0.43380178 0.22391304 0.04289941
0 0.1951087 0.48557692 0.22608696 0.04142012
0 0.19891304 0.53254438 0.22934783 0.04659763
0 0.20217391 0.58542899 0.23152174 0.04585799
0 0.20380435 0.64127219 0.23695652 0.04511834
0 0.21413043 0.69526627 0.25326087 0.04068047
0 0.21847826 0.75480769 0.2576087 0.05769231
0 0.23152174 0.8158284 0.29456522 0.05325444
0 0.22934783 0.8897929 0.28369565 0.06360947
0 0.44891304 0.38831361 0.2076087 0.0443787
0 0.46086957 0.43158284 0.21195652 0.04068047
0 0.47663043 0.47411243 0.21304348 0.0443787
0 0.48152174 0.52440828 0.21630435 0.0443787
0 0.50108696 0.57433432 0.23369565 0.03328402
0 0.52228261 0.62315089 0.26086957 0.04659763
0 0.52608696 0.67418639 0.24673913 0.03772189
0 0.53423913 0.73409763 0.23913043 0.04807692
0 0.5298913 0.79215976 0.25217391 0.05029586
0 0.54619565 0.85798817 0.26956522 0.06952663
0 0.69673913 0.39164201 0.20543478 0.04068047
0 0.71141304 0.43306213 0.17826087 0.03476331
0 0.71847826 0.48076923 0.19456522 0.05029586
0 0.73913043 0.52292899 0.17934783 0.03698225
0 0.7625 0.57211538 0.2173913 0.04659763
0 0.77717391 0.62204142 0.2076087 0.03994083
0 0.79619565 0.66715976 0.22608696 0.03846154
0 0.79836957 0.71819527 0.22173913 0.04881657
0 0.82717391 0.7714497 0.21847826 0.04585799
0 0.84945652 0.82840237 0.23695652 0.05325444
