0 0.25416667 0.21493056 0.17685185 0.03541667
0 0.25185185 0.25972222 0.15740741 0.0375
0 0.24814815 0.30138889 0.17407407 0.02638889
0 0.24490741 0.34583333 0.14907407 0.02777778
0 0.23935185 0.38784722 0.175 0.03541667
0 0.24722222 0.43576389 0.17407407 0.03125
0 0.2337963 0.48506944 0.19351852 0.03680556
0 0.23518519 0.52743056 0.17962963 0.03819444
0 0.25138889 0.57638889 0.19907407 0.03611111
0 0.25833333 0.62604167 0.21296296 0.03958333
0 0.47361111 0.21284722 0.18240741 0.03541667
0 0.47962963 0.25590278 0.18333333 0.03263889
0 0.47962963 0.30069444 0.17777778 0.03194444
0 0.48657407 0.34409722 0.18240741 0.03958333
0 0.48611111 0.38611111 0.19074074 0.03194444
0 0.49537037 0.43229167 0.2037037 0.03402778
0 0.4912037 0.47847222 0.19722222 0.03333333
0 0.49768519 0.52534722 0.20277778 0.03402778
0 0.48796296 0.57638889 0.17962963 0.03888889
0 0.49351852 0.621875 0.20185185 0.03125
0 0.7037037 0.21909722 0.18703704 0.03541667
0 0.70046296 0.26145833 0.18425926 0.02569444
0 0.71018519 0.30451389 0.19074074 0.03125
0 0.71296296 0.34548611 0.19074074 0.02986111
0 0.71342593 0.38576389 0.19166667 0.03541667
0 0.71064815 0.43541667 0.18981481 0.03472222
0 0.71851852 0.478125 0.2 0.03263889
0 0.73194444 0.52777778 0.21203704 0.02916667
0 0.725 0.56597222 0.2037037 0.0375
0 0.73148148 0.61736111 0.18518519 0.0375
