0 0.16527778 0.04236111 0.2212963 0.0375
0 0.16018519 0.10173611 0.22222222 0.04375
0 0.14537037 0.15486111 0.19074074 0.04583333
0 0.1625 0.21944444 0.23981481 0.04722222
0 0.15138889 0.28888889 0.2287037 0.04027778
0 0.14722222 0.34861111 0.22407407 0.04861111
0 0.15 0.41388889 0.24259259 0.04027778
0 0.15740741 0.475 0.23148148 0.04444444
0 0.15462963 0.53888889 0.22407407 0.04861111
0 0.14907407 0.60104167 0.25185185 0.05069444
0 0.14861111 0.67361111 0.24537037 0.04166667
0 0.14814815 0.74270833 0.24259259 0.06041667
0 0.14166667 0.80555556 0.24074074 0.05138889
0 0.16203704 0.86944444 0.26666667 0.05
0 0.1462963 0.93576389 0.24074074 0.05625
0 0.4662037 0.04652778 0.19722222 0.04166667
0 0.47407407 0.10520833 0.23888889 0.04375
0 0.47592593 0.16944444 0.23703704 0.05
0 0.47685185 0.23055556 0.22592593 0.04305556
0 0.46759259 0.28715278 0.20740741 0.05763889
0 0.48240741 0.35138889 0.23333333 0.04722222
0 0.48564815 0.41423611 0.25462963 0.04791667
0 0.48009259 0.47916667 0.23240741 0.04722222
0 0.46666667 0.54097222 0.21851852 0.04444444
0 0.45555556 0.61284722 0.22592593 0.04930556
0 0.4712963 0.67986111 0.23518519 0.05277778
0 0.47083333 0.74027778 0.21759259 0.04305556
0 0.48194444 0.79375 0.23240741 0.05833333
0 0.47407407 0.85451389 0.24814815 0.04652778
0 0.47453704 0.93159722 0.24907407 0.04791667
0 0.8037037 0.06388889 0.2462963 0.04444444
0 0.78009259 0.12222222 0.20277778 0.04305556
0 0.79398148 0.18090278 0.225 0.04791667
0 0.8037037 0.23958333 0.24814815 0.04444444
0 0.79398148 0.3 0.20462963 0.05277778
0 0.78240741 0.36319444 0.2037037 0.05138889
0 0.79722222 0.421875 0.24444444 0.04930556
0 0.79722222 0.48784722 0.23703704 0.04513889
0 0.82222222 0.54930556 0.28148148 0.04861111
0 0.81805556 0.60868056 0.26944444 0.04097222
0 0.79768519 0.67048611 0.24722222 0.05069444
0 0.79768519 0.73125 0.26388889 0.04861111
0 0.80509259 0.79826389 0.23796296 0.04375
0 0.81157407 0.85555556 0.26388889 0.04583333
0 0.79768519 0.928125 0.24166667 0.05763889
