0 0.48916667 0.7275 0.225 0.03
0 0.75583333 0.676875 0.20166667 0.03125
0 0.47833333 0.673125 0.20666667 0.03125
0 0.20666667 0.670625 0.2 0.03625
0 0.77666667 0.621875 0.24666667 0.03375
0 0.4875 0.61625 0.22166667 0.03
0 0.205 0.61625 0.2 0.0325
0 0.76083333 0.565 0.215 0.0325
0 0.46916667 0.565 0.18166667 0.035
0 0.21083333 0.5625 0.21833333 0.03
0 0.76833333 0.511875 0.22 0.03625
0 0.48833333 0.50875 0.22666667 0.0325
0 0.76666667 0.45375 0.22 0.035
0 0.20416667 0.401875 0.205 0.03375
0 0.50916667 0.39875 0.265 0.0325
0 0.77583333 0.395625 0.24166667 0.03375
0 0.21166667 0.34375 0.22333333 0.035
0 0.49666667 0.3425 0.24333333 0.03
0 0.7725 0.336875 0.23833333 0.03375
0 0.1975 0.288125 0.19833333 0.03125
0 0.48416667 0.285 0.22166667 0.035
0 0.77083333 0.280625 0.22166667 0.03375
0 0.20833333 0.235 0.21666667 0.0325
0 0.4775 0.231875 0.21166667 0.03875
0 0.20166667 0.17875 0.20333333 0.0325
0 0.76416667 0.166875 0.215 0.03875
0 0.4625 0.17375 0.21166667 0.0425
0 0.7525 0.22375 0.19833333 0.035
0 0.23583333 0.4575 0.26166667 0.04
0 0.48083333 0.4575 0.21833333 0.0325
0 0.19416667 0.51125 0.18166667 0.0275
0 0.21 0.728125 0.2 0.03625
0 0.75666667 0.734375 0.20666667 0.03625
0 0.745 0.794375 0.18666667 0.03875
0 0.74916667 0.849375 0.18833333 0.04375
0 0.7725 0.901875 0.215 0.03625
0 0.7525 0.960625 0.195 0.04375
0 0.48833333 0.790625 0.21666667 0.04625
0 0.485 0.841875 0.20333333 0.03875
0 0.49833333 0.9 0.23333333 0.0475
0 0.4925 0.950625 0.225 0.03875
0 0.20833333 0.784375 0.2 0.03875
0 0.21166667 0.838125 0.20666667 0.03875
0 0.21083333 0.89125 0.20166667 0.0375
0 0.20416667 0.945 0.19166667 0.0425
