0 0.31168478 0.32257766 0.19130435 0.04900148
0 0.31752717 0.37056213 0.18179348 0.04696746
0 0.3169837 0.41170488 0.19320652 0.04123521
0 0.30855978 0.45303254 0.19538043 0.04844675
0 0.30543478 0.49602441 0.19945652 0.04049556
0 0.27622283 0.53198964 0.22038043 0.04992604
0 0.28654891 0.57784763 0.19755435 0.04178994
0 0.28967391 0.61769601 0.21630435 0.04197485
0 0.26521739 0.66568047 0.20271739 0.05399408
0 0.26630435 0.71764053 0.2548913 0.04548817
0 0.53111413 0.3420858 0.15788043 0.04844675
0 0.53274457 0.38008506 0.15896739 0.03346893
0 0.53953804 0.41780695 0.18288043 0.04049556
0 0.54633152 0.45941198 0.18831522 0.03568787
0 0.53845109 0.50425296 0.17038043 0.03143491
0 0.54850543 0.54225222 0.1986413 0.03051036
0 0.540625 0.59060651 0.21005435 0.03772189
0 0.55366848 0.63443047 0.24646739 0.04696746
0 0.56413043 0.68204512 0.24456522 0.02977071
0 0.54320652 0.73178624 0.20271739 0.04826183
0 0.75380435 0.36307322 0.13695652 0.05196006
0 0.75692935 0.40403107 0.14538043 0.03698225
0 0.76168478 0.43953402 0.14021739 0.03550296
0 0.76317935 0.48113905 0.15788043 0.03920118
0 0.75951087 0.52024778 0.15271739 0.03051036
0 0.76644022 0.56619822 0.15570652 0.03698225
0 0.76630435 0.60808062 0.14728261 0.03420858
0 0.77255435 0.65680473 0.16195652 0.03920118
0 0.77201087 0.70192308 0.16304348 0.04400888
0 0.76847826 0.74787352 0.16413043 0.04197485
