0 0.12193028 0.49782123 0.15503205 0.10864307
0 0.17114198 0.53208743 0.14584541 0.10213165
0 0.21866247 0.5603582 0.17047245 0.11966004
0 0.25289222 0.59493311 0.18129527 0.12712883
0 0.30410322 0.62472931 0.17625083 0.12372125
0 0.35410401 0.65604376 0.17101988 0.12009819
0 0.39769444 0.68468815 0.17101988 0.12009819
0 0.44287402 0.726587 0.16736151 0.11745927
0 0.48679692 0.76444685 0.18407356 0.1291247
0 0.54297571 0.79686487 0.19547418 0.137337
0 0.30111554 0.37714819 0.16295001 0.11444163
0 0.3359686 0.41354651 0.14037597 0.09857927
0 0.3862607 0.43374188 0.15955971 0.11206902
0 0.44234224 0.46236867 0.17778019 0.12496685
0 0.48163416 0.4994989 0.155948 0.10964548
0 0.52938701 0.52933617 0.16257869 0.11412868
0 0.58001446 0.56260476 0.17000881 0.11947671
0 0.63232355 0.59774957 0.1667232 0.11715145
0 0.68767923 0.63553901 0.18350173 0.12887416
0 0.74561727 0.66911308 0.19126049 0.13423795
0 0.4683046 0.26080233 0.16572036 0.11624725
0 0.51805339 0.28603888 0.15886855 0.1116272
0 0.57061355 0.30849583 0.16999881 0.1194876
0 0.61902995 0.34172529 0.155948 0.10964548
0 0.66452048 0.37701647 0.1723473 0.12101605
0 0.71219572 0.40757391 0.15960341 0.11209589
0 0.77191027 0.43923069 0.17720949 0.12429437
0 0.82691622 0.47087801 0.17517573 0.12306015
0 0.88192217 0.50252532 0.16482982 0.11569923
0 0.92681781 0.54027597 0.14636438 0.1217363
