0 0.2943404 0.72729983 0.21030869 0.08509454
0 0.56641913 0.61841637 0.24350117 0.10037885
0 0.60814449 0.65367741 0.2126236 0.09000724
0 0.31342641 0.77191381 0.23720535 0.09621837
0 0.35515177 0.80717484 0.20890287 0.08494899
0 0.63584712 0.70271459 0.22087428 0.08998472
0 0.90416823 0.59458689 0.19166354 0.09263867
0 0.38128451 0.84839451 0.21488851 0.08746655
0 0.66681322 0.74278867 0.21201014 0.08681529
0 0.92919786 0.63490227 0.14160429 0.0854831
0 0.41150811 0.88875232 0.21045564 0.08587812
0 0.69703681 0.78314649 0.20757954 0.08523739
0 0.93603199 0.67699438 0.12793602 0.08881081
0 0.90587214 0.54546483 0.18825573 0.08150452
0 0.87793552 0.50287949 0.21193316 0.08640711
0 0.84953283 0.45831856 0.2121721 0.08766841
0 0.82779853 0.40980642 0.19996156 0.08137044
0 0.79526255 0.36191482 0.20379015 0.08697204
0 0.75831396 0.31991819 0.21947363 0.08986342
0 0.71391204 0.277964 0.24769806 0.1007196
0 0.53169806 0.57556851 0.24334123 0.09953498
0 0.50665786 0.53182698 0.23847841 0.09564825
0 0.47933356 0.48334667 0.22664429 0.09134971
0 0.45093086 0.43878574 0.22095073 0.09039047
0 0.4195157 0.39116727 0.24038708 0.09848111
0 0.26039013 0.68696323 0.21851602 0.09204508
0 0.20930565 0.64756273 0.23868359 0.09675074
0 0.19276889 0.59706439 0.21615587 0.08686907
0 0.156927 0.55394339 0.22390524 0.09144602
0 0.1236768 0.50913054 0.23160989 0.09576558
