0 0.82413141 0.25295503 0.29995594 0.04267458
0 0.21419522 0.24622036 0.2999568 0.05263868
0 0.51914877 0.2502126 0.29995594 0.04267458
0 0.82437254 0.31421752 0.29995594 0.04267458
0 0.21276994 0.30746103 0.29995594 0.04267458
0 0.5176944 0.31270308 0.29995594 0.04267458
0 0.82293272 0.37608309 0.29995584 0.04143023
0 0.21134466 0.3687017 0.29995594 0.04267458
0 0.51625458 0.37456866 0.29995604 0.04391923
0 0.51485839 0.43455952 0.29995584 0.04143023
0 0.82149289 0.43794867 0.29995594 0.04267458
0 0.2098903 0.43119219 0.29995594 0.04267458
0 0.8184012 0.49916752 0.29995594 0.04267458
0 0.51341856 0.4964251 0.29995594 0.04267458
0 0.20676952 0.49366085 0.29995594 0.04267458
0 0.8185987 0.56230472 0.29995584 0.04143023
0 0.51363061 0.55893739 0.29995594 0.04267458
0 0.20370691 0.5536299 0.2999568 0.05263868
0 0.81715888 0.6241703 0.29995594 0.04267458
0 0.51384266 0.62144969 0.29995594 0.04267458
0 0.20375898 0.62301615 0.29995604 0.04391923
0 0.81576268 0.68416116 0.29995594 0.04267458
0 0.5140547 0.68396198 0.29995594 0.04267458
0 0.20391285 0.68802806 0.29995604 0.04391923
0 0.81597473 0.74667346 0.29995594 0.04267458
0 0.51265851 0.74395285 0.2999568 0.05263868
0 0.20240031 0.75301816 0.29995604 0.04391923
0 0.81611406 0.81231028 0.29995645 0.04890049
0 0.19919226 0.81923626 0.29995604 0.04391923
0 0.51269603 0.813964 0.29995729 0.05762519
