0 0.62402174 0.48125214 0.11591668 0.09800986
0 0.94163891 0.23471217 0.11672217 0.1267777
0 0.73845161 0.06865521 0.19843777 0.13731042
0 0.90069915 0.27602414 0.14538327 0.12384424
0 0.69127824 0.10200935 0.17775276 0.1523279
0 0.6407711 0.14321956 0.16461958 0.14100167
0 0.99095294 0.49085766 0.01809413 0.1050165
0 0.83250395 0.31054744 0.15814555 0.13498492
0 0.95627077 0.51986551 0.08745846 0.11519688
0 0.57416258 0.17339586 0.18228062 0.15617778
0 0.78347254 0.3549362 0.13918442 0.11876297
0 0.53833456 0.22822353 0.14644437 0.1247714
0 0.73099643 0.39825826 0.1214821 0.10316973
0 0.91313501 0.55445046 0.1456931 0.12399891
0 0.49187232 0.27673422 0.11945986 0.10176231
0 0.67127733 0.43056796 0.12931765 0.11026035
0 0.86443244 0.5953123 0.13585643 0.1155117
0 0.80728251 0.63174392 0.12919169 0.1094048
0 0.36663813 0.34016361 0.14614696 0.12462308
0 0.55252152 0.50053939 0.14402086 0.12276679
0 0.74707016 0.669344 0.13058388 0.11089287
0 0.50764597 0.54470308 0.1218882 0.10376939
0 0.31692434 0.37920033 0.13705499 0.11690497
0 0.6909602 0.70095694 0.13416538 0.11426993
0 0.28486987 0.43156778 0.09708228 0.08185363
0 0.44800908 0.57613105 0.12749663 0.10855629
0 0.63894858 0.74563243 0.1197707 0.1019175
0 0.21257631 0.45302853 0.12902981 0.11011692
0 0.38828998 0.60844075 0.14024979 0.1196923
0 0.57728925 0.77341016 0.13173966 0.11226419
0 0.15621972 0.48728666 0.13098647 0.11149072
0 0.34207436 0.65430625 0.11868001 0.10057972
0 0.51576559 0.80606824 0.13918442 0.11876297
0 0.10486578 0.5249083 0.13269101 0.11273943
0 0.29151377 0.68975439 0.11238036 0.09544661
0 0.47253018 0.85164701 0.11800203 0.0998451
0 0.05922562 0.56460168 0.11554071 0.09782098
0 0.23064778 0.71535863 0.13374554 0.1136632
0 0.41994713 0.88344492 0.11449603 0.09690231
0 0.03155905 0.58524236 0.0631181 0.12806556
0 0.17248662 0.74996514 0.13553579 0.11535149
0 0.35514318 0.91327284 0.12537849 0.10670406
0 0.43972504 0.31652936 0.11051784 0.09293723
