0 0.76496158 0.7337745 0.06708287 0.22338294
0 0.68316358 0.24951641 0.0684119 0.25190875
0 0.7226549 0.4958681 0.06708287 0.22338294
0 0.68018892 0.7390623 0.06708287 0.22338294
0 0.59528555 0.25634958 0.06890463 0.25687051
0 0.63849159 0.50487795 0.06708287 0.22338294
0 0.58982953 0.74612397 0.07705054 0.22341021
0 0.51058514 0.27233552 0.08131751 0.24078156
0 0.51704281 0.75282679 0.07997825 0.22341893
0 0.47224011 0.52018779 0.07415485 0.2234019
0 0.42311334 0.28165005 0.06708898 0.23826412
0 0.38829458 0.52539942 0.06708287 0.22338294
0 0.43103681 0.75570939 0.08145305 0.22342345
0 0.32922769 0.2928146 0.07279428 0.24075843
0 0.35288113 0.76038785 0.07272022 0.2233979
0 0.29854454 0.53618314 0.07997825 0.22341893
0 0.2463124 0.29919075 0.08461001 0.2457508
0 0.26934183 0.76808085 0.06570209 0.22337946
0 0.22079509 0.54334296 0.0712951 0.223394
0 0.16873674 0.31766906 0.07415485 0.2234019
0 0.18561407 0.76949427 0.0712951 0.223394
0 0.13725579 0.55103596 0.07851062 0.22341452
0 0.08355786 0.3204755 0.06958145 0.23579
0 0.11323358 0.77867845 0.0712951 0.223394
0 0.05702497 0.55842429 0.0712951 0.223394
0 0.02065457 0.32809233 0.04130915 0.23582071
0 0.03715304 0.78064704 0.07272022 0.2233979
0 0.00952604 0.5615574 0.01905209 0.2234019
0 0.55289182 0.51024192 0.07108763 0.22091344
