0 0.89607026 0.56988222 0.19416256 0.1770122
0 0.68725416 0.38144808 0.19721033 0.17825066
0 0.47211671 0.20007004 0.19446906 0.17713626
0 0.82677475 0.61196802 0.19446906 0.17713626
0 0.6157694 0.42647194 0.19446906 0.17713626
0 0.40581293 0.2419473 0.19446906 0.17713626
0 0.7585281 0.65502525 0.19416256 0.1770122
0 0.3391079 0.2824598 0.19416256 0.1770122
0 0.68713485 0.69516819 0.19446906 0.17713626
0 0.48041648 0.50867692 0.19416256 0.1770122
0 0.27659834 0.32685803 0.19386424 0.17689155
0 0.62018344 0.73743877 0.19416256 0.1770122
0 0.41346508 0.5509475 0.19386424 0.17689155
0 0.21183618 0.36619055 0.19386424 0.17689155
0 0.55412604 0.77755794 0.19416256 0.1770122
0 0.34870291 0.59028002 0.19386424 0.17689155
0 0.14917175 0.40746594 0.19386424 0.17689155
0 0.48701976 0.81670569 0.19416256 0.1770122
0 0.091971 0.44834801 0.183942 0.17677432
0 0.28394075 0.62961255 0.19386424 0.17689155
0 0.42185635 0.85467345 0.19386424 0.17689155
0 0.06115831 0.48747199 0.12231663 0.17689155
0 0.22087508 0.66952318 0.19357412 0.17677432
0 0.35823457 0.89009649 0.19357412 0.17677432
0 0.030725 0.5275674 0.06145001 0.17677432
0 0.15845702 0.70904049 0.19357412 0.17677432
0 0.29541527 0.91990163 0.19386424 0.16019674
0 0.09887583 0.74522641 0.19478368 0.17726372
0 0.55329153 0.47487205 0.1758243 0.1581183
