0 0.8744374 0.80460538 0.15310291 0.12254093
0 0.65400685 0.9630262 0.1442029 0.0739476
0 0.97865898 0.57508988 0.04268203 0.13814567
0 0.75640753 0.7263298 0.15276433 0.12211483
0 0.53946924 0.90447388 0.14779421 0.11819921
0 0.94908823 0.54001969 0.10182353 0.13289082
0 0.9200759 0.50580199 0.15249664 0.12195106
0 0.69663918 0.68367406 0.15533141 0.12434186
0 0.43865385 0.8160188 0.16830434 0.13490456
0 0.86903818 0.46070653 0.16872755 0.1351629
0 0.378119 0.78222735 0.1575612 0.12614358
0 0.58807279 0.60603505 0.15310291 0.12254093
0 0.80379216 0.42703847 0.15533141 0.12434186
0 0.52749681 0.57136026 0.14506337 0.11609117
0 0.75068676 0.38818812 0.16225806 0.129892
0 0.47601415 0.52937193 0.15533141 0.12434186
0 0.70326468 0.34476681 0.17320138 0.13877512
0 0.20377938 0.67226073 0.13560826 0.1083379
0 0.63022653 0.32103148 0.1442029 0.11534587
0 0.41312372 0.49564217 0.14198172 0.11354947
0 0.35669058 0.46130109 0.13840059 0.11048402
0 0.15404284 0.62978445 0.14833608 0.11853076
0 0.58093493 0.27544807 0.16068177 0.12870929
0 0.0962674 0.59194084 0.13950153 0.11159467
0 0.30821409 0.42056066 0.14864998 0.1189416
0 0.51946907 0.24698754 0.14198172 0.11354947
0 0.05972791 0.55391214 0.11945582 0.11819921
0 0.25113037 0.38490998 0.14283749 0.11429186
0 0.46941097 0.21026844 0.14695237 0.11746542
0 0.20086662 0.34377415 0.15263639 0.12225593
0 0.42137943 0.16642088 0.16027498 0.12824107
0 0.00595381 0.48108526 0.01190762 0.11656909
0 0.14443349 0.30943307 0.14395024 0.1151914
0 0.31590147 0.09179646 0.16718366 0.13400014
0 0.09254701 0.27143521 0.14916882 0.1192589
0 0.36656903 0.12894181 0.17379653 0.13891947
0 0.03588611 0.51634053 0.07177221 0.12390846
0 0.26159596 0.71098769 0.15693014 0.12531994
0 0.31583803 0.74892385 0.15608999 0.12480566
0 0.48323427 0.86172559 0.15456277 0.12321682
0 0.63541262 0.64768967 0.15943135 0.12728777
0 0.80906799 0.76828728 0.1533274 0.12245953
0 0.58880196 0.94698746 0.1429604 0.10602509
