0 0.75527567 0.71954801 0.12856159 0.06771057
0 0.63121586 0.21070822 0.13564043 0.07336308
0 0.60514687 0.07185449 0.12856159 0.06771057
0 0.61535778 0.14452818 0.12856159 0.06771057
0 0.66744517 0.35145683 0.12856159 0.06771057
0 0.68953191 0.42392465 0.12856159 0.06771057
0 0.71682297 0.57098031 0.12856159 0.06771057
0 0.70031706 0.49926851 0.12856159 0.06771057
0 0.73046489 0.63945251 0.12856159 0.06771057
0 0.64078617 0.28796142 0.15274721 0.08363945
0 0.44886793 0.42852298 0.16261898 0.08184258
0 0.43207128 0.35042047 0.15274721 0.08363945
0 0.38956273 0.13260527 0.15274721 0.08363945
0 0.40363172 0.19802447 0.15274721 0.08363945
0 0.17763036 0.19773931 0.16368052 0.08479193
0 0.41742081 0.27221984 0.15274721 0.08363945
0 0.25111197 0.50918747 0.16368052 0.08479193
0 0.22543983 0.42508671 0.16368052 0.08479193
0 0.21064219 0.3411629 0.16368052 0.08479193
0 0.19342208 0.27116902 0.16368052 0.08479193
0 0.29563038 0.73634827 0.16368052 0.08479193
0 0.27697466 0.65967896 0.16368052 0.08479193
0 0.25888596 0.57556856 0.16368052 0.08479193
0 0.51090079 0.73712401 0.16261898 0.08184258
0 0.48824342 0.66704165 0.17693743 0.09965802
0 0.47774178 0.58797724 0.16261898 0.08184258
0 0.45801477 0.5138848 0.18573403 0.09462244
0 0.31686297 0.81492209 0.16368052 0.08479193
0 0.33308899 0.89541006 0.16368052 0.08479193
0 0.53427957 0.81559971 0.16890769 0.09562103
