0 0.60207534 0.79928633 0.21772888 0.11978424
0 0.65089802 0.7448125 0.21724356 0.11876898
0 0.19831793 0.49950767 0.20827239 0.11281996
0 0.69623747 0.69842823 0.21424304 0.11676613
0 0.2447493 0.45522279 0.20936211 0.11295258
0 0.73952762 0.6585976 0.21665383 0.11752661
0 0.50484141 0.53077291 0.21097547 0.11419669
0 0.28387642 0.40786503 0.20813852 0.11253616
0 0.5543453 0.48428666 0.2165167 0.11723632
0 0.32600738 0.36055879 0.20234521 0.10896035
0 0.7820006 0.60765605 0.20750327 0.11335964
0 0.59784152 0.43769739 0.21963871 0.11949883
0 0.367865 0.31463497 0.20166072 0.10968608
0 0.81512145 0.55256616 0.22682928 0.12385382
0 0.64215773 0.38696084 0.21442493 0.11497215
0 0.40665152 0.26328342 0.19164865 0.10370094
0 0.88080516 0.50618402 0.20408261 0.11046849
0 0.91186633 0.45304004 0.17626733 0.10026072
0 0.4478952 0.21474824 0.18446476 0.10151347
0 0.69104769 0.33786324 0.21354877 0.11529779
0 0.46367706 0.15207865 0.12383557 0.06875353
0 0.9366737 0.41039411 0.12665259 0.1039415
0 0.74314613 0.2896876 0.22070674 0.11958831
0 0.53591228 0.11829287 0.177999 0.09653276
0 0.77483304 0.23613362 0.19641592 0.10727071
0 0.9620402 0.35484589 0.07591961 0.11069766
0 0.4637351 0.57480233 0.21097547 0.11419669
0 0.41136474 0.61673129 0.18759391 0.10163561
0 0.36916509 0.66629042 0.19657172 0.10759763
0 0.15427647 0.5412327 0.19657172 0.10759763
