0 0.8504807 0.72908057 0.29903861 0.04442287
0 0.52069642 0.72959814 0.29982377 0.04319387
0 0.1892318 0.73827939 0.29982377 0.04319387
0 0.84632861 0.66728689 0.29982817 0.05552455
0 0.51764271 0.66401312 0.29982867 0.05676151
0 0.18606176 0.67019589 0.29982583 0.04934904
0 0.51458901 0.5984281 0.29982377 0.04319387
0 0.18479004 0.60706572 0.29982377 0.04319387
0 0.8445334 0.59291357 0.29982768 0.05428815
0 0.84472374 0.52536744 0.29982416 0.04442287
0 0.50984057 0.53226208 0.29982377 0.04319387
0 0.1800416 0.54089971 0.29982377 0.04319387
0 0.17862446 0.47464644 0.29982377 0.04319387
0 0.5067287 0.46542782 0.29982416 0.04442287
0 0.83980081 0.45545371 0.29982416 0.04442287
0 0.17554167 0.4084368 0.29982377 0.04319387
0 0.50186392 0.39676332 0.29982416 0.04442287
0 0.83327038 0.38683284 0.29982971 0.05923697
0 0.17245888 0.34222715 0.29982377 0.04319387
0 0.49875205 0.32992906 0.29982377 0.04319387
0 0.83173691 0.31808109 0.29982673 0.05181721
0 0.16768136 0.27543652 0.29982416 0.04442287
0 0.49222163 0.26130819 0.29982377 0.04319387
0 0.81141595 0.23981531 0.26651707 0.0566474
0 0.16462765 0.20985149 0.29982377 0.04319387
0 0.48902251 0.19260007 0.29982456 0.04565297
0 0.81781416 0.18023654 0.27817555 0.05544719
0 0.16151578 0.14301723 0.29982416 0.04442287
0 0.7974932 0.10197076 0.25152412 0.05040186
0 0.48576522 0.12264271 0.29982919 0.05799899
