0 0.49938317 0.14531233 0.17690253 0.09565979
0 0.45947594 0.18624132 0.17978507 0.09813765
0 0.4205172 0.225549 0.17837391 0.0975623
0 0.38330043 0.27933565 0.18256087 0.10038187
0 0.34115515 0.32205647 0.21258038 0.11566179
0 0.28668348 0.36466222 0.19276878 0.10510413
0 0.25439916 0.40832277 0.19993337 0.10940329
0 0.22052077 0.45792828 0.22098812 0.120183
0 0.15364719 0.49868377 0.20235377 0.11090337
0 0.10505409 0.54225728 0.19665727 0.10609455
0 0.73326189 0.25075598 0.18071687 0.09647786
0 0.68921885 0.30095778 0.18681516 0.10095214
0 0.65401353 0.34774704 0.21054275 0.11376291
0 0.60428273 0.39072308 0.19404188 0.10658176
0 0.57343903 0.43768346 0.2009691 0.10797609
0 0.53315099 0.48689006 0.23216455 0.12573779
0 0.4927882 0.53012309 0.21779004 0.11702931
0 0.44082013 0.57065257 0.18696306 0.10126579
0 0.40322333 0.62847845 0.22639719 0.12318389
0 0.35914292 0.67569347 0.24037833 0.13105213
0 0.93711749 0.35497488 0.12576501 0.08496695
0 0.91551163 0.40634478 0.16897674 0.10268816
0 0.87226722 0.44752839 0.19154324 0.10371934
0 0.83353428 0.49628003 0.17780295 0.09635917
0 0.79703861 0.54747821 0.18831803 0.10171931
0 0.75906415 0.59662816 0.19951323 0.10851976
0 0.70826959 0.64921868 0.18819109 0.10265549
0 0.66874003 0.6988236 0.19734665 0.10755313
0 0.62704952 0.74347876 0.18448868 0.09964812
0 0.57572387 0.79663814 0.17882794 0.09851127
