0 0.96170993 0.66547503 0.07658014 0.04729279
0 0.70977624 0.46084756 0.05688425 0.17707743
0 0.75167091 0.67543798 0.05621587 0.17089068
0 0.63042544 0.47299844 0.05974499 0.16472037
0 0.55097204 0.48011099 0.06022933 0.16966914
0 0.36017584 0.2837402 0.05595302 0.16841603
0 0.30299472 0.71957527 0.05124257 0.16221471
0 0.08559965 0.7450145 0.05596014 0.15481161
0 0.03697384 0.53492043 0.05621587 0.17089068
0 0.01544693 0.320417 0.03089386 0.18703619
0 0.06083833 0.32097233 0.06187796 0.17214911
0 0.13407802 0.30315418 0.06253288 0.19194022
0 0.21554318 0.29330501 0.08964766 0.18711538
0 0.28380476 0.28484757 0.06577695 0.19689949
0 0.15892856 0.73665408 0.06684114 0.16351421
0 0.1114759 0.52832978 0.06885378 0.18578085
0 0.19221844 0.52360592 0.06960449 0.17836443
0 0.23732478 0.72839068 0.06767524 0.18824943
0 0.26509681 0.50835042 0.07717748 0.19818201
0 0.33687786 0.50520229 0.06994108 0.18207557
0 0.37596231 0.7137775 0.06873329 0.16846858
0 0.45644613 0.71665461 0.06506768 0.17587207
0 0.40681666 0.48773207 0.08420288 0.1945048
0 0.47894565 0.48644069 0.07388221 0.17714714
0 0.44058383 0.27274017 0.07194782 0.18826703
0 0.51003195 0.2616331 0.07500511 0.2055926
0 0.59539127 0.25011117 0.06616963 0.20061144
0 0.66563786 0.24775593 0.07966168 0.19324711
0 0.52802199 0.70342983 0.06804772 0.17712117
0 0.59874587 0.69913085 0.06059936 0.17338081
0 0.66703421 0.6818346 0.06771125 0.17341004
