0 0.63397761 0.23125218 0.11517699 0.16479786
0 0.7440805 0.41766925 0.11517699 0.16479786
0 0.84716901 0.59900304 0.11450066 0.16367964
0 0.56209247 0.25615698 0.1144051 0.16261597
0 0.67409541 0.43979288 0.11561963 0.16800556
0 0.78679221 0.62734722 0.10808645 0.15569519
0 0.49923201 0.27497904 0.11889542 0.16725727
0 0.61525335 0.46479415 0.11754922 0.16291574
0 0.72433382 0.64393608 0.11951497 0.16626326
0 0.42995916 0.29962363 0.11701034 0.1660247
0 0.54263759 0.48857545 0.11355828 0.16464748
0 0.6565222 0.67082766 0.11247576 0.16032542
0 0.35960875 0.32118551 0.11802766 0.17033978
0 0.47528316 0.5090414 0.11544821 0.16693382
0 0.58986165 0.69521206 0.11434135 0.15629189
0 0.29104814 0.34835107 0.11247576 0.16032542
0 0.40900629 0.53259007 0.11720987 0.16815295
0 0.52469908 0.71904849 0.11233436 0.15820357
0 0.34340491 0.56145465 0.1144051 0.16261597
0 0.21616702 0.3743518 0.11694608 0.16496449
0 0.45875076 0.74595385 0.10710816 0.15138436
0 0.14915952 0.39677697 0.11530063 0.16586457
0 0.38874729 0.76947495 0.11034227 0.154853
0 0.27453412 0.58386605 0.11561479 0.16273041
0 0.33209709 0.7978467 0.10113031 0.14027962
0 0.0865725 0.42314815 0.11038719 0.15591104
0 0.20082242 0.60596211 0.11750366 0.17029129
0 0.26364674 0.81662742 0.10642703 0.14605427
0 0.03403195 0.44916266 0.06806391 0.15261978
0 0.14046401 0.63290882 0.1162432 0.1606846
