0 0.05987007 0.75525405 0.11974013 0.11215979
0 0.10639025 0.71281187 0.1208262 0.102882
0 0.34877279 0.83722893 0.13279883 0.11323462
0 0.17234749 0.68304856 0.13659132 0.11632126
0 0.01966032 0.51011677 0.03932065 0.10737033
0 0.41924066 0.81612209 0.142516 0.12126806
0 0.22455487 0.64237022 0.1274936 0.10859719
0 0.05456143 0.4784041 0.10912286 0.1197377
0 0.47568486 0.77433732 0.13463716 0.1149482
0 0.3015284 0.62116255 0.16321082 0.13955604
0 0.09566241 0.44061887 0.13890307 0.11866923
0 0.53516348 0.73802955 0.13570299 0.11587813
0 0.34334818 0.57151853 0.1302468 0.11076751
0 0.15467627 0.40295731 0.13756616 0.11760434
0 0.59158066 0.70289006 0.1390237 0.1183312
0 0.39853503 0.53055383 0.12506609 0.10658975
0 0.21579503 0.36806519 0.14237911 0.12159777
0 0.6325529 0.64965654 0.10226624 0.08646016
0 0.44973094 0.48804982 0.10957499 0.09289125
0 0.26081314 0.32213435 0.11937392 0.10136228
0 0.70881578 0.62974082 0.14024704 0.1197377
0 0.52170205 0.46347716 0.13357177 0.11401849
0 0.33013264 0.29432039 0.13890307 0.11866923
0 0.77258615 0.59809 0.15118995 0.12917883
0 0.58164542 0.42852319 0.14077484 0.12039981
0 0.38821699 0.25395125 0.1323593 0.11261755
0 0.82831972 0.55759718 0.13649735 0.1166729
0 0.63557491 0.38837857 0.135223 0.11524036
0 0.43689819 0.21308738 0.12188528 0.10380849
0 0.87186161 0.50848688 0.11027221 0.09363616
0 0.69598303 0.35477839 0.14210681 0.12146219
0 0.50496033 0.1860935 0.14424454 0.12332514
0 0.92953615 0.47252731 0.11659619 0.09917933
0 0.75218135 0.31563936 0.13463716 0.1149482
0 0.55842507 0.14459508 0.13570299 0.11587813
0 0.96591378 0.44512339 0.06817245 0.11323462
0 0.79361834 0.26375963 0.1050244 0.08902833
0 0.61689222 0.10646165 0.13386144 0.11416291
0 0.99384344 0.41259065 0.01231312 0.12718282
0 0.85738871 0.23210881 0.11587511 0.09842208
0 0.66316769 0.05971074 0.11463359 0.09661662
0 0.29052451 0.87936189 0.11670089 0.09844309
0 0.25597596 0.9333765 0.15332581 0.13104082
