0 0.53631671 0.13629495 0.15284405 0.10123508
0 0.49597988 0.16474555 0.14478367 0.09613118
0 0.45702694 0.2009995 0.1408458 0.09335434
0 0.42197682 0.23335693 0.14709952 0.09774444
0 0.37959149 0.27151375 0.16403847 0.10854188
0 0.34189914 0.30720935 0.15000046 0.10001167
0 0.29299621 0.33881655 0.14022575 0.09363875
0 0.24650939 0.37521949 0.15540954 0.103129
0 0.20822555 0.41513019 0.15596021 0.10341854
0 0.15908053 0.4511803 0.16391808 0.1084064
0 0.70530427 0.23818761 0.13294752 0.08810371
0 0.68078191 0.27786883 0.14035239 0.09279952
0 0.64854299 0.31573965 0.15110737 0.0999423
0 0.60711228 0.34301701 0.15077867 0.10023078
0 0.57663634 0.38571782 0.153404 0.1015347
0 0.53628579 0.42106057 0.15247784 0.10082317
0 0.48858405 0.45851172 0.15260208 0.10063116
0 0.44691125 0.49023199 0.13961097 0.09262556
0 0.40663831 0.5334466 0.15042232 0.09950207
0 0.36762596 0.57610286 0.15247784 0.10082317
0 0.88029556 0.35871685 0.14298031 0.09443386
0 0.84687142 0.39443472 0.14767989 0.097407
0 0.81033235 0.42490125 0.13906305 0.09233901
0 0.77921701 0.46074416 0.13737559 0.09077225
0 0.74658301 0.49789733 0.14916333 0.09841518
0 0.71483051 0.53746549 0.15865084 0.1047935
0 0.67706278 0.57587239 0.15993252 0.10590526
0 0.64787714 0.61481369 0.15945189 0.10536439
0 0.60976002 0.65299279 0.16599418 0.10941839
0 0.55940007 0.6900911 0.14805955 0.09849272
