0 0.65736606 0.2635965 0.22040743 0.08625365
0 0.17122721 0.44740643 0.21521445 0.08018325
0 0.41049491 0.35752066 0.22048733 0.08678027
0 0.68921104 0.32073084 0.22893854 0.08584481
0 0.45130525 0.40393381 0.20682097 0.08151909
0 0.20554153 0.49816028 0.21389352 0.0809595
0 0.71889611 0.36551796 0.22318647 0.08570123
0 0.47429072 0.45864971 0.22448718 0.0848066
0 0.24348353 0.54143891 0.19885761 0.0761273
0 0.75426697 0.41797113 0.21867857 0.08426785
0 0.51359055 0.50559113 0.20493976 0.0785204
0 0.27215887 0.59347527 0.20787795 0.0790197
0 0.30541664 0.64252979 0.20336731 0.07757079
0 0.54568999 0.55574037 0.20350875 0.07852455
0 0.79346502 0.4677066 0.20232059 0.08012584
0 0.57965213 0.60592777 0.20774903 0.07813772
0 0.32951362 0.6872024 0.21274542 0.08287019
0 0.82999421 0.51906506 0.19473785 0.07726559
0 0.36236832 0.7370875 0.20336731 0.07757079
0 0.61618133 0.65728623 0.20029263 0.07614573
0 0.39784098 0.78674663 0.20762959 0.0773121
0 0.89031503 0.62347826 0.20493976 0.0785204
0 0.64319755 0.70369634 0.20399088 0.08169665
0 0.4335172 0.83081767 0.19709299 0.07386186
0 0.67937457 0.75448835 0.20186397 0.07708901
0 0.91449434 0.67117392 0.17101132 0.07520798
0 0.46209483 0.87530248 0.19892871 0.07660627
0 0.71288274 0.80690335 0.20343682 0.07804091
0 0.91952989 0.72502107 0.16094021 0.08484934
0 0.86012918 0.57197017 0.19592389 0.07565318
