0 0.64704204 0.25266975 0.13168774 0.32837817
0 0.80811481 0.65702258 0.14230834 0.35486052
0 0.79347377 0.7066943 0.16111896 0.40241035
0 0.76122742 0.71924 0.15255231 0.38119739
0 0.73733022 0.7537353 0.15479244 0.38653864
0 0.72369007 0.79433135 0.1754755 0.41133731
0 0.62525717 0.28509087 0.14528058 0.36227499
0 0.5964688 0.30490312 0.13744328 0.34268653
0 0.57930253 0.35227491 0.15348883 0.38334951
0 0.55079077 0.3765951 0.15005421 0.37396612
0 0.39619266 0.01127339 0.10407263 0.02254678
0 0.37529586 0.03939645 0.11673428 0.0787929
0 0.35256109 0.06412378 0.12552681 0.12824757
0 0.3291914 0.08131762 0.12748594 0.16263523
0 0.51795463 0.3926612 0.13828734 0.34435551
0 0.67172743 0.76888701 0.12824203 0.3198856
0 0.65982055 0.82738819 0.14721191 0.34522362
0 0.49657679 0.42872687 0.14775329 0.36904888
0 0.46931682 0.45071491 0.14629321 0.3653517
0 0.63175644 0.83566491 0.14989101 0.32867018
0 0.28705396 0.05872957 0.09888851 0.11745914
0 0.25906205 0.07138403 0.09977542 0.14276805
0 0.44300539 0.48390424 0.15921424 0.39719863
0 0.60571757 0.85213719 0.14977258 0.29572563
0 0.58698003 0.8622828 0.16894048 0.27543441
0 0.55663031 0.87951622 0.15927074 0.24096756
0 0.52586408 0.89768151 0.15108943 0.20463697
0 0.4987097 0.90956644 0.16003077 0.18086712
0 0.46025406 0.92261931 0.13620922 0.15476138
0 0.44630705 0.94094867 0.16711134 0.11810265
0 0.41117555 0.49273204 0.13506531 0.33729198
0 0.38567232 0.53248093 0.14752434 0.36896056
0 0.36225435 0.57532943 0.16185012 0.40403556
0 0.33179362 0.59641618 0.15823763 0.39547864
0 0.3023437 0.62790777 0.15707525 0.39189641
0 0.26314258 0.62963505 0.1415341 0.3527711
0 0.23487108 0.10300981 0.11706861 0.20601961
0 0.21028841 0.12310108 0.12490332 0.24620215
0 0.18845525 0.1509349 0.13460972 0.30186979
0 0.15151854 0.14286043 0.11737914 0.28572086
0 0.11970675 0.16384493 0.11348643 0.28106525
0 0.09129247 0.19174598 0.11418274 0.28401853
