0 0.09948201 0.44672272 0.19896402 0.12318132
0 0.14774861 0.48670793 0.19144928 0.11444146
0 0.21341842 0.52436887 0.1639007 0.09832315
0 0.44274184 0.38920041 0.16407726 0.09859414
0 0.64902016 0.27150124 0.22017881 0.13112294
0 0.2491684 0.57797548 0.18277257 0.10859118
0 0.73125048 0.29866517 0.15319838 0.09186345
0 0.29454271 0.62356317 0.19099503 0.11373986
0 0.52737531 0.48871787 0.18420937 0.10955226
0 0.76451739 0.35293364 0.18160658 0.10804988
0 0.3399992 0.67227525 0.19215592 0.1142735
0 0.5847134 0.52650207 0.15761616 0.09490598
0 0.81214897 0.39561237 0.17556214 0.10500786
0 0.4020162 0.71049032 0.16745875 0.10004471
0 0.62528591 0.57966226 0.17784883 0.10602274
0 0.87439178 0.43607455 0.15337354 0.09213239
0 0.4414597 0.75241503 0.16933447 0.10291305
0 0.68496346 0.6176619 0.15651683 0.09446307
0 0.91211178 0.48852679 0.17410518 0.10401667
0 0.48613662 0.80951527 0.18579458 0.11074277
0 0.72713657 0.66829792 0.17150997 0.10252559
0 0.93947337 0.53339099 0.12105326 0.1020329
0 0.54093019 0.85196302 0.17021273 0.1017806
0 0.95540177 0.57920966 0.08919646 0.11032913
0 0.58456028 0.90095217 0.17380255 0.10354922
0 0.81702345 0.76473707 0.18220854 0.10897977
0 0.98874659 0.62373515 0.02250681 0.09989815
0 0.63071318 0.20925993 0.15841573 0.09612495
0 0.57474988 0.16670447 0.17408435 0.10644886
0 0.55112804 0.11154315 0.13665202 0.08387529
0 0.47909655 0.07285112 0.16667484 0.10253063
0 0.43074684 0.04631176 0.19013116 0.09262352
0 0.37812836 0.02207121 0.19013116 0.04414242
0 0.37540998 0.35806533 0.1967602 0.12007649
0 0.35184959 0.29890233 0.15863159 0.09645244
0 0.29231566 0.2600254 0.18496858 0.11196529
0 0.24905501 0.21240605 0.18496858 0.11196529
0 0.19280446 0.17160517 0.19160821 0.11592741
0 0.16173339 0.11842944 0.17148532 0.10373044
0 0.48483277 0.43671204 0.17148532 0.10373044
0 0.77119753 0.71465519 0.17792751 0.10739128
0 0.07423675 0.38686732 0.1484735 0.10709725
0 0.05254204 0.34737462 0.10508407 0.11769906
0 0.02984484 0.30589633 0.05968967 0.11548796
0 0.00604154 0.26003157 0.01208308 0.11050426
