0 0.64334069 0.07866126 0.13895365 0.15732253
0 0.56844952 0.09761267 0.13785577 0.19522534
0 0.49033018 0.133028 0.13980591 0.20574369
0 0.41884439 0.17807104 0.13617897 0.20394318
0 0.34403538 0.21137732 0.13244528 0.18969795
0 0.26103424 0.26204534 0.13436888 0.20017126
0 0.18831542 0.30096819 0.12851188 0.19402868
0 0.113599 0.3448673 0.13133324 0.19947455
0 0.05233376 0.39729259 0.10466753 0.20476996
0 0.01111931 0.43968624 0.02223862 0.19615943
0 0.80666294 0.31525924 0.13394118 0.19863597
0 0.72808189 0.35002123 0.12527395 0.18705024
0 0.65945886 0.40193809 0.13501605 0.19578567
0 0.57810705 0.4394688 0.12418804 0.18512254
0 0.50516137 0.48118674 0.12491394 0.18385669
0 0.43899826 0.53584114 0.13765005 0.20524127
0 0.36308009 0.57778452 0.13590622 0.2062802
0 0.29433503 0.61779494 0.13205134 0.19341438
0 0.21198441 0.65781378 0.13451583 0.20452263
0 0.14041217 0.70176684 0.13528585 0.19561186
0 0.95378558 0.57986637 0.09242884 0.1934776
0 0.89589785 0.62217428 0.13274659 0.20075716
0 0.82367017 0.66917425 0.13500491 0.20367355
0 0.75235545 0.71354639 0.13785577 0.20744567
0 0.67059956 0.74504024 0.12479079 0.18693871
0 0.60137689 0.79787981 0.13386975 0.20437624
0 0.52751149 0.83177244 0.12620641 0.18870301
0 0.44996236 0.87106162 0.12455923 0.18520861
0 0.38496912 0.91192563 0.13175563 0.17614874
0 0.30321938 0.93397921 0.12867596 0.13204159
