0 0.98084093 0.73071502 0.03831814 0.10451594
0 0.77697706 0.84693893 0.17702486 0.08359493
0 0.51482058 0.95739054 0.18392507 0.08521892
0 0.95988766 0.67874464 0.08022468 0.11348299
0 0.73120921 0.8055866 0.15589595 0.0749033
0 0.47819462 0.91085673 0.18301883 0.08709262
0 0.94168938 0.64898297 0.11662124 0.0777675
0 0.69301056 0.75790667 0.14988168 0.07134613
0 0.45742749 0.85823794 0.21109961 0.09835605
0 0.92447255 0.59464893 0.15105489 0.0903318
0 0.69138867 0.6988476 0.2169619 0.10142663
0 0.42180402 0.81377239 0.20570056 0.09682798
0 0.90376533 0.54192669 0.19246934 0.10145715
0 0.63318945 0.66018083 0.17429688 0.08273088
0 0.38646567 0.7684492 0.19273063 0.0906553
0 0.8737204 0.49564242 0.21235438 0.09841734
0 0.5968486 0.61239283 0.17169547 0.08227659
0 0.33769343 0.72334677 0.17996578 0.0851601
0 0.84038087 0.44796018 0.21109961 0.09835605
0 0.57108133 0.56202734 0.19566873 0.09221196
0 0.30506821 0.67534263 0.17996578 0.0851601
0 0.7893247 0.40607443 0.1854389 0.0869399
0 0.52188604 0.52367786 0.16253401 0.07647274
0 0.26330109 0.63291654 0.16886685 0.081079
0 0.74655817 0.36482786 0.16899117 0.08148154
0 0.47797294 0.47857312 0.1517842 0.07352891
0 0.23010873 0.59027201 0.16450265 0.07888873
0 0.44506568 0.43507096 0.15153155 0.07271249
0 0.20391533 0.54301513 0.17834182 0.08387035
0 0.72550286 0.30942236 0.20286318 0.09560458
0 0.43815855 0.37912281 0.20408693 0.09556958
0 0.17643434 0.49415106 0.18952004 0.08818992
0 0.69087266 0.25648859 0.20853848 0.09805302
0 0.14467058 0.45086272 0.1940529 0.09094684
0 0.40367858 0.33487109 0.20286318 0.09560458
0 0.09147457 0.41358701 0.15153155 0.07271249
0 0.35962139 0.28837299 0.19283192 0.09099027
0 0.62005185 0.16444887 0.2124359 0.09869108
0 0.06330929 0.37115861 0.12661858 0.06855944
0 0.31213982 0.24852209 0.17256657 0.081091
0 0.57442503 0.12084556 0.19698826 0.09249515
0 0.05393817 0.32165075 0.10787634 0.07610004
0 0.28737197 0.19697707 0.18903057 0.0906425
0 0.54408681 0.07326908 0.20266695 0.09495393
0 0.6726838 0.21072853 0.23589713 0.11101039
