0 0.16433909 0.36494977 0.23874635 0.04288549
0 0.46099332 0.34722104 0.24372163 0.044175
0 0.76218462 0.32599245 0.22550277 0.04585065
0 0.16855753 0.42494774 0.24371771 0.0430589
0 0.76068878 0.38706931 0.24869693 0.04546532
0 0.4681784 0.40447138 0.24211092 0.05558818
0 0.17578491 0.48847917 0.24042013 0.04745621
0 0.77254035 0.44772245 0.24538276 0.04535328
0 0.47549289 0.46862439 0.25531774 0.04347459
0 0.47112002 0.52112984 0.26525733 0.04275433
0 0.18288288 0.54510793 0.23874247 0.04177193
0 0.77989964 0.50621594 0.24374311 0.0498458
0 0.18740744 0.60131111 0.23211396 0.04153914
0 0.79367007 0.56860315 0.24372985 0.04642658
0 0.19542129 0.65849612 0.22883582 0.05056402
0 0.80002638 0.62591882 0.24371391 0.04194995
0 0.49220493 0.64767006 0.26197443 0.05155374
0 0.19828582 0.72677056 0.23875448 0.04513291
0 0.50279219 0.70528065 0.26029673 0.04586702
0 0.80961066 0.6823516 0.24701773 0.03880253
0 0.20625486 0.78961509 0.24042461 0.04859853
0 0.51106486 0.776271 0.26030465 0.04810365
0 0.82115609 0.74679953 0.24206058 0.04300078
0 0.82772892 0.81163944 0.24703984 0.04540915
0 0.52003688 0.84029334 0.25368062 0.04901548
0 0.20916419 0.85223002 0.24540471 0.05104456
0 0.83565566 0.86820288 0.24041577 0.04631908
0 0.21778779 0.91376606 0.23217599 0.05649877
0 0.5263932 0.89760901 0.25034257 0.0421918
0 0.48035337 0.58701691 0.26525733 0.04275433
