0 0.52584469 0.78185417 0.17289935 0.08223438
0 0.57314384 0.73905048 0.16669723 0.07589233
0 0.59619098 0.70412052 0.16926027 0.07230201
0 0.6285302 0.67081274 0.16260834 0.06813998
0 0.66855058 0.63806722 0.17161633 0.07187817
0 0.69803427 0.60331731 0.17029417 0.0729739
0 0.73368897 0.56554713 0.19006516 0.08010051
0 0.77989856 0.52957497 0.18979617 0.07920954
0 0.82687363 0.49251569 0.18322775 0.078719
0 0.84803941 0.45407087 0.20409639 0.08673338
0 0.35734375 0.6825598 0.15476188 0.0661744
0 0.38659925 0.65177706 0.16581215 0.06843983
0 0.40904212 0.62162735 0.17663608 0.07544129
0 0.44550846 0.58086653 0.17076291 0.07382013
0 0.4762608 0.5531273 0.17856161 0.07357882
0 0.50887306 0.51672403 0.16934314 0.07257107
0 0.52414219 0.4754288 0.18435833 0.07699483
0 0.55806473 0.43452265 0.20239682 0.08658739
0 0.59953125 0.39711411 0.17773567 0.07359653
0 0.63579867 0.3558481 0.18750236 0.07984398
0 0.17815492 0.60436824 0.13801292 0.06572216
0 0.20704184 0.56810277 0.13111258 0.06096584
0 0.23549806 0.53326948 0.13145414 0.05760386
0 0.25867846 0.50372979 0.14527354 0.0635419
0 0.28952572 0.46663311 0.14492335 0.06502253
0 0.32401578 0.43171489 0.14490876 0.06560943
0 0.35304475 0.39176867 0.14796445 0.0642339
0 0.39256685 0.35017995 0.15221024 0.07039444
0 0.41428099 0.31034919 0.14464596 0.06667602
0 0.44931452 0.27479042 0.16607841 0.07398368
