0 0.31811455 0.62030473 0.13886246 0.11393665
0 0.12127863 0.45634841 0.12678513 0.10321542
0 0.39435608 0.59320819 0.17033971 0.14039219
0 0.44996859 0.55733494 0.17250179 0.14221203
0 0.51010114 0.51588622 0.17553447 0.14420338
0 0.34750105 0.29264645 0.12738678 0.10385641
0 0.56924183 0.47174323 0.17527931 0.14437245
0 0.62194293 0.435313 0.17635807 0.14528108
0 0.40150241 0.25449713 0.12613422 0.10315687
0 0.67674861 0.39409745 0.17129615 0.14092189
0 0.51873275 0.17280806 0.12930389 0.10584468
0 0.74536615 0.34944186 0.17592578 0.14473059
0 0.58369875 0.13818756 0.14423677 0.11815953
0 0.79186688 0.29196815 0.14173354 0.11615034
0 0.63757174 0.08498655 0.12824634 0.10494817
0 0.99552184 0.43110212 0.00895633 0.14273498
0 0.84896217 0.24331928 0.13540844 0.11017202
0 0.47495339 0.21666975 0.14922958 0.12155883
0 0.28421038 0.33706887 0.12738678 0.10385641
0 0.23039656 0.38097869 0.13690153 0.11131227
0 0.17973836 0.41350629 0.13690153 0.11131227
0 0.96059253 0.46818561 0.07881494 0.14273498
0 0.9318586 0.513722 0.13628281 0.14273498
0 0.88788982 0.54755235 0.17344631 0.14273498
0 0.83054531 0.5913234 0.17344631 0.14273498
0 0.76378564 0.63472437 0.17344631 0.14273498
0 0.70532591 0.67756648 0.17344631 0.14273498
0 0.64612104 0.71418363 0.17344631 0.14273498
0 0.5833238 0.75154467 0.17344631 0.14273498
0 0.52474072 0.79615213 0.17344631 0.14273498
