0 0.308739 0.25930059 0.05967811 0.1952197
0 0.34502034 0.51221676 0.05896285 0.20640304
0 0.41297933 0.50685968 0.05574142 0.20142633
0 0.3780071 0.25132654 0.05625573 0.18775693
0 0.51041781 0.74175766 0.05666829 0.19397138
0 0.48146097 0.50523205 0.05645987 0.21136987
0 0.44989342 0.23811856 0.06133864 0.17285528
0 0.51113517 0.23266254 0.049519 0.17407448
0 0.54663004 0.49192514 0.05804696 0.19273118
0 0.61367316 0.48601181 0.05944038 0.19149112
0 0.57935549 0.22917019 0.05515736 0.17035698
0 0.64482818 0.22400909 0.05981932 0.17285197
0 0.67984271 0.48582333 0.05862421 0.20143141
0 0.72436943 0.73180511 0.05636868 0.21012692
0 0.74579574 0.4781106 0.04994113 0.1989312
0 0.70646065 0.22732047 0.06212015 0.18652577
0 0.79180578 0.72271857 0.05582983 0.20266926
0 0.81144265 0.47419266 0.04877538 0.2014151
0 0.7762962 0.21741636 0.054302 0.18029691
0 0.85932924 0.7142536 0.0523592 0.19396385
0 0.8394568 0.21369441 0.054302 0.18029691
0 0.92624045 0.71337821 0.05337903 0.20763642
0 0.88119109 0.46366697 0.06077144 0.18900835
0 0.94417748 0.45870187 0.05504889 0.19148296
0 0.90649992 0.20778108 0.05852652 0.17657715
0 0.98186857 0.70474898 0.03626287 0.19520011
0 0.65314016 0.731764 0.05991944 0.19894832
0 0.58396167 0.72841902 0.06168772 0.17906906
0 0.4446838 0.74505402 0.06100099 0.19273685
0 0.37532608 0.7643471 0.06296356 0.22256604
