0 0.54864555 0.87349915 0.14573661 0.14971674
0 0.58329913 0.8075119 0.12947764 0.12753505
0 0.61436785 0.74835092 0.13520719 0.13455921
0 0.64569238 0.69112428 0.14064845 0.1358197
0 0.67940682 0.6293468 0.13520719 0.13455921
0 0.70433172 0.56614541 0.14347657 0.14389171
0 0.74069186 0.50175143 0.15323802 0.15173946
0 0.77487498 0.44634584 0.15312033 0.15130806
0 0.80214686 0.38109681 0.15488338 0.15075596
0 0.83317266 0.32443902 0.14444121 0.14509347
0 0.6873506 0.14930112 0.15586558 0.15438284
0 0.64838768 0.2138084 0.14571983 0.14514053
0 0.61646655 0.26369597 0.16059006 0.15534276
0 0.5812155 0.33082093 0.15928961 0.15526435
0 0.47793811 0.52263856 0.15928961 0.15526435
0 0.44328453 0.58862581 0.15928961 0.15526435
0 0.41759132 0.65450094 0.15928961 0.15526435
0 0.37022258 0.72048583 0.15928961 0.15526435
0 0.54220965 0.39783141 0.15928961 0.15526435
0 0.51139673 0.45892674 0.15928961 0.15526435
0 0.28389226 0.42964246 0.15928961 0.15526435
0 0.25341924 0.50461928 0.15928961 0.15526435
0 0.21048864 0.56457453 0.15928961 0.15526435
0 0.41712929 0.17593287 0.15928961 0.15526435
0 0.38332899 0.24271675 0.15928961 0.15526435
0 0.35371103 0.30153666 0.15928961 0.15526435
0 0.30873219 0.3629707 0.15928961 0.15526435
0 0.48123088 0.06090857 0.15928961 0.12181715
0 0.45451443 0.10232272 0.15928961 0.15526435
0 0.52288244 0.02609508 0.15928961 0.05219017
