0 0.83500828 0.6826194 0.20402433 0.04247529
0 0.85265641 0.63640116 0.19212056 0.03541126
0 0.86487272 0.59904407 0.19427349 0.03484199
0 0.87315189 0.55316083 0.20725021 0.04124725
0 0.88291687 0.50814694 0.21909222 0.03840898
0 0.89137545 0.45602358 0.21724909 0.04634499
0 0.89285117 0.40376502 0.21429766 0.04138301
0 0.89922502 0.35108781 0.20154997 0.04929548
0 0.90792632 0.2908825 0.18414736 0.0484792
0 0.91336698 0.23027156 0.17326604 0.06017002
0 0.585093 0.67477956 0.21586457 0.03958218
0 0.58844153 0.62587617 0.22020254 0.0437003
0 0.6028531 0.5793875 0.2212491 0.03849519
0 0.61241938 0.53547481 0.23744793 0.04301837
0 0.61690344 0.48331289 0.2298953 0.04207661
0 0.61323941 0.43382358 0.24823584 0.04408779
0 0.62986536 0.38416653 0.25472556 0.04759799
0 0.63822919 0.32264118 0.25152052 0.05213609
0 0.65695618 0.27651308 0.25472959 0.04825584
0 0.64844617 0.20836149 0.26775535 0.06147115
0 0.33071072 0.66135011 0.22576155 0.06518303
0 0.327567 0.60594267 0.20623014 0.04935085
0 0.33448326 0.55547437 0.22133791 0.05185679
0 0.33380042 0.51070534 0.2191819 0.05179282
0 0.33588096 0.4657946 0.22676572 0.05683647
0 0.33673105 0.41556465 0.23642119 0.05096304
0 0.34079858 0.35964194 0.23098979 0.04474846
0 0.32815343 0.30530364 0.26237575 0.06268224
0 0.34783568 0.24174316 0.25479323 0.05765938
0 0.34493777 0.17890427 0.27417273 0.05425451
