0 0.16122808 0.06214316 0.23279614 0.04265647
0 0.1778248 0.12566572 0.23373488 0.05136186
0 0.18801071 0.19509361 0.24666507 0.05219876
0 0.17466245 0.25600979 0.21619172 0.052502
0 0.19522192 0.31723609 0.24019566 0.04943143
0 0.18754485 0.37924712 0.21894891 0.04579852
0 0.19949093 0.44266551 0.21249509 0.05110745
0 0.20052414 0.50352359 0.21617478 0.04375184
0 0.21227645 0.56486372 0.23742274 0.0480551
0 0.21796031 0.62582597 0.23557571 0.04803009
0 0.19796229 0.68012949 0.19863489 0.04689291
0 0.21347387 0.7419686 0.22357396 0.04988957
0 0.21855701 0.80644306 0.22727319 0.05263056
0 0.21813042 0.87155454 0.22173668 0.05459424
0 0.22760584 0.93336215 0.24205681 0.05685493
0 0.51627276 0.04735158 0.27530983 0.06130072
0 0.49318395 0.11330351 0.21525246 0.04440897
0 0.51789994 0.17431183 0.27713696 0.0499603
0 0.50517498 0.23693567 0.22727455 0.05330556
0 0.50656344 0.30160389 0.22172313 0.04784836
0 0.50782271 0.36488661 0.20882513 0.06125576
0 0.53440863 0.43101791 0.2660482 0.04581907
0 0.52274623 0.49010532 0.23558314 0.05205777
0 0.52542331 0.55366175 0.22541349 0.0458847
0 0.52434111 0.61671919 0.23373882 0.05338239
0 0.54289177 0.6763105 0.25406324 0.05767261
0 0.51654753 0.73721211 0.19956403 0.04960873
0 0.53747195 0.79737507 0.24297234 0.05282312
0 0.53908647 0.86446792 0.23376916 0.06694297
0 0.55102283 0.9327598 0.24853088 0.06166211
0 0.80309501 0.03753021 0.19590632 0.06387153
0 0.81662036 0.10295419 0.20697161 0.05851342
0 0.83420534 0.16712105 0.22821738 0.06212537
0 0.8213415 0.23323288 0.1940362 0.05498397
0 0.83286774 0.29214837 0.20971267 0.04500742
0 0.82426701 0.35420784 0.19217364 0.04817273
0 0.84752319 0.41946956 0.23374717 0.0574358
0 0.84532356 0.48049719 0.21618616 0.04979994
0 0.84854964 0.54994202 0.22265869 0.05392805
0 0.84529716 0.60963258 0.22911114 0.047944
0 0.85299955 0.66735634 0.23926415 0.04474566
0 0.85185276 0.72972103 0.21987873 0.04917069
0 0.8540583 0.79817517 0.21527118 0.05384548
0 0.86772253 0.86011116 0.23281946 0.05539649
0 0.87416859 0.91929309 0.22356766 0.04652991
