0 0.78394063 0.44442096 0.08719454 0.21944162
0 0.71070726 0.21207129 0.08719454 0.21944162
0 0.76979347 0.6957493 0.09035825 0.21947999
0 0.6991203 0.45782481 0.08719454 0.21944162
0 0.62663677 0.22791107 0.08719454 0.21944162
0 0.69265584 0.70910577 0.08719454 0.21944162
0 0.6146749 0.47244663 0.08719454 0.21944162
0 0.54219137 0.24253289 0.08719454 0.21944162
0 0.60783552 0.72250962 0.08719454 0.21944162
0 0.53097933 0.48950437 0.08719454 0.21944162
0 0.45649693 0.25865386 0.08719454 0.21944162
0 0.52538898 0.73806821 0.08719454 0.21944162
0 0.44653392 0.50412619 0.08719454 0.21944162
0 0.37080249 0.27477483 0.08719454 0.21944162
0 0.35684175 0.51837361 0.09259399 0.21465629
0 0.28229721 0.29009962 0.08823183 0.21945405
0 0.34738003 0.77658795 0.09421029 0.22195436
0 0.27839295 0.53580575 0.08719454 0.21944162
0 0.1946039 0.30528382 0.08823183 0.21945405
0 0.18589098 0.55759554 0.10010506 0.2280948
0 0.10728552 0.32168598 0.08823183 0.21945405
0 0.10781605 0.5679071 0.08823183 0.21945405
0 0.03122955 0.33836932 0.06245909 0.21945405
0 0.03260465 0.58402807 0.0652093 0.21942955
0 0.11365862 0.83694172 0.08003059 0.17204758
0 0.19579133 0.80925011 0.08333041 0.18785456
0 0.28036206 0.79781379 0.08125692 0.17206482
0 0.43701006 0.76491705 0.08812927 0.18792021
0 0.85067924 0.68623391 0.09824691 0.20139791
