0 0.0498844 0.59044518 0.0997688 0.1830098
0 0.12044343 0.62039441 0.13617398 0.2036836
0 0.1876657 0.67218691 0.13757442 0.20643145
0 0.25853336 0.71946979 0.13050566 0.19267753
0 0.33197162 0.76520102 0.13952207 0.20468979
0 0.39931919 0.81585209 0.14084743 0.20880584
0 0.47618904 0.84672245 0.14549363 0.22185053
0 0.54906261 0.89313424 0.14463814 0.21373152
0 0.62067259 0.92104639 0.14033466 0.15790721
0 0.68577646 0.94802919 0.13286159 0.10394162
0 0.21517333 0.30955542 0.14730183 0.22144709
0 0.28192891 0.36491582 0.1292552 0.19206921
0 0.34864333 0.40493588 0.12691867 0.19230904
0 0.42191286 0.44810447 0.14768649 0.21667646
0 0.50583843 0.49327847 0.13836456 0.20853247
0 0.57518301 0.54077017 0.14097693 0.20652291
0 0.64226942 0.58491768 0.13537475 0.2055491
0 0.71243095 0.63111691 0.14331668 0.21466647
0 0.78308977 0.68030216 0.13970972 0.21126522
0 0.85927852 0.72010999 0.14412582 0.21490749
0 0.36795636 0.06922009 0.12684852 0.13844017
0 0.44238423 0.09279471 0.13475727 0.18558941
0 0.52103109 0.1212054 0.14047299 0.21289227
0 0.59448548 0.17225586 0.13724465 0.20680059
0 0.6674827 0.21585527 0.14433507 0.21334173
0 0.73487761 0.26265868 0.14254127 0.21630579
0 0.80648925 0.31819646 0.1405617 0.21291834
0 0.88086088 0.3567919 0.13842286 0.20575239
0 0.93885135 0.40485804 0.1222973 0.21262803
0 0.97512435 0.44717242 0.04975129 0.21442441
