0 0.50742141 0.4301517 0.21487611 0.03789731
0 0.21289195 0.416184 0.19822357 0.04527122
0 0.52080745 0.37546877 0.22654054 0.05032052
0 0.81045629 0.38680712 0.23320654 0.05778861
0 0.82166641 0.27140524 0.23486377 0.03921185
0 0.22378481 0.25387024 0.20155137 0.03784706
0 0.80926392 0.21542151 0.20488466 0.0428117
0 0.51214873 0.20326222 0.19988738 0.04155592
0 0.23585418 0.19164824 0.21654371 0.04285105
0 0.80553869 0.15216047 0.18489851 0.04399067
0 0.2290779 0.14018953 0.19489246 0.0452613
0 0.53653599 0.14511513 0.22986891 0.04413585
0 0.22601889 0.31333994 0.2215485 0.05900019
0 0.21702965 0.36313498 0.20821878 0.04902452
0 0.22018115 0.47453533 0.22487558 0.05155625
0 0.21601437 0.52820897 0.22487558 0.05155625
0 0.20661797 0.58674868 0.22487558 0.05155625
0 0.19894538 0.64408278 0.22487558 0.05155625
0 0.51119692 0.25952158 0.19988738 0.04155592
0 0.51455465 0.31276691 0.21821401 0.05277833
0 0.5087645 0.49084883 0.21654781 0.05153179
0 0.50827802 0.53711428 0.21654781 0.05153179
0 0.49870712 0.59940171 0.21654781 0.05153179
0 0.49841364 0.6594306 0.2248825 0.06398278
0 0.81646322 0.3294294 0.23653176 0.04539722
0 0.80301637 0.43914427 0.23320654 0.05778861
0 0.80961815 0.4943507 0.23487209 0.05779324
0 0.80033809 0.55039193 0.23487209 0.05779324
0 0.79010886 0.60890983 0.23320654 0.05778861
0 0.77910498 0.66615669 0.23320654 0.05778861
