0 0.99188862 0.59781066 0.01622277 0.15185321
0 0.95038433 0.80491911 0.07592462 0.14986224
0 0.99202832 0.35923082 0.01594337 0.10912641
0 0.95154858 0.57331275 0.07706131 0.13965829
0 0.88298521 0.78756349 0.07812362 0.15086652
0 0.94469927 0.36039889 0.07583661 0.14581351
0 0.87841122 0.54965162 0.07331007 0.12886202
0 0.80740033 0.78028087 0.08669418 0.1674946
0 0.87337363 0.33426656 0.0741127 0.14648673
0 0.80975901 0.54555041 0.08007025 0.16329264
0 0.73273382 0.7529099 0.07697845 0.14274822
0 0.80364705 0.328894 0.08145569 0.16856392
0 0.72591731 0.53220084 0.08360003 0.16337444
0 0.65704161 0.74001258 0.0751971 0.14032497
0 0.73518511 0.30116689 0.07802412 0.14658064
0 0.65307104 0.51367377 0.07962353 0.15613893
0 0.57829963 0.73101069 0.07968488 0.15923546
0 0.65945779 0.29788479 0.08009078 0.1666278
0 0.57898903 0.4947509 0.07865716 0.15921182
0 0.4965866 0.71798887 0.08798793 0.17204798
0 0.58951034 0.26814773 0.0801266 0.13973805
0 0.5162194 0.47344948 0.07991773 0.14258515
0 0.42107815 0.70461092 0.08372338 0.16671037
0 0.50949519 0.27018529 0.09135239 0.17712666
0 0.43001702 0.46219298 0.0859614 0.15843487
0 0.33582273 0.68679612 0.08403483 0.17386207
0 0.45030842 0.22182638 0.06595881 0.12368052
0 0.35827561 0.43896209 0.07835369 0.1477784
0 0.26662345 0.66281157 0.08305644 0.15098834
0 0.37204359 0.21565789 0.07734057 0.14156799
0 0.27088153 0.44669484 0.09390503 0.20100103
0 0.1807191 0.65122905 0.08507191 0.16555172
0 0.29158639 0.20524683 0.078303 0.15801301
0 0.18970432 0.42637613 0.10050993 0.20019628
0 0.10278626 0.63602934 0.09925172 0.17732313
0 0.21714958 0.17727508 0.08670315 0.14063163
0 0.10978294 0.40866816 0.0981415 0.19490306
0 0.03267004 0.61471664 0.06534009 0.16215102
0 0.14084281 0.17959001 0.08282446 0.17050018
0 0.04281061 0.3776968 0.08562122 0.17486184
0 0.06286403 0.16451045 0.09419702 0.17386494
0 0.00507451 0.37786222 0.01014902 0.19058845
