0 0.76361589 0.25685719 0.08774008 0.12187584
0 0.71155432 0.28732448 0.0989504 0.14547006
0 0.65287321 0.29482107 0.08831843 0.1302651
0 0.59281799 0.31160994 0.0937841 0.13370712
0 0.53843456 0.34327237 0.11150248 0.16680315
0 0.47680956 0.36903882 0.10465143 0.15489486
0 0.41412599 0.38406508 0.09677933 0.13634691
0 0.34931394 0.40634873 0.10178489 0.14928602
0 0.29026302 0.42968247 0.11166587 0.15787251
0 0.22080724 0.45435641 0.11487593 0.16231683
0 0.8666421 0.42502729 0.09230577 0.13238934
0 0.81410891 0.44569847 0.09871701 0.141277
0 0.75464066 0.46343141 0.0873698 0.12481913
0 0.70084645 0.49029036 0.09406781 0.14029121
0 0.63516922 0.50789606 0.09057676 0.1292631
0 0.57813367 0.52707691 0.09123574 0.1388662
0 0.53205715 0.55813287 0.10197575 0.14512982
0 0.4641146 0.57538147 0.0937352 0.13429858
0 0.40067441 0.5941204 0.09560367 0.1326753
0 0.33314919 0.61696981 0.09426816 0.13017972
0 0.95009135 0.59046613 0.09965035 0.14016673
0 0.89476468 0.60253634 0.09240152 0.13896045
0 0.84706636 0.63262702 0.10060307 0.14262998
0 0.7898917 0.64994093 0.09684173 0.14052187
0 0.73612577 0.67602376 0.10108041 0.1474376
0 0.67724449 0.69470077 0.09679151 0.14648741
0 0.62135234 0.72229343 0.10575813 0.15737415
0 0.56473412 0.74707509 0.10298847 0.15416109
0 0.50892906 0.76659184 0.09769311 0.14656059
0 0.44023215 0.78180556 0.09191969 0.13235648
