0 0.60332354 0.79758593 0.2358554 0.14539818
0 0.11280967 0.49581308 0.22561934 0.14518059
0 0.35179997 0.64321766 0.2358554 0.14539818
0 0.1607376 0.44675574 0.2358554 0.14539818
0 0.40399696 0.59288795 0.2358554 0.14539818
0 0.65709383 0.74579908 0.23601626 0.14562192
0 0.2103441 0.39485274 0.2358554 0.14539818
0 0.45619395 0.54255825 0.2358554 0.14539818
0 0.71033969 0.69449794 0.23601626 0.14562192
0 0.26537796 0.34785441 0.2358554 0.14539818
0 0.51073505 0.49204376 0.2358554 0.14539818
0 0.76515885 0.64173966 0.2358554 0.14539818
0 0.31757495 0.29752471 0.2358554 0.14539818
0 0.56425896 0.43849882 0.23601626 0.14562192
0 0.81945357 0.58946709 0.2358554 0.14539818
0 0.37001831 0.24895309 0.2358554 0.14539818
0 0.61852201 0.39022813 0.2358554 0.14539818
0 0.87556797 0.53749545 0.23601626 0.14562192
0 0.42014925 0.19656436 0.23601626 0.14562192
0 0.66865294 0.33783941 0.23601626 0.14562192
0 0.90722253 0.48679618 0.18555495 0.14562192
0 0.47052656 0.14593372 0.2358554 0.14539818
0 0.72137437 0.28702399 0.2358554 0.14539818
0 0.93272946 0.43167794 0.13454109 0.14539818
0 0.5240188 0.09639067 0.2358554 0.14539818
0 0.77591547 0.2365095 0.2358554 0.14539818
0 0.96022201 0.38067774 0.07955599 0.14562192
0 0.57492054 0.0589867 0.2358554 0.1179734
0 0.82811246 0.1861798 0.2358554 0.14539818
0 0.98801699 0.32919182 0.02396602 0.14562192
