0 0.01091625 0.17823576 0.0218325 0.12818094
0 0.02205031 0.40340582 0.04410061 0.13555595
0 0.06914624 0.19539242 0.05137208 0.14048656
0 0.13988916 0.20030726 0.04881591 0.13186405
0 0.04578184 0.60434475 0.04368128 0.10478558
0 0.09189542 0.41172498 0.04937126 0.13555595
0 0.11459568 0.62106729 0.04537425 0.11708904
0 0.2108736 0.20779361 0.04826979 0.1281723
0 0.16138491 0.42917179 0.05308249 0.15156292
0 0.18230079 0.64970605 0.05446182 0.16017853
0 0.23531241 0.4313335 0.05045491 0.13433354
0 0.28533204 0.21129534 0.04819208 0.11833783
0 0.25748277 0.65012904 0.04918514 0.1343253
0 0.35511094 0.22751066 0.04773322 0.12448072
0 0.30784074 0.43584966 0.0470332 0.11955888
0 0.4245036 0.24177021 0.05210044 0.13680314
0 0.32687648 0.67518186 0.05765182 0.16511623
0 0.38273331 0.43750415 0.04627693 0.10357631
0 0.40340766 0.65546689 0.04442492 0.0998756
0 0.45410398 0.44694626 0.04520523 0.10602581
0 0.49958981 0.24979922 0.05063636 0.13556411
0 0.57197343 0.25493112 0.04845079 0.12940287
0 0.52243581 0.46931904 0.05118668 0.13925593
0 0.47709469 0.66585034 0.04457831 0.10110557
0 0.5979072 0.46851055 0.04585281 0.11094655
0 0.6449848 0.2645903 0.04973931 0.12941142
0 0.54923782 0.67920399 0.04786071 0.11587729
0 0.71650018 0.27341667 0.047911 0.12571123
0 0.61988496 0.69172484 0.04669002 0.11709809
0 0.66865116 0.48421865 0.04755654 0.12325023
0 0.73953982 0.49931101 0.04955837 0.13678661
0 0.79028298 0.27619412 0.04635153 0.1146374
0 0.69164291 0.71391599 0.05269607 0.14910141
0 0.86102694 0.29190223 0.04808986 0.12694176
0 0.81173084 0.50886166 0.04955837 0.13678661
0 0.76518418 0.71412193 0.04826979 0.1281723
0 0.92882783 0.31293498 0.05450086 0.15280124
0 0.84176534 0.71219047 0.04504653 0.1047957
0 0.8879747 0.5119647 0.04852809 0.12079847
0 0.95606501 0.53176596 0.05193396 0.14417856
0 0.91482565 0.72883991 0.04819208 0.11833783
0 0.98775659 0.32465845 0.02448681 0.16387109
