0 0.52874445 0.34559214 0.07468068 0.11669588
0 0.47348625 0.36419752 0.07657578 0.11745102
0 0.41629883 0.37757413 0.07472418 0.12248277
0 0.35765583 0.38039005 0.0802497 0.10523103
0 0.30223756 0.40464325 0.07390611 0.11938794
0 0.24600208 0.41817765 0.08132704 0.11900448
0 0.18485906 0.43794536 0.07326428 0.11476973
0 0.12157608 0.44830577 0.08480226 0.12577049
0 0.0563005 0.46791632 0.09214756 0.12524023
0 0.01749042 0.49014126 0.03498083 0.13482489
0 0.6171743 0.47766967 0.06704537 0.10670369
0 0.5628901 0.49377086 0.06524717 0.10987095
0 0.50278821 0.50521279 0.0692963 0.11189463
0 0.44801066 0.53471871 0.0785856 0.12416157
0 0.3867855 0.55244059 0.08701169 0.13945778
0 0.3321286 0.56568241 0.09363581 0.15077171
0 0.26880149 0.58136677 0.08468901 0.12967326
0 0.20779741 0.60031295 0.07853915 0.11226855
0 0.15796683 0.63420183 0.09459538 0.13314325
0 0.08500256 0.64430352 0.0860722 0.12582339
0 0.7002338 0.61944036 0.07290326 0.1089767
0 0.64167528 0.62971293 0.0656179 0.10137578
0 0.59072706 0.65610587 0.07443192 0.11736645
0 0.53955495 0.67478152 0.06762297 0.11319429
0 0.48631843 0.69770725 0.07805903 0.12533222
0 0.42472292 0.71798058 0.07695233 0.11559711
0 0.37232146 0.73922365 0.09081596 0.14096648
0 0.31170041 0.75807497 0.08612918 0.12633502
0 0.24475098 0.77239353 0.09496917 0.13841791
0 0.18191626 0.79927069 0.08645643 0.13824542
