0 0.74847015 0.6272042 0.17458936 0.18813094
0 0.56952842 0.82617321 0.17458936 0.18813094
0 0.92777463 0.41790878 0.14445073 0.18952688
0 0.49398305 0.78946399 0.17458936 0.18813094
0 0.67154305 0.58979598 0.17458936 0.18813094
0 0.8570412 0.37906601 0.18090504 0.18965187
0 0.42261537 0.75034487 0.17458936 0.18813094
0 0.59741191 0.54927887 0.17458936 0.18813094
0 0.78149583 0.34235679 0.17796845 0.18893949
0 0.34751974 0.71537093 0.17458936 0.18813094
0 0.51792997 0.51359376 0.17578269 0.1884151
0 0.70273726 0.30251429 0.17458936 0.18813094
0 0.27660181 0.67798709 0.17458936 0.18813094
0 0.45184809 0.47865639 0.17890999 0.18916691
0 0.62118273 0.26578069 0.17706504 0.18872214
0 0.20568388 0.64060326 0.17458936 0.18813094
0 0.37467987 0.44263397 0.17662781 0.18861726
0 0.54563736 0.22907147 0.17890999 0.18916691
0 0.13939338 0.60254481 0.17458936 0.18813094
0 0.30262133 0.40316535 0.17458936 0.18813094
0 0.47745038 0.19759249 0.17620034 0.18851491
0 0.07905181 0.56794475 0.15810362 0.18804132
0 0.23028916 0.3695894 0.17458936 0.18813094
0 0.40259587 0.16123276 0.17421168 0.18804132
0 0.04450858 0.53299519 0.08901715 0.18804132
0 0.16051183 0.33429034 0.17421168 0.18804132
0 0.32864085 0.1283436 0.17458936 0.18813094
0 0.01220582 0.49840732 0.02441164 0.1884151
0 0.09467107 0.29796718 0.17421168 0.18804132
0 0.2565498 0.09389832 0.17751194 0.18779663
