0 0.18527613 0.33055609 0.25213921 0.05333048
0 0.19605469 0.37654909 0.24996435 0.04299551
0 0.18600401 0.42932238 0.26083293 0.04964542
0 0.19109252 0.48523452 0.25431236 0.05037883
0 0.20344435 0.53346548 0.26844085 0.0533417
0 0.19869484 0.59148004 0.25974499 0.03931645
0 0.19873154 0.65362012 0.28691531 0.046715
0 0.18687994 0.71302984 0.2836563 0.05778183
0 0.20569837 0.78463997 0.29452343 0.0526232
0 0.19694589 0.85037444 0.3108253 0.05411195
0 0.45581794 0.31527557 0.22931817 0.06070279
0 0.47727471 0.36879297 0.23583603 0.04150843
0 0.48840696 0.42218775 0.23692299 0.04298509
0 0.49416217 0.47329939 0.25105147 0.04594786
0 0.50380652 0.52112831 0.25322429 0.03931044
0 0.51595917 0.57712435 0.26952656 0.04448727
0 0.52582442 0.63753178 0.26626569 0.0393226
0 0.5401222 0.69466294 0.28039531 0.05261231
0 0.53824417 0.76787664 0.27822213 0.05556328
0 0.53736481 0.82334802 0.28800294 0.05409413
0 0.7326556 0.33003001 0.22714226 0.04519207
0 0.74615114 0.37605528 0.22822815 0.03781344
0 0.76237314 0.42174305 0.22388146 0.04149909
0 0.77577383 0.47146598 0.23148842 0.0370787
0 0.77880257 0.52291511 0.24670376 0.04077969
0 0.79917255 0.57641961 0.24235647 0.03930078
0 0.81527125 0.62691435 0.23366274 0.04372058
0 0.83563174 0.68078861 0.24235743 0.04741753
0 0.8450769 0.73638262 0.26626691 0.05038755
0 0.85773501 0.79386419 0.2619207 0.0570289
