0 0.56604389 0.08014297 0.19641125 0.03457717
0 0.85805584 0.09287694 0.19807168 0.02974814
0 0.27829941 0.12578156 0.18142977 0.03079647
0 0.56549259 0.13582263 0.18642463 0.03327288
0 0.84984043 0.15075867 0.20639405 0.03103856
0 0.56647488 0.19344016 0.17643696 0.03075158
0 0.84928913 0.20643833 0.19973597 0.02976534
0 0.27682872 0.18267678 0.17643802 0.03196893
0 0.26541534 0.23855519 0.19141641 0.0321019
0 0.54328003 0.25073288 0.20805924 0.03226161
0 0.85692895 0.26431764 0.16312182 0.02941825
0 0.2681928 0.29436574 0.17477487 0.03317496
0 0.5459703 0.30779172 0.19807258 0.03095461
0 0.83215691 0.32029663 0.21471555 0.03112572
0 0.2683429 0.35195055 0.20972446 0.03348665
0 0.53626489 0.36311142 0.20972542 0.03469786
0 0.8515782 0.37676163 0.16478608 0.02943259
0 0.25022839 0.40819132 0.19474699 0.03456261
0 0.53479421 0.42000665 0.20140305 0.03340757
0 0.84927532 0.43362414 0.15813019 0.03059722
0 0.26207276 0.46561011 0.16312291 0.03063772
0 0.55084314 0.4769649 0.15813519 0.0355007
0 0.85192199 0.49130712 0.14482186 0.03541276
0 0.23392836 0.52208235 0.21138694 0.03109047
0 0.52611469 0.53231975 0.20306733 0.03342315
0 0.82128102 0.54768119 0.20140116 0.0309878
0 0.23499784 0.57845159 0.23468727 0.03134785
0 0.525389 0.59049598 0.18975021 0.02966415
0 0.81569297 0.60378865 0.20472975 0.03102151
0 0.25936868 0.63573708 0.18475832 0.03082705
0 0.53894136 0.64735607 0.15480057 0.02934865
0 0.8126015 0.65999429 0.20306545 0.03100459
0 0.20542635 0.69119491 0.23801591 0.03138663
0 0.52327982 0.70431915 0.18475932 0.03204153
0 0.79803373 0.71324523 0.22137634 0.03601956
0 0.23724332 0.74939905 0.16645253 0.03188603
0 0.80799574 0.77371929 0.18642259 0.03084254
0 0.20831032 0.80521442 0.21637985 0.03114353
0 0.80989742 0.83012126 0.18476037 0.03325852
0 0.20929261 0.86283195 0.20639405 0.03103856
0 0.50642849 0.87388983 0.18475932 0.03204153
0 0.8047056 0.89250288 0.19641456 0.03823658
0 0.51976784 0.81433201 0.17976873 0.03443691
0 0.50761829 0.76128223 0.20140616 0.03705634
0 0.25677391 0.0636011 0.24634072 0.0362693
