0 0.88690461 0.47100912 0.22619078 0.13664814
0 0.62613704 0.6174498 0.24511507 0.13690609
0 0.35241963 0.7666003 0.24511507 0.13690609
0 0.84854435 0.41745919 0.24511507 0.13690609
0 0.5783822 0.56389986 0.24497995 0.13664814
0 0.3028266 0.71327947 0.24511507 0.13690609
0 0.79895132 0.36413835 0.24511507 0.13690609
0 0.52793063 0.51181939 0.24511507 0.13690609
0 0.25458193 0.6592239 0.24511507 0.13690609
0 0.75229722 0.31385133 0.24569385 0.1380072
0 0.47564088 0.45996802 0.24511507 0.13690609
0 0.20866527 0.60544487 0.24511507 0.13690609
0 0.69584129 0.26195251 0.24497995 0.13664814
0 0.42518931 0.40788755 0.24497995 0.13664814
0 0.1582137 0.5533644 0.24497995 0.13664814
0 0.64906608 0.20941385 0.24511507 0.13690609
0 0.38037339 0.35737143 0.24569385 0.1380072
0 0.11515983 0.50128393 0.23031967 0.13690609
0 0.5982458 0.15907938 0.24525402 0.13717101
0 0.32894218 0.30427969 0.24497995 0.13664814
0 0.09106427 0.44948 0.18212855 0.13664814
0 0.54791533 0.10925055 0.24497995 0.13664814
0 0.27996008 0.25371613 0.24497995 0.13664814
0 0.06752609 0.39868735 0.13505218 0.13690609
0 0.49856451 0.06437853 0.24497995 0.12875706
0 0.23281616 0.20292347 0.24484868 0.13639719
0 0.04370922 0.34738905 0.08741844 0.13690609
0 0.45325877 0.03886765 0.24497995 0.07773531
0 0.01991912 0.2983424 0.03983824 0.13664814
0 0.18555114 0.14987918 0.24569385 0.1380072
