0 0.00846734 0.45000899 0.01693468 0.12086179
0 0.02142907 0.23698916 0.04143815 0.13829873
0 0.07390987 0.45382919 0.04234868 0.12335498
0 0.09845874 0.24330082 0.04330645 0.14577386
0 0.0471713 0.69747835 0.04433378 0.16694829
0 0.17411926 0.24701207 0.04143815 0.13829873
0 0.1240248 0.69812975 0.04401973 0.16072044
0 0.15198727 0.45832672 0.04229957 0.12210954
0 0.20001756 0.69182069 0.04297189 0.13830075
0 0.22558324 0.47257221 0.04308174 0.14079177
0 0.25053698 0.25140066 0.04138185 0.13705321
0 0.27422548 0.70798924 0.04252381 0.1607187
0 0.30175216 0.47192341 0.04094718 0.12708916
0 0.32829295 0.25148367 0.04260079 0.1295823
0 0.3503944 0.70734044 0.04347932 0.14951046
0 0.37824252 0.47568913 0.04084295 0.1245982
0 0.40171275 0.2600689 0.04116099 0.13207115
0 0.42493456 0.71348868 0.04347932 0.14951046
0 0.45292793 0.48059164 0.04084295 0.1245982
0 0.47939609 0.26077477 0.04244821 0.12584589
0 0.50182978 0.70661123 0.0454082 0.15823115
0 0.55437202 0.26318582 0.03913723 0.12085958
0 0.52915868 0.49375481 0.04297189 0.13830075
0 0.57596507 0.72340264 0.0435966 0.15200155
0 0.60330478 0.49611139 0.04110687 0.13082565
0 0.62974202 0.26938854 0.04069 0.12086179
0 0.65140769 0.72898249 0.04214701 0.15324528
0 0.67998211 0.49110254 0.04215491 0.11837323
0 0.7068026 0.28260618 0.04149489 0.13954426
0 0.72706821 0.73269374 0.04353775 0.150756
0 0.75592233 0.50675717 0.04138185 0.13705321
0 0.78051292 0.28869995 0.04324965 0.14452833
0 0.80309187 0.73329067 0.04138185 0.13705321
0 0.83133405 0.50543103 0.04084295 0.1245982
0 0.85660921 0.28867401 0.04446225 0.13705736
0 0.87867975 0.73762479 0.04297189 0.13830075
0 0.9080732 0.51423415 0.04281028 0.13456424
0 0.93114937 0.29482225 0.04435867 0.1345664
0 0.95458907 0.74637343 0.04637781 0.14577793
0 0.98099955 0.52541978 0.03800091 0.1445264
0 0.98941146 0.29837009 0.02117709 0.14453921
