0 0.16897325 0.78785794 0.05306522 0.29569876
0 0.20441306 0.79040473 0.05629 0.31005827
0 0.23980725 0.81247666 0.05655419 0.29835264
0 0.27252351 0.83992368 0.04964494 0.27569806
0 0.31153968 0.84348403 0.05562417 0.30137441
0 0.35024568 0.85325095 0.05577667 0.2934981
0 0.39083683 0.8546183 0.0588679 0.2907634
0 0.42588367 0.89076587 0.05026744 0.21846825
0 0.47035331 0.88087173 0.05691486 0.23825655
0 0.51135776 0.88837901 0.05613563 0.22324197
0 0.55675795 0.89922035 0.05510469 0.2015593
0 0.59963108 0.91263446 0.0518104 0.17473109
0 0.64641988 0.8986511 0.06075642 0.20269779
0 0.68980604 0.91825623 0.06154001 0.16348754
0 0.73271721 0.94789063 0.05581338 0.10421873
0 0.22268799 0.44730665 0.04645711 0.25223111
0 0.26169021 0.4431387 0.05052836 0.28134923
0 0.29821396 0.45030923 0.05222632 0.28137413
0 0.33435824 0.46827719 0.05316296 0.27271531
0 0.37361444 0.48235617 0.0523764 0.27226944
0 0.41034611 0.48822251 0.05213449 0.27573496
0 0.450401 0.50570846 0.05557168 0.2753553
0 0.49084932 0.5201253 0.05005558 0.26963222
0 0.531443 0.51799869 0.05551591 0.2957349
0 0.5742164 0.53466478 0.05458595 0.29311886
0 0.61684949 0.54379395 0.05510469 0.29269299
0 0.66363576 0.55091954 0.05964082 0.32181757
0 0.70597263 0.5781397 0.05641046 0.29271297
0 0.7517316 0.59110819 0.05793708 0.29880758
0 0.79598828 0.61410151 0.0516326 0.26662062
0 0.28219259 0.11028715 0.04688236 0.2205743
0 0.31841375 0.1104412 0.05089773 0.2208824
0 0.35163162 0.11538761 0.04990689 0.23077523
0 0.39212304 0.11819464 0.04766146 0.23638928
0 0.42999569 0.12508684 0.04969909 0.25017368
0 0.46910103 0.13228782 0.04866028 0.26353981
0 0.50929284 0.14049791 0.0490218 0.2522701
0 0.55341679 0.14037162 0.05973465 0.28074324
0 0.59253356 0.15522878 0.05217514 0.27530192
0 0.63311328 0.14586518 0.05641046 0.29173035
0 0.6815075 0.15557394 0.0609915 0.31114788
0 0.71863345 0.18187912 0.05299355 0.28138565
0 0.76893605 0.16273886 0.05890375 0.31573497
0 0.81397747 0.18141084 0.05434423 0.2870438
0 0.85988179 0.1778359 0.06047601 0.33614213
