0 0.44760714 0.36490573 0.18654058 0.06474639
0 0.47018837 0.4251193 0.19546186 0.05733778
0 0.49897249 0.47133518 0.18285536 0.05550915
0 0.80666808 0.50807078 0.20966049 0.05962502
0 0.82909182 0.55780811 0.21124238 0.05995567
0 0.90125204 0.70942775 0.19749592 0.06033864
0 0.65330349 0.8194815 0.19237707 0.05807838
0 0.9071791 0.76744182 0.1856418 0.06090505
0 0.3907529 0.87886225 0.20383379 0.06697298
0 0.37225189 0.83211197 0.19111282 0.06308874
0 0.63375242 0.77232995 0.21034762 0.07136391
0 0.34798554 0.7821665 0.21474561 0.06671248
0 0.31630875 0.73534121 0.20988052 0.0636158
0 0.5981329 0.72449397 0.22726684 0.06706949
0 0.88336984 0.66287061 0.22410511 0.06643469
0 0.85254561 0.60992308 0.21936299 0.06548803
0 0.57598668 0.67337468 0.23998893 0.07096339
0 0.55431548 0.62739694 0.23058529 0.07048883
0 0.30971595 0.68371753 0.19442184 0.06610896
0 0.27908923 0.63729351 0.20351928 0.06166651
0 0.54221486 0.57317248 0.23513661 0.06801744
0 0.51024055 0.52970551 0.2335552 0.06769311
0 0.77421875 0.45946225 0.23366591 0.06969899
0 0.75708533 0.40777856 0.24951178 0.07354625
0 0.73474161 0.35013576 0.24772536 0.06942366
0 0.70578 0.29542001 0.23889102 0.07886092
0 0.22756384 0.54667499 0.2097288 0.06089154
0 0.25904313 0.58697677 0.2104012 0.07220068
0 0.21282807 0.49243552 0.2068947 0.0659788
0 0.17514844 0.43984426 0.22159816 0.07663766
