0 0.78152259 0.64777882 0.18442579 0.1393308
0 0.54158268 0.64399599 0.18442579 0.1393308
0 0.72531741 0.51293748 0.18442579 0.1393308
0 0.38753499 0.8343842 0.18442579 0.1393308
0 0.56897591 0.70956039 0.18442579 0.1393308
0 0.75320123 0.58284495 0.18442579 0.1393308
0 0.41727507 0.90303059 0.18442579 0.1393308
0 0.59827845 0.78318039 0.18442579 0.1393308
0 0.33597047 0.69639016 0.18442579 0.1393308
0 0.70347529 0.44048426 0.18442579 0.1393308
0 0.51697385 0.57653996 0.18442579 0.1393308
0 0.35688446 0.76947392 0.18442579 0.1393308
0 0.68119563 0.37300465 0.18442579 0.1393308
0 0.4932401 0.4991367 0.18442579 0.1393308
0 0.30530225 0.62837431 0.18442579 0.1393308
0 0.27929238 0.56031131 0.18442579 0.1393308
0 0.4663021 0.43170425 0.18442579 0.1393308
0 0.6519815 0.31491245 0.18442579 0.1393308
0 0.22721959 0.41486863 0.18442579 0.1393308
0 0.63246855 0.24243566 0.18442579 0.1393308
0 0.439837 0.3655093 0.18442579 0.1393308
0 0.25139088 0.48729828 0.18442579 0.1393308
0 0.42170741 0.29053391 0.18442579 0.1393308
0 0.17558434 0.26445234 0.18442579 0.1393308
0 0.19795242 0.34745975 0.18442579 0.1393308
0 0.60642332 0.16816154 0.18442579 0.1393308
0 0.36404814 0.14576893 0.18442579 0.1393308
0 0.38401632 0.21637767 0.18442579 0.1393308
0 0.55585766 0.05581229 0.18442579 0.11162459
0 0.57531756 0.10511931 0.18442579 0.1393308
