0 0.82419422 0.33505253 0.09300031 0.13638267
0 0.76916179 0.32111911 0.09266938 0.13171589
0 0.72074098 0.29703743 0.09523917 0.13782769
0 0.65814998 0.28102594 0.0982856 0.13865281
0 0.60214017 0.26084082 0.09886122 0.14931429
0 0.53663262 0.24283088 0.09577279 0.13984857
0 0.47775225 0.23142936 0.10559402 0.16029586
0 0.41836256 0.20114108 0.11085326 0.14531541
0 0.34155537 0.18241775 0.10645766 0.14374168
0 0.27152282 0.16116943 0.10965504 0.15386161
0 0.75933613 0.48673937 0.09484113 0.13050651
0 0.6975392 0.47333939 0.08986665 0.12824783
0 0.64200287 0.45926744 0.08862552 0.12884684
0 0.58163108 0.44346721 0.09647651 0.14121399
0 0.51793555 0.42635432 0.10158881 0.15277726
0 0.44880394 0.4065503 0.09966411 0.14735978
0 0.38379015 0.39067045 0.10051161 0.14806793
0 0.31070374 0.37456553 0.11181907 0.15928669
0 0.24453941 0.34680224 0.11648799 0.16750112
0 0.16108475 0.32545359 0.1204629 0.16904024
0 0.6683413 0.63802119 0.09982797 0.1281425
0 0.60832597 0.63149289 0.08812517 0.1201936
0 0.53701101 0.62425119 0.10610241 0.13908761
0 0.48129137 0.60653905 0.10057377 0.13877678
0 0.41778929 0.59107481 0.10958156 0.14524249
0 0.34342048 0.58897651 0.10771658 0.145137
0 0.27205952 0.57095277 0.11134675 0.15727024
0 0.19757841 0.55127348 0.10628288 0.15036279
0 0.12438513 0.53633579 0.11212872 0.16195918
0 0.05138237 0.53291103 0.10276473 0.1725403
