0 0.82283064 0.61984705 0.20523598 0.04331884
0 0.81912819 0.57793523 0.21060625 0.04424249
0 0.8190132 0.5348879 0.1934229 0.04141436
0 0.81052801 0.48188414 0.20739573 0.04469688
0 0.79540966 0.43820722 0.21920155 0.04597152
0 0.79836704 0.38471909 0.23207376 0.04669963
0 0.80485855 0.33459439 0.22685477 0.05798857
0 0.79451294 0.28778206 0.2106359 0.04677553
0 0.78421568 0.22935711 0.21282062 0.05010695
0 0.78056158 0.17583268 0.25590015 0.06659513
0 0.58390702 0.65009056 0.22128863 0.04060595
0 0.5668699 0.60999033 0.2234992 0.04683605
0 0.55530735 0.5603137 0.22343451 0.04074222
0 0.55618092 0.5167854 0.24280796 0.04793956
0 0.54436332 0.46601296 0.21056588 0.04054121
0 0.52694946 0.41247377 0.23321965 0.05306979
0 0.50521463 0.36164687 0.25473147 0.05931792
0 0.50610489 0.30164175 0.24285672 0.05230001
0 0.48465179 0.24966119 0.26756265 0.05679596
0 0.47715516 0.19617646 0.26435226 0.05725337
0 0.31554012 0.67676758 0.21189901 0.06069431
0 0.29635086 0.62978509 0.20861325 0.05584739
0 0.26312011 0.58394151 0.23326948 0.05696917
0 0.26133143 0.53133932 0.23430002 0.05376869
0 0.2427323 0.47980004 0.26429626 0.0522633
0 0.22919265 0.43108536 0.26868836 0.0613124
0 0.21033847 0.37845027 0.24717698 0.0550723
0 0.20459556 0.32777198 0.25695365 0.06531652
0 0.18862203 0.2733287 0.2440713 0.06340822
0 0.16727063 0.20523659 0.25266563 0.06512192
