0 0.41809145 0.99488269 0.23833333 0.01023463
0 0.72392479 0.99238269 0.25 0.01523463
0 0.94612906 0.98988269 0.10774188 0.02023463
0 0.39975812 0.94851537 0.205 0.03
0 0.71725812 0.94414037 0.23333333 0.03125
0 0.94862906 0.94664037 0.10274188 0.04625
0 0.39892479 0.88914037 0.20333333 0.03125
0 0.72142479 0.83039037 0.23833333 0.03875
0 0.40975812 0.83664037 0.21833333 0.04875
0 0.94862906 0.83164037 0.10274188 0.04125
0 0.94862906 0.76851537 0.10274188 0.0325
0 0.72309145 0.77039037 0.24166667 0.04375
0 0.41642479 0.77226537 0.235 0.0375
0 0.95112906 0.70976537 0.09774188 0.03
0 0.70975812 0.71226537 0.20833333 0.035
0 0.43892479 0.65414037 0.27666667 0.04125
0 0.95196239 0.59976537 0.09607521 0.04
0 0.71475812 0.59101537 0.215 0.03
0 0.42975812 0.58851537 0.26166667 0.0325
0 0.95279573 0.53664037 0.09440855 0.02875
0 0.72392479 0.53289037 0.23 0.03375
0 0.40392479 0.53039037 0.2 0.03875
0 0.95279573 0.47789037 0.09440855 0.03125
0 0.71809145 0.47164037 0.225 0.03125
0 0.42142479 0.46476537 0.24833333 0.0325
0 0.71475812 0.41101537 0.21833333 0.035
0 0.42142479 0.40601537 0.245 0.04
0 0.95362906 0.36414037 0.09274188 0.04375
0 0.70725812 0.35414037 0.2 0.04625
0 0.42809145 0.34101537 0.25166667 0.0375
0 0.71475812 0.28664037 0.21166667 0.03125
0 0.42392479 0.27726537 0.25 0.035
0 0.95446239 0.30289037 0.09107521 0.05125
0 0.95696239 0.42101537 0.08607521 0.0375
0 0.94696239 0.65914037 0.10607521 0.04375
0 0.94696239 0.88289037 0.10607521 0.03625
0 0.69892479 0.89039037 0.19 0.04375
0 0.71309145 0.65351537 0.20833333 0.035
0 0.40892479 0.71039037 0.21666667 0.04125
