0 0.14604579 0.72174538 0.225 0.0325
0 0.45187913 0.71424538 0.24333333 0.0325
0 0.12854579 0.66612038 0.18666667 0.03125
0 0.41687913 0.65549538 0.18 0.0375
0 0.14104579 0.60424538 0.21833333 0.035
0 0.13854579 0.54924538 0.20666667 0.035
0 0.43771246 0.54487038 0.22166667 0.03125
0 0.42604579 0.49299538 0.20166667 0.03
0 0.15187913 0.49362038 0.23666667 0.03625
0 0.13354579 0.44049538 0.19333333 0.0325
0 0.42437913 0.43799538 0.20166667 0.03
0 0.42771246 0.38737038 0.205 0.03125
0 0.13104579 0.38549538 0.18833333 0.0275
0 0.42687913 0.27862038 0.21 0.02875
0 0.14021246 0.27674538 0.20333333 0.03
0 0.14271246 0.22424538 0.21166667 0.03
0 0.43687913 0.22299538 0.23 0.035
0 0.43271246 0.17424538 0.21833333 0.0325
0 0.14437913 0.17112038 0.21166667 0.02875
0 0.41104579 0.11862038 0.17166667 0.03375
0 0.14271246 0.11737038 0.21166667 0.03125
0 0.41021246 0.06924538 0.18 0.0275
0 0.14021246 0.06487038 0.20666667 0.03125
0 0.41854579 0.01612038 0.19333333 0.03125
0 0.11687913 0.01337269 0.16 0.02674538
0 0.41771246 0.33049538 0.18833333 0.035
0 0.13271246 0.33112038 0.20166667 0.04125
0 0.42687913 0.60112038 0.2 0.03875
