0 0.52394433 0.25118407 0.2226707 0.06017882
0 0.52596249 0.33784156 0.2226707 0.06980743
0 0.52192616 0.42106027 0.21661621 0.06430536
0 0.52394433 0.50582643 0.21661621 0.05570839
0 0.52394433 0.58749768 0.22468887 0.06017882
0 0.52764429 0.68051694 0.24285234 0.065337
0 0.52764429 0.7670025 0.23007064 0.05605227
0 0.52562613 0.8519406 0.2448705 0.06430536
0 0.52915792 0.94066137 0.23780693 0.06568088
0 0.53285788 0.99741115 0.24049781 0.0051777
0 0.84449596 0.24533812 0.22065254 0.06568088
0 0.84920501 0.32958847 0.25563404 0.05811554
0 0.85542768 0.41555821 0.23444332 0.06430536
0 0.85071863 0.50273152 0.22704339 0.05364512
0 0.85660494 0.58818544 0.2320888 0.06568088
0 0.85509132 0.67621845 0.23107972 0.06155433
0 0.86080945 0.76218819 0.24520686 0.0588033
0 0.8586231 0.84867375 0.23007064 0.06877579
0 0.85071863 0.94478792 0.22502523 0.06774415
