0 0.02928612 0.44735604 0.05857223 0.02588757
0 0.02548177 0.5043087 0.05096354 0.03476331
0 0.02819916 0.54757793 0.05639832 0.03402367
0 0.03254699 0.59750397 0.06509397 0.04511834
0 0.02656873 0.64816965 0.05313745 0.03846154
0 0.03254699 0.69661639 0.06509397 0.04215976
0 0.03526438 0.7543087 0.07052876 0.04215976
0 0.03852525 0.8134803 0.07705049 0.04659763
0 0.04450351 0.87671995 0.08900702 0.04733728
0 0.03254699 0.94217852 0.06509397 0.05843195
0 0.20096354 0.45623178 0.24782609 0.05399408
0 0.20259397 0.50504835 0.23586957 0.0362426
0 0.20150702 0.54794776 0.225 0.04215976
0 0.22324615 0.5997229 0.2423913 0.04363905
0 0.23031136 0.63966373 0.24347826 0.03772189
0 0.23520267 0.69846551 0.24456522 0.04733728
0 0.24063745 0.75393888 0.25978261 0.0443787
0 0.24063745 0.81458977 0.25543478 0.03846154
0 0.24824615 0.86821403 0.25108696 0.04215976
0 0.44987658 0.46843592 0.20869565 0.03994083
0 0.44987658 0.51170515 0.20869565 0.0362426
0 0.46618093 0.5568235 0.21521739 0.04363905
0 0.46835484 0.60120219 0.19565217 0.03772189
0 0.47976789 0.64964894 0.20543478 0.03846154
0 0.4993331 0.69772586 0.22282609 0.04142012
0 0.52542006 0.74580279 0.24891304 0.03106509
0 0.5243331 0.79498918 0.22934783 0.04363905
0 0.53900702 0.85674953 0.25652174 0.04289941
0 0.55096354 0.9122229 0.25869565 0.0443787
0 0.25476789 0.9318235 0.27717391 0.05991124
