0 0.7690814 0.61686746 0.23833333 0.03375
0 0.44741473 0.61561746 0.19833333 0.03375
0 0.95912403 0.56061746 0.08175194 0.03125
0 0.74741473 0.55749246 0.19833333 0.03
0 0.45324806 0.55749246 0.20666667 0.03
0 0.44574806 0.49936746 0.18166667 0.02875
0 0.9682907 0.44686746 0.0634186 0.03125
0 0.75991473 0.44436746 0.21 0.02875
0 0.4540814 0.44186746 0.19833333 0.02875
0 0.97162403 0.39061746 0.05675194 0.02875
0 0.75824806 0.38624246 0.21333333 0.03
0 0.45824806 0.38499246 0.20666667 0.03
0 0.97162403 0.33374246 0.05675194 0.03
0 0.74491473 0.32999246 0.18666667 0.03
0 0.45824806 0.32749246 0.20333333 0.03
0 0.9732907 0.27624246 0.0534186 0.03
0 0.7565814 0.27311746 0.20666667 0.02875
0 0.4515814 0.27186746 0.18666667 0.02875
0 0.97245737 0.21936746 0.05508527 0.02875
0 0.74074806 0.21686746 0.16833333 0.02875
0 0.45991473 0.21499246 0.20333333 0.03
0 0.97245737 0.16249246 0.05508527 0.0325
0 0.7465814 0.16061746 0.17666667 0.03125
0 0.47241473 0.15686746 0.225 0.02875
0 0.9732907 0.10686746 0.0534186 0.03125
0 0.74991473 0.10374246 0.18 0.03
0 0.46574806 0.10186746 0.20166667 0.02875
0 0.97412403 0.05061746 0.05175194 0.03125
0 0.76324806 0.04686746 0.21333333 0.02875
0 0.46491473 0.04499246 0.21 0.03
0 0.97495737 0.00437123 0.05008527 0.00874246
0 0.96912403 0.61936746 0.06175194 0.03625
0 0.7740814 0.50374246 0.235 0.03
0 0.96912403 0.50499246 0.06175194 0.0325
