0 0.20660697 0.65311391 0.22166667 0.04625
0 0.20577364 0.58873891 0.21 0.045
0 0.50327364 0.54436391 0.225 0.04125
0 0.19827364 0.52873891 0.195 0.0525
0 0.50410697 0.49061391 0.22333333 0.04375
0 0.19077364 0.46311391 0.18 0.04375
0 0.18827364 0.71623891 0.205 0.06
0 0.18827364 0.76873891 0.205 0.06
0 0.18327364 0.82748891 0.205 0.06
0 0.17827364 0.88623891 0.205 0.06
0 0.17660697 0.94623891 0.205 0.06
0 0.16660697 0.98874446 0.205 0.02251109
0 0.48994031 0.59998891 0.20833333 0.0475
0 0.48160697 0.65873891 0.20833333 0.0475
0 0.47160697 0.71873891 0.20833333 0.0475
0 0.46660697 0.76873891 0.20833333 0.0475
0 0.46494031 0.82498891 0.20833333 0.0475
0 0.45494031 0.89123891 0.20833333 0.0475
0 0.45994031 0.94123891 0.20833333 0.0475
0 0.46160697 0.98686946 0.20833333 0.02626109
