0 0.28101882 0.53139628 0.21166667 0.065
0 0.04259275 0.53389628 0.08518549 0.055
0 0.04259275 0.46389628 0.08518549 0.045
0 0.03925941 0.40327128 0.07851882 0.04875
0 0.05759275 0.34202128 0.11518549 0.04625
0 0.28768549 0.34264628 0.24166667 0.055
0 0.28935216 0.29577128 0.23166667 0.05125
0 0.04175941 0.29014628 0.08351882 0.045
0 0.28268549 0.22764628 0.215 0.05
0 0.03925941 0.21827128 0.07851882 0.04875
0 0.03759275 0.16139628 0.07518549 0.0475
0 0.61935216 0.10264628 0.23166667 0.0575
0 0.29018549 0.09702128 0.23 0.04625
0 0.04092608 0.09577128 0.08185216 0.05125
0 0.04675941 0.04264628 0.09351882 0.045
0 0.62185216 0.03202128 0.23333333 0.04875
0 0.29851882 0.03389628 0.24333333 0.045
0 0.29018549 0.16327128 0.24 0.06625
0 0.28935216 0.41139628 0.24166667 0.055
0 0.28935216 0.47139628 0.24166667 0.055
0 0.61101882 0.22577128 0.22833333 0.04875
0 0.61101882 0.16702128 0.22833333 0.04875
0 0.60768549 0.29514628 0.23833333 0.0525
0 0.61435216 0.35389628 0.23833333 0.0525
0 0.61268549 0.41764628 0.23833333 0.0525
0 0.60268549 0.47889628 0.23833333 0.0525
0 0.59268549 0.53639628 0.23833333 0.0525
