0 0.09899294 0.88429099 0.19798588 0.03375
0 0.37881921 0.88054099 0.20166667 0.03625
0 0.39381921 0.82054099 0.23833333 0.03375
0 0.09649294 0.71054099 0.19298588 0.03125
0 0.09982627 0.65429099 0.19965254 0.03625
0 0.36631921 0.65241599 0.19666667 0.035
0 0.10149294 0.59679099 0.20298588 0.03375
0 0.37298588 0.48366599 0.21666667 0.035
0 0.09565961 0.42616599 0.19131921 0.035
0 0.10149294 0.36929099 0.20298588 0.03375
0 0.36381921 0.37366599 0.215 0.0475
0 0.37548588 0.42866599 0.25166667 0.0375
0 0.10815961 0.48304099 0.21631921 0.03625
0 0.10232627 0.53866599 0.20465254 0.035
0 0.37381921 0.53991599 0.20833333 0.04
0 0.37715254 0.59304099 0.22833333 0.03375
0 0.37298588 0.71116599 0.21666667 0.0475
0 0.10732627 0.76991599 0.21465254 0.035
0 0.38048588 0.76366599 0.23166667 0.025
0 0.10149294 0.82616599 0.20298588 0.04
