0 0.1195868 0.60974759 0.23917361 0.04
0 0.11375347 0.42224759 0.22750694 0.0475
0 0.11792014 0.36662259 0.23584027 0.04625
0 0.10042014 0.30349759 0.20084027 0.045
0 0.65084027 0.31849759 0.24333333 0.0475
0 0.38667361 0.24537259 0.26166667 0.04625
0 0.0770868 0.23537259 0.15417361 0.04875
0 0.11375347 0.49224759 0.22750694 0.0475
0 0.11375347 0.54849759 0.22750694 0.0475
0 0.11125347 0.67099759 0.22250694 0.04
0 0.11125347 0.72974759 0.22250694 0.04
0 0.1145868 0.78287259 0.22917361 0.05375
0 0.37334027 0.30662259 0.26166667 0.04625
0 0.36667361 0.36787259 0.26166667 0.04625
0 0.36834027 0.42912259 0.26166667 0.04625
0 0.36334027 0.49412259 0.26166667 0.04625
0 0.36667361 0.55287259 0.26166667 0.04625
0 0.36834027 0.60662259 0.26166667 0.04625
0 0.36500694 0.66162259 0.26166667 0.04625
0 0.36667361 0.71912259 0.26166667 0.04625
0 0.36334027 0.77287259 0.26166667 0.04625
0 0.65000694 0.26099759 0.26166667 0.0475
0 0.64750694 0.37224759 0.24333333 0.0475
0 0.64417361 0.43349759 0.24333333 0.0475
0 0.63750694 0.48724759 0.24333333 0.0475
0 0.63417361 0.54724759 0.24333333 0.0475
0 0.64417361 0.59974759 0.24333333 0.0475
0 0.64917361 0.65349759 0.24333333 0.0475
0 0.65584027 0.70849759 0.24333333 0.0475
0 0.65250694 0.76849759 0.24333333 0.0475
