0 0.52869308 0.84901893 0.05 0.23472222
0 0.59431808 0.85874116 0.05625 0.2375
0 0.65369308 0.84276893 0.05833333 0.25833333
0 0.72088058 0.85596338 0.05520833 0.22638889
0 0.78442225 0.85110227 0.053125 0.22777778
0 0.85056808 0.85249116 0.05416667 0.23333333
0 0.91567225 0.85804671 0.053125 0.23611111
0 0.97580487 0.85735227 0.04839025 0.2375
0 0.99715904 0.58721338 0.00568192 0.19444444
0 0.96723475 0.58582449 0.05208333 0.19444444
0 0.90369308 0.58651893 0.05 0.1875
0 0.84848475 0.58860227 0.04791667 0.18888889
0 0.79119308 0.58651893 0.05625 0.19305556
0 0.72921391 0.57540782 0.05104167 0.20694444
0 0.67140141 0.5781856 0.05625 0.2125
0 0.61254725 0.58790782 0.04895833 0.19027778
0 0.55942225 0.58651893 0.05520833 0.19027778
