0 0.12358366 0.99600063 0.15666667 0.00799874
0 0.74108366 0.99537563 0.22166667 0.00924874
0 0.44608366 0.99537563 0.21166667 0.00924874
0 0.14358366 0.95075126 0.2 0.0325
0 0.75275033 0.94887626 0.24166667 0.02875
0 0.44525033 0.94825126 0.20333333 0.03
0 0.14775033 0.89387626 0.205 0.03125
0 0.70441699 0.89325126 0.14833333 0.03
0 0.41358366 0.89262626 0.14333333 0.02875
0 0.14275033 0.83700126 0.195 0.0325
0 0.71941699 0.83450126 0.17833333 0.03
0 0.44025033 0.83575126 0.19333333 0.03
0 0.14608366 0.77950126 0.205 0.03
0 0.70691699 0.77825126 0.15666667 0.03
0 0.42691699 0.77825126 0.17666667 0.03
0 0.15191699 0.72325126 0.21666667 0.03
0 0.72108366 0.72200126 0.18166667 0.03
0 0.44108366 0.72137626 0.205 0.03125
0 0.13191699 0.66762626 0.21666667 0.02875
0 0.72275033 0.66387626 0.23166667 0.02875
0 0.41525033 0.66450126 0.15333333 0.03
0 0.14441699 0.61012626 0.205 0.02875
0 0.42191699 0.60762626 0.17 0.02875
0 0.72191699 0.60825126 0.22333333 0.03
0 0.43858366 0.55262626 0.2 0.02875
0 0.14025033 0.55325126 0.19333333 0.03
0 0.71525033 0.55075126 0.17666667 0.03
0 0.15275033 0.49637626 0.21833333 0.02875
0 0.45108366 0.49450126 0.225 0.03
0 0.73108366 0.49450126 0.20166667 0.03
0 0.14775033 0.43825126 0.21833333 0.03
0 0.44858366 0.43762626 0.22333333 0.03125
0 0.72775033 0.43700126 0.195 0.03
0 0.70358366 0.37950126 0.14666667 0.03
0 0.43358366 0.38075126 0.19 0.0325
0 0.14858366 0.38450126 0.22333333 0.03
