0 0.55521312 0.1913234 0.23695652 0.04363905
0 0.55630007 0.24013996 0.23695652 0.04363905
0 0.5557566 0.28821689 0.23152174 0.04068047
0 0.5557566 0.33518434 0.24673913 0.0443787
0 0.54651746 0.392137 0.26956522 0.05177515
0 0.54977833 0.44428198 0.27391304 0.04955621
0 0.54162616 0.49827606 0.28369565 0.0510355
0 0.52912616 0.55892695 0.27826087 0.04659763
0 0.54162616 0.61846837 0.275 0.05029586
0 0.54108268 0.6765305 0.27391304 0.04955621
0 0.83727833 0.18355712 0.25543478 0.0443787
0 0.8405392 0.23274351 0.25978261 0.03476331
0 0.84162616 0.27675239 0.275 0.04881657
0 0.8432566 0.33148612 0.26086957 0.04881657
0 0.84977833 0.392137 0.26956522 0.06065089
0 0.85249573 0.44539144 0.28152174 0.05029586
0 0.84434355 0.49790624 0.25652174 0.06213018
0 0.85249573 0.55855712 0.2923913 0.05621302
0 0.8557566 0.6206873 0.28369565 0.04585799
0 0.85695438 0.67948908 0.28609123 0.05547337
0 0.99282395 0.18429677 0.0143521 0.05325444
