0 0.07483267 0.44564022 0.14966534 0.0375
0 0.36133201 0.43876522 0.3 0.03625
0 0.07483267 0.39376522 0.14966534 0.03875
0 0.36133201 0.39064022 0.3 0.0325
0 0.07483267 0.34376522 0.14966534 0.03875
0 0.35383201 0.33876522 0.28833333 0.03625
0 0.35466534 0.29189022 0.29 0.0325
0 0.073166 0.29251522 0.14633201 0.03375
0 0.075666 0.24501522 0.15133201 0.03375
0 0.34799867 0.24439022 0.28333333 0.0325
0 0.34716534 0.19501522 0.285 0.03125
0 0.07983267 0.19751522 0.15966534 0.03375
0 0.07483267 0.14751522 0.14966534 0.03125
0 0.33966534 0.14876522 0.27666667 0.03375
0 0.07899934 0.09751522 0.15799867 0.03375
0 0.33716534 0.09876522 0.275 0.03125
0 0.080666 0.05126522 0.16133201 0.03125
0 0.33049867 0.05126522 0.26833333 0.03625
0 0.33049867 0.01032011 0.26833333 0.02064022
0 0.07233267 0.00969511 0.14466534 0.01939022
