0 0.40929403 0.03795405 0.18533333 0.04575
0 0.4159607 0.09832905 0.19866667 0.0445
0 0.4434607 0.15807905 0.25966667 0.051
0 0.40879403 0.21895405 0.20433333 0.05125
0 0.4254607 0.27770405 0.23766667 0.04875
0 0.42179403 0.33957905 0.23033333 0.0575
0 0.39629403 0.40207905 0.18266667 0.0545
0 0.42179403 0.46457905 0.23033333 0.0575
0 0.71162737 0.00266453 0.22466667 0.00532905
0 0.69262737 0.03682905 0.20733333 0.0435
0 0.7029607 0.09620405 0.22466667 0.04025
0 0.71879403 0.15707905 0.25366667 0.0445
0 0.7014607 0.21682905 0.22166667 0.049
0 0.71079403 0.27720405 0.24633333 0.05225
0 0.7064607 0.34232905 0.235 0.05
0 0.71729403 0.40432905 0.25933333 0.048
0 0.72612737 0.47332905 0.27966667 0.049
0 0.94814702 0.03907905 0.10370597 0.0415
0 0.94664702 0.09945405 0.10670597 0.04675
0 0.95031368 0.15595405 0.09937263 0.04475
0 0.94881368 0.21732905 0.10237263 0.037
0 0.95031368 0.27720405 0.09937263 0.04125
0 0.94964702 0.33745405 0.10070597 0.04025
0 0.95098035 0.39882905 0.0980393 0.0435
0 0.95031368 0.45645405 0.09937263 0.04125
