0 0.59909157 0.9825018 0.16166667 0.02875
0 0.90662912 0.9787518 0.18674176 0.02875
0 0.61659157 0.9250018 0.19666667 0.02875
0 0.90662912 0.9212518 0.18674176 0.02875
0 0.63325824 0.8668768 0.23666667 0.03
0 0.90579579 0.8650018 0.18840843 0.02875
0 0.59325824 0.8100018 0.15666667 0.02875
0 0.88992491 0.8093768 0.15333333 0.03
0 0.60075824 0.7537518 0.19833333 0.03125
0 0.89575824 0.7506268 0.16833333 0.0275
0 0.60825824 0.6956268 0.22 0.03
0 0.90325824 0.6937518 0.18666667 0.02875
0 0.60825824 0.6387518 0.19333333 0.03125
0 0.90325824 0.6375018 0.18333333 0.02875
0 0.59409157 0.5831268 0.16166667 0.03
0 0.89492491 0.5793768 0.17333333 0.03
0 0.89075824 0.5225018 0.16166667 0.02875
0 0.60492491 0.5225018 0.18333333 0.03375
