0 0.1337586 0.02647459 0.22222222 0.05294918
0 0.12912897 0.09496307 0.21851852 0.06597222
0 0.11986971 0.15746307 0.22592593 0.07152778
0 0.11662897 0.22933807 0.225 0.06388889
0 0.42172156 0.03515515 0.22777778 0.07031029
0 0.3962586 0.09461585 0.18796296 0.06388889
0 0.41061045 0.16857418 0.22777778 0.06875
0 0.40274008 0.24322696 0.2287037 0.07638889
0 0.69394378 0.03003252 0.2 0.05694444
0 0.69255489 0.10294918 0.225 0.06527778
0 0.68468452 0.17725474 0.24074074 0.06944444
0 0.68190674 0.24808807 0.22592593 0.06527778
