0 0.0150214 0.24452859 0.0300428 0.04791667
0 0.15457983 0.02035457 0.24722222 0.04070915
0 0.14115391 0.07820915 0.21666667 0.05277778
0 0.15411687 0.13272304 0.24814815 0.04652778
0 0.14856132 0.18966748 0.25740741 0.04375
0 0.15550576 0.2525147 0.26388889 0.04861111
0 0.15828354 0.31154248 0.27314815 0.04444444
0 0.16846872 0.37265359 0.28425926 0.05
0 0.15735761 0.43966748 0.26759259 0.05486111
0 0.14300576 0.50008415 0.23703704 0.03680556
0 0.14578354 0.54973693 0.24444444 0.05277778
0 0.14300576 0.6150147 0.24259259 0.05555556
0 0.1462465 0.67925081 0.24166667 0.05069444
0 0.14439465 0.74383415 0.24722222 0.05347222
0 0.16430206 0.80494526 0.27777778 0.05902778
0 0.13976502 0.86709804 0.25648148 0.05972222
0 0.44717243 0.03237581 0.22685185 0.05972222
0 0.48328354 0.08897304 0.28611111 0.04375
0 0.4624502 0.13897304 0.26296296 0.05069444
0 0.48791317 0.20008415 0.29537037 0.05069444
0 0.45735761 0.25320915 0.23981481 0.04861111
0 0.4675428 0.31675081 0.26018519 0.05486111
0 0.47957983 0.38619526 0.29351852 0.04652778
0 0.47402428 0.4400147 0.26944444 0.04583333
0 0.4874502 0.49348693 0.30185185 0.04444444
0 0.50041317 0.55702859 0.30185185 0.04652778
0 0.47448724 0.61709804 0.26666667 0.04861111
0 0.4712465 0.67682026 0.26944444 0.05138889
0 0.44717243 0.74279248 0.21944444 0.0625
0 0.47726502 0.79730637 0.28703704 0.05069444
0 0.4712465 0.87508415 0.26759259 0.06041667
