0 0.09002741 0.64087287 0.18005482 0.04955621
0 0.09111437 0.69079891 0.18222873 0.04289941
0 0.10850567 0.73776636 0.21701134 0.04511834
0 0.1003535 0.79028116 0.20070699 0.03476331
0 0.10470132 0.83650897 0.20940264 0.03402367
0 0.11502741 0.89124269 0.23005482 0.04142012
0 0.11122306 0.94782553 0.22244612 0.04511834
0 0.10850567 0.99147934 0.21701134 0.01704133
0 0.37190264 0.63680482 0.24456522 0.04142012
0 0.38331569 0.68007405 0.2326087 0.03920118
0 0.38875047 0.7251924 0.25869565 0.04659763
0 0.39255482 0.78066577 0.25108696 0.05251479
0 0.37896786 0.84020719 0.24347826 0.03994083
0 0.38820699 0.89161252 0.26413043 0.04068047
0 0.39581569 0.95078411 0.25543478 0.04807692
0 0.38875047 0.99406809 0.26956522 0.01186381
0 0.67625047 0.63495571 0.21413043 0.04659763
0 0.69962004 0.68525157 0.24782609 0.04807692
0 0.69255482 0.73369832 0.22717391 0.0443787
0 0.70016351 0.78658293 0.26195652 0.04511834
0 0.70233743 0.83318056 0.26413043 0.05251479
0 0.71103308 0.89309181 0.25326087 0.0510355
0 0.72027221 0.95522198 0.26304348 0.04363905
0 0.71864178 0.99332845 0.2423913 0.0133431
