0 0.54227845 0.88897333 0.17833333 0.0425
0 0.24811179 0.88522333 0.18333333 0.0375
0 0.88155589 0.83709833 0.23688821 0.03625
0 0.55394512 0.83084833 0.185 0.03625
0 0.26477845 0.82459833 0.20666667 0.03375
0 0.88238923 0.77834833 0.23522155 0.03125
0 0.57227845 0.77084833 0.21166667 0.03375
0 0.28227845 0.76584833 0.23166667 0.03375
0 0.56061179 0.71272333 0.18833333 0.0325
0 0.29061179 0.70772333 0.24166667 0.03
0 0.88238923 0.65834833 0.23522155 0.03375
0 0.57727845 0.65522333 0.22166667 0.0325
0 0.27644512 0.65272333 0.20666667 0.0325
0 0.88155589 0.60084833 0.23688821 0.03625
0 0.60394512 0.59709833 0.27166667 0.03125
0 0.31061179 0.59709833 0.26166667 0.03125
0 0.88155589 0.54209833 0.23688821 0.03125
0 0.58894512 0.54022333 0.23833333 0.0325
0 0.29727845 0.54147333 0.235 0.0325
0 0.55644512 0.48647333 0.17 0.0325
0 0.30311179 0.48647333 0.23666667 0.03
0 0.88155589 0.48647333 0.23688821 0.035
0 0.28977845 0.43084833 0.20666667 0.02875
0 0.88155589 0.42897333 0.23688821 0.035
0 0.57311179 0.42897333 0.2 0.0325
0 0.30644512 0.37897333 0.23333333 0.03
0 0.57811179 0.37459833 0.20666667 0.02875
0 0.88155589 0.37459833 0.23688821 0.03625
0 0.28227845 0.32459833 0.175 0.02875
0 0.57977845 0.32209833 0.21 0.03125
0 0.88155589 0.31709833 0.23688821 0.03375
0 0.30061179 0.27272333 0.20833333 0.0275
0 0.57644512 0.26709833 0.19666667 0.03375
0 0.87894512 0.26147333 0.235 0.0325
0 0.30894512 0.22084833 0.22166667 0.03125
0 0.60311179 0.21522333 0.24666667 0.03
0 0.87988923 0.20834833 0.24022155 0.03625
0 0.30644512 0.16772333 0.21333333 0.03
0 0.59144512 0.15897333 0.22666667 0.0325
0 0.87988923 0.15459833 0.24022155 0.03625
0 0.28561179 0.11959833 0.16166667 0.02875
0 0.58977845 0.10959833 0.21666667 0.03125
0 0.88155589 0.10084833 0.23688821 0.03375
0 0.87822256 0.71647333 0.24355488 0.04
0 0.88155589 0.89584833 0.23688821 0.04375
