0 0.09652091 0.12384691 0.19304181 0.04166667
0 0.09003942 0.17315247 0.18007885 0.0375
0 0.09142831 0.22766636 0.18285662 0.03680556
0 0.08494683 0.27801358 0.16989366 0.03055556
0 0.10439128 0.32315247 0.20878255 0.04027778
0 0.08355794 0.37766636 0.16711588 0.04097222
0 0.0928172 0.42384691 0.1856344 0.04444444
0 0.09790979 0.48044413 0.19581959 0.04513889
0 0.10300239 0.53634691 0.20600477 0.05
0 0.07846535 0.58947191 0.1569307 0.04513889
0 0.33517144 0.11655524 0.17685185 0.03680556
0 0.32915292 0.16447191 0.16666667 0.03541667
0 0.33100477 0.21655524 0.17407407 0.03402778
0 0.33656033 0.27315247 0.1962963 0.04305556
0 0.33100477 0.32280524 0.19444444 0.03541667
0 0.34489366 0.37940247 0.2037037 0.03888889
0 0.33146774 0.4314858 0.20092593 0.0375
0 0.34118996 0.48565247 0.22222222 0.04027778
0 0.33841218 0.54120802 0.2037037 0.03888889
0 0.33378255 0.59954136 0.20740741 0.05277778
