0 0.66803918 0.78318218 0.23833333 0.0375
0 0.92526959 0.77755718 0.14946082 0.03375
0 0.32220585 0.77443218 0.17333333 0.03
0 0.92776959 0.72130718 0.14446082 0.03625
0 0.66220585 0.71943218 0.22666667 0.0375
0 0.33637252 0.71568218 0.19166667 0.03
0 0.92526959 0.66068218 0.14946082 0.035
0 0.67470585 0.65693218 0.25166667 0.0375
0 0.33303918 0.65318218 0.18166667 0.0325
0 0.92610293 0.60005718 0.14779415 0.03625
0 0.35553918 0.59568218 0.22666667 0.0325
0 0.66303918 0.59505718 0.22166667 0.03375
0 0.92776959 0.54255718 0.14446082 0.03625
0 0.67970585 0.53755718 0.245 0.03375
0 0.36053918 0.53380718 0.22 0.03375
0 0.92693626 0.48255718 0.14612748 0.03375
0 0.65720585 0.47880718 0.2 0.02875
0 0.35637252 0.47505718 0.21166667 0.03125
0 0.92693626 0.42630718 0.14612748 0.03125
0 0.66803918 0.42255718 0.21833333 0.03125
0 0.33970585 0.41443218 0.16833333 0.0375
0 0.92776959 0.36880718 0.14446082 0.03375
0 0.65303918 0.36443218 0.185 0.03
0 0.34803918 0.35880718 0.18166667 0.03375
0 0.92860293 0.31380718 0.14279415 0.03125
0 0.67470585 0.30880718 0.22166667 0.02875
0 0.36470585 0.30193218 0.19833333 0.03
0 0.92943626 0.25630718 0.14112748 0.03125
0 0.67303918 0.25130718 0.215 0.02875
0 0.35470585 0.24693218 0.17833333 0.0325
0 0.92860293 0.20318218 0.14279415 0.035
0 0.68803918 0.19818218 0.24166667 0.035
0 0.35803918 0.19068218 0.17166667 0.03
0 0.93026959 0.14693218 0.13946082 0.0325
0 0.67137252 0.14193218 0.205 0.03
0 0.36053918 0.13505718 0.17 0.03375
0 0.92943626 0.09255718 0.14112748 0.02875
0 0.68303918 0.08693218 0.22166667 0.03
0 0.36637252 0.07818218 0.18166667 0.0325
0 0.93026959 0.04068218 0.13946082 0.0325
0 0.66470585 0.03193218 0.18166667 0.03
0 0.37470585 0.02318218 0.185 0.03
0 0.93110293 0.00409109 0.13779415 0.00818218
