0 0.00878399 0.23030508 0.01756798 0.05
0 0.02822843 0.28863842 0.05645686 0.04861111
0 0.0110988 0.34627731 0.02219761 0.04305556
0 0.0161914 0.46780508 0.03238279 0.04027778
0 0.0161914 0.52822175 0.03238279 0.05138889
0 0.01433954 0.59176342 0.02867909 0.05208333
0 0.00600621 0.71468008 0.01201242 0.05347222
0 0.00970991 0.83690231 0.01941983 0.05486111
0 0.00554325 0.89488842 0.01108649 0.04722222
0 0.01804325 0.95704119 0.03608649 0.05069444
0 0.21432724 0.22544397 0.22685185 0.04722222
0 0.22867909 0.28968008 0.26666667 0.04930556
0 0.22404946 0.35009675 0.26111111 0.03819444
0 0.20553094 0.40669397 0.21666667 0.03888889
0 0.20275316 0.46884675 0.23333333 0.04513889
0 0.21108649 0.53273564 0.22962963 0.05208333
0 0.19812353 0.59072175 0.20740741 0.04861111
0 0.20414205 0.64593008 0.22314815 0.03958333
0 0.21016057 0.71329119 0.24444444 0.04375
0 0.21016057 0.76919397 0.23518519 0.04861111
0 0.20182724 0.83065231 0.20925926 0.06041667
0 0.21108649 0.89211064 0.23518519 0.05138889
0 0.21108649 0.95599953 0.21851852 0.04722222
0 0.19673464 0.99536087 0.21388889 0.00927825
0 0.51062353 0.22822175 0.20277778 0.05
0 0.52914205 0.28898564 0.22685185 0.05208333
0 0.52960501 0.34836064 0.23148148 0.04305556
0 0.51617909 0.40912453 0.21388889 0.04652778
0 0.52219761 0.46849953 0.22407407 0.04027778
0 0.5022902 0.53099953 0.18981481 0.05416667
0 0.51432724 0.59002731 0.20833333 0.04305556
0 0.53238279 0.65113842 0.2462963 0.04583333
0 0.51016057 0.70634675 0.20925926 0.04652778
0 0.51941983 0.77405508 0.22962963 0.05416667
0 0.54025316 0.83690231 0.26388889 0.04930556
0 0.51617909 0.89593008 0.20092593 0.04652778
0 0.53840131 0.95912453 0.26018519 0.05486111
