0 0.71900761 0.61108953 0.26833333 0.0375
0 0.39484094 0.60108953 0.24 0.045
0 0.0807538 0.59421453 0.16150761 0.03875
0 0.69234094 0.54796453 0.21166667 0.03375
0 0.39650761 0.54546453 0.24666667 0.05125
0 0.09242047 0.53046453 0.18484094 0.03375
0 0.69734094 0.49358953 0.23166667 0.0475
0 0.37150761 0.47983953 0.19666667 0.04
0 0.11492047 0.47358953 0.22984094 0.035
0 0.70317427 0.42733953 0.25 0.0375
0 0.37484094 0.41546453 0.20333333 0.03125
0 0.11242047 0.41358953 0.22484094 0.0325
0 0.68150761 0.36671453 0.2 0.04375
0 0.37650761 0.35858953 0.21666667 0.0375
0 0.69900761 0.29983953 0.235 0.035
0 0.1057538 0.29608953 0.21150761 0.0325
0 0.37317427 0.29921453 0.20333333 0.03875
0 0.09992047 0.23608953 0.19984094 0.035
0 0.36817427 0.23483953 0.19666667 0.03
0 0.69317427 0.23421453 0.22666667 0.03125
0 0.09158714 0.18233953 0.18317427 0.04
0 0.40067427 0.17483953 0.27166667 0.0375
0 0.0907538 0.11983953 0.18150761 0.035
0 0.35484094 0.11671453 0.18666667 0.03625
0 0.68984094 0.10671453 0.23333333 0.03375
0 0.39400761 0.05171453 0.26833333 0.03625
0 0.08158714 0.05921453 0.16317427 0.05125
0 0.68984094 0.04483953 0.23333333 0.035
0 0.0982538 0.00866976 0.19650761 0.01733953
0 0.37650761 0.00429476 0.24 0.00858953
0 0.68234094 0.00554476 0.21833333 0.01108953
0 0.68817427 0.17858953 0.21666667 0.045
0 0.05992047 0.35546453 0.11984094 0.03375
