0 0.05992415 0.99440382 0.1198483 0.01119236
0 0.3048483 0.99315382 0.18666667 0.01369236
0 0.60568163 0.99315382 0.20833333 0.01369236
0 0.5873483 0.94818264 0.17166667 0.03375
0 0.29901497 0.94443264 0.175 0.03125
0 0.04492415 0.94380764 0.0898483 0.0325
0 0.05909082 0.89130764 0.11818163 0.03
0 0.58401497 0.89005764 0.17166667 0.035
0 0.29818163 0.88755764 0.17 0.0325
0 0.06992415 0.83568264 0.1398483 0.03125
0 0.5898483 0.83193264 0.17666667 0.02875
0 0.29651497 0.83130764 0.16333333 0.0325
0 0.30151497 0.77818264 0.17666667 0.03125
0 0.06575748 0.77818264 0.13151497 0.03125
0 0.5898483 0.77318264 0.18 0.03625
0 0.08409082 0.72255764 0.16818163 0.0275
0 0.30318163 0.72068264 0.17666667 0.03125
0 0.5823483 0.71693264 0.17166667 0.03125
0 0.57818163 0.66130764 0.16333333 0.03
0 0.04242415 0.61443264 0.0848483 0.03125
0 0.33318163 0.61005764 0.24 0.0325
0 0.6123483 0.60443264 0.225 0.03125
0 0.04909082 0.55693264 0.09818163 0.03125
0 0.30568163 0.55443264 0.19166667 0.03125
0 0.58401497 0.54755764 0.17166667 0.0325
0 0.31901497 0.50005764 0.21833333 0.03
0 0.59901497 0.49380764 0.20833333 0.0275
0 0.05325748 0.50380764 0.10651497 0.035
0 0.09409082 0.66880764 0.18818163 0.0375
0 0.3223483 0.66693264 0.21833333 0.03375
