0 0.95677061 0.37923378 0.08645877 0.03625
0 0.95677061 0.32298378 0.08645877 0.03625
0 0.73437456 0.32298378 0.21166667 0.03625
0 0.72104123 0.26235878 0.235 0.0325
0 0.95760395 0.21298378 0.0847921 0.04125
0 0.7377079 0.20673378 0.21833333 0.03625
0 0.4752079 0.21048378 0.29 0.03875
0 0.95843728 0.15548378 0.08312544 0.03875
0 0.7352079 0.15360878 0.21 0.0375
0 0.43354123 0.15048378 0.21 0.03375
0 0.95760395 0.09235878 0.0847921 0.03
0 0.72104123 0.09423378 0.18833333 0.03625
0 0.4452079 0.09048378 0.22666667 0.03125
0 0.72604123 0.03798378 0.19166667 0.03625
0 0.4252079 0.03860878 0.19333333 0.04
0 0.95843728 0.03923378 0.08312544 0.03375
0 0.95843728 0.26923378 0.08312544 0.04125
0 0.43687456 0.32110878 0.21 0.0375
0 0.45937456 0.26923378 0.25166667 0.04125
0 0.45104123 0.38360878 0.23166667 0.04
0 0.43187456 0.43860878 0.19 0.0325
0 0.43937456 0.49298378 0.20833333 0.03375
0 0.44104123 0.54798378 0.20833333 0.03375
0 0.7302079 0.37673378 0.21 0.03625
0 0.7302079 0.43423378 0.21 0.03625
0 0.73687456 0.49173378 0.21 0.03625
0 0.7227079 0.54735878 0.18833333 0.0375
0 0.74437456 0.60173378 0.23166667 0.03625
0 0.95177061 0.43423378 0.09645877 0.03625
0 0.95510395 0.49048378 0.0897921 0.03625
0 0.95177061 0.54798378 0.09645877 0.03625
0 0.95427061 0.60110878 0.09145877 0.04
0 0.44937456 0.60110878 0.225 0.0425
