0 0.47000685 0.02847691 0.22933333 0.05695383
0 0.45767351 0.1103535 0.20866667 0.06434494
0 0.46634018 0.20272497 0.228 0.05671642
0 0.45917351 0.28730209 0.231 0.05472637
0 0.46634018 0.37420093 0.228 0.05671642
0 0.48250685 0.46010474 0.25366667 0.06202322
0 0.47550685 0.54584272 0.23966667 0.05771144
0 0.47884018 0.63141486 0.23966667 0.05572139
0 0.47450685 0.72212796 0.255 0.06202322
0 0.79767351 0.03008816 0.23 0.04908789
0 0.80034018 0.11134852 0.24 0.05771144
0 0.79100685 0.20338832 0.228 0.06202322
0 0.79700685 0.29277473 0.23533333 0.06301824
0 0.79450685 0.37668849 0.243 0.05572139
0 0.78584018 0.46507987 0.215 0.05671642
0 0.78634018 0.54783277 0.214 0.06434494
0 0.79767351 0.63406826 0.24533333 0.06301824
0 0.78134018 0.71731867 0.20866667 0.06102819
0 0.99500342 0.4718792 0.00999315 0.06633499
0 0.99717009 0.55430043 0.00565982 0.06202322
0 0.99667009 0.64202846 0.00665982 0.06235489
