0 0.0761772 0.29434607 0.15235441 0.03875
0 0.09201054 0.23809607 0.18402108 0.04125
0 0.0836772 0.17934607 0.16735441 0.04125
0 0.36735441 0.17747107 0.24 0.05
0 0.0911772 0.11059607 0.18235441 0.04125
0 0.36568774 0.11497107 0.23 0.055
0 0.36235441 0.05059607 0.22 0.04625
0 0.36152108 0.00811054 0.21166667 0.01622107
0 0.09284387 0.00623554 0.18568774 0.01247107
0 0.0936772 0.04684607 0.18735441 0.05375
0 0.0861772 0.35309607 0.17235441 0.05125
0 0.08701054 0.41122107 0.17402108 0.065
0 0.35902108 0.23622107 0.24 0.05
0 0.36068774 0.28997107 0.24 0.05
0 0.35735441 0.34497107 0.24 0.05
0 0.35402108 0.41059607 0.23 0.06125
