0 0.21380172 0.22353493 0.21166667 0.04375
0 0.02815086 0.21415993 0.05630172 0.0375
0 0.56296839 0.16290993 0.28666667 0.035
0 0.21546839 0.15603493 0.215 0.03125
0 0.00565086 0.16103493 0.01130172 0.04375
0 0.21630172 0.10103493 0.22 0.04125
0 0.01398419 0.09540993 0.02796839 0.0325
0 0.22963505 0.03728493 0.25 0.03625
0 0.00981753 0.03228493 0.01963505 0.03625
0 0.57796839 0.03165993 0.31 0.0475
0 0.57463505 0.09540993 0.31 0.0475
0 0.56963505 0.22790993 0.31 0.0475
0 0.55213505 0.34790993 0.27833333 0.0475
0 0.56963505 0.28415993 0.31 0.0475
0 0.54796839 0.40790993 0.27666667 0.045
0 0.56713505 0.47165993 0.30833333 0.055
0 0.57713505 0.53103493 0.32833333 0.05875
0 0.55213505 0.58790993 0.28833333 0.0475
0 0.21546839 0.57728493 0.21166667 0.05375
0 0.21380172 0.51978493 0.21166667 0.05375
0 0.22880172 0.46228493 0.245 0.05125
0 0.22880172 0.40353493 0.245 0.05125
0 0.22046839 0.34478493 0.245 0.05125
0 0.23546839 0.28353493 0.25833333 0.05125
0 0.02231753 0.27478493 0.04463505 0.04625
0 0.00315086 0.33290993 0.00630172 0.0375
0 0.01231753 0.39478493 0.02463505 0.04625
0 0.01065086 0.44728493 0.02130172 0.04625
0 0.01565086 0.50853493 0.03130172 0.04625
0 0.01815086 0.56103493 0.03630172 0.04625
