0 0.54554153 0.76518393 0.3 0.045
0 0.21387486 0.76018393 0.3 0.045
0 0.02027076 0.75393393 0.04054153 0.0425
0 0.21554153 0.69330893 0.3 0.04375
0 0.54554153 0.69518393 0.3 0.0575
0 0.0211041 0.68580893 0.04220819 0.05625
0 0.21887486 0.62580893 0.3 0.04375
0 0.54554153 0.62580893 0.3 0.05625
0 0.02193743 0.62268393 0.04387486 0.0425
0 0.54554153 0.56205893 0.3 0.04375
0 0.21887486 0.55955893 0.3 0.04375
0 0.02193743 0.55768393 0.04387486 0.0425
0 0.54554153 0.50143393 0.3 0.0575
0 0.22054153 0.49393393 0.3 0.0425
0 0.02193743 0.49205893 0.04387486 0.04375
0 0.22720819 0.42893393 0.3 0.0425
0 0.54387486 0.42830893 0.3 0.05125
0 0.02277076 0.42643393 0.04554153 0.0425
0 0.22554153 0.36518393 0.3 0.0425
0 0.0236041 0.36143393 0.04720819 0.0425
0 0.54554153 0.36268393 0.3 0.0525
0 0.54887486 0.29768393 0.3 0.0425
0 0.0261041 0.29393393 0.05220819 0.0575
0 0.22554153 0.29955893 0.3 0.04875
0 0.22887486 0.23643393 0.3 0.0425
0 0.54387486 0.23393393 0.3 0.0475
0 0.0261041 0.23268393 0.05220819 0.0425
0 0.22887486 0.17455893 0.3 0.04125
0 0.02777076 0.17330893 0.05554153 0.05125
0 0.54720819 0.16830893 0.3 0.05125
