0 0.18627588 0.2698582 0.22333333 0.0375
0 0.45127588 0.2586082 0.17333333 0.0375
0 0.72544254 0.2492332 0.175 0.03375
0 0.45127588 0.2017332 0.17666667 0.03375
0 0.74210921 0.1936082 0.20833333 0.0375
0 0.72210921 0.1411082 0.17833333 0.03
0 0.46044254 0.1479832 0.19833333 0.04375
0 0.73710921 0.0898582 0.21166667 0.04
0 0.72294254 0.0311082 0.19 0.03
0 0.46460921 0.0049291 0.22666667 0.0098582
0 0.17044254 0.0043041 0.21166667 0.0086082
0 0.18377588 0.0429832 0.225 0.04875
0 0.45794254 0.0386082 0.21666667 0.04
0 0.45960921 0.0892332 0.2 0.04125
0 0.17627588 0.1042332 0.20666667 0.03875
0 0.18710921 0.1586082 0.245 0.05
0 0.18627588 0.2104832 0.24 0.04375
