0 0.92422058 0.88277115 0.15155885 0.0425
0 0.67844115 0.83214615 0.24333333 0.03875
0 0.39260782 0.83464615 0.23166667 0.04125
0 0.92422058 0.82527115 0.15155885 0.0425
0 0.92338724 0.76902115 0.15322552 0.04
0 0.39427448 0.77589615 0.23166667 0.04125
0 0.68177448 0.77339615 0.24666667 0.04125
0 0.39344115 0.70714615 0.22666667 0.04375
0 0.68177448 0.71152115 0.24666667 0.0425
0 0.92255391 0.65714615 0.15489218 0.03875
0 0.68010782 0.65839615 0.24333333 0.03875
0 0.92338724 0.60277115 0.15322552 0.0375
0 0.68344115 0.60152115 0.24666667 0.04
0 0.40177448 0.59652115 0.24333333 0.04
0 0.92338724 0.55277115 0.15322552 0.045
0 0.68177448 0.54277115 0.24333333 0.0375
0 0.92338724 0.49527115 0.15322552 0.0375
0 0.68510782 0.48402115 0.24666667 0.0425
0 0.40177448 0.47402115 0.24 0.0475
0 0.92255391 0.44339615 0.15489218 0.04625
0 0.68344115 0.42714615 0.23666667 0.04125
0 0.39927448 0.41652115 0.22833333 0.0375
0 0.92172058 0.39027115 0.15655885 0.0375
0 0.68177448 0.36839615 0.23666667 0.03875
0 0.95422058 0.26652115 0.09155885 0.035
0 0.40177448 0.35589615 0.23 0.05875
0 0.40177448 0.53652115 0.24 0.0475
0 0.40177448 0.65152115 0.24333333 0.04
0 0.39510782 0.89339615 0.23666667 0.05125
0 0.68427448 0.88714615 0.24833333 0.04875
0 0.92505391 0.71464615 0.14989218 0.03875
