0 0.95955902 0.98975237 0.08088196 0.02049527
0 0.42495138 0.98975237 0.18833333 0.02049527
0 0.73078471 0.93887973 0.20333333 0.03375
0 0.42828471 0.93825473 0.19166667 0.03
0 0.95955902 0.93637973 0.08088196 0.03125
0 0.96039235 0.88075473 0.07921529 0.03
0 0.72161804 0.88075473 0.18166667 0.0325
0 0.43328471 0.88137973 0.20166667 0.02875
0 0.96039235 0.82387973 0.07921529 0.02875
0 0.72995138 0.82325473 0.24166667 0.03
0 0.42078471 0.82450473 0.17666667 0.0325
0 0.95872569 0.76887973 0.08254862 0.03125
0 0.43911804 0.76762973 0.20666667 0.02875
0 0.73411804 0.76700473 0.24333333 0.03
0 0.96122569 0.71262973 0.07754862 0.03125
0 0.43661804 0.71262973 0.205 0.03125
0 0.72661804 0.71075473 0.23833333 0.0325
0 0.95872569 0.65450473 0.08254862 0.03
0 0.73078471 0.65450473 0.20666667 0.03
0 0.44328471 0.65450473 0.21833333 0.03
0 0.96039235 0.60012973 0.07921529 0.03125
0 0.73661804 0.59825473 0.21833333 0.03
0 0.46328471 0.59700473 0.265 0.03
0 0.96039235 0.54137973 0.07921529 0.02875
0 0.72161804 0.54137973 0.18833333 0.03125
0 0.41911804 0.54075473 0.16666667 0.03
0 0.95955902 0.48575473 0.08088196 0.0325
0 0.73495138 0.48450473 0.21166667 0.03
0 0.42828471 0.48325473 0.195 0.03
0 0.95039235 0.42825473 0.09921529 0.0325
0 0.72078471 0.42762973 0.18 0.02875
0 0.44495138 0.42637973 0.21833333 0.02875
0 0.96039235 0.37200473 0.07921529 0.035
0 0.73245138 0.36950473 0.21 0.03
0 0.43245138 0.37012973 0.2 0.03375
0 0.72745138 0.98975237 0.19 0.02049527
