0 0.08075087 0.10498182 0.16150173 0.04511834
0 0.08183782 0.15268892 0.16367565 0.0443787
0 0.08292478 0.19484868 0.16584956 0.0443787
0 0.07368565 0.24255579 0.1473713 0.04511834
0 0.07477261 0.2887836 0.14954521 0.04289941
0 0.07966391 0.33464158 0.15932782 0.04289941
0 0.0698813 0.38974513 0.1397626 0.0510355
0 0.06716391 0.44373922 0.13432782 0.04363905
0 0.06879434 0.49699365 0.13758869 0.05991124
0 0.06390304 0.55505579 0.12780608 0.05769231
0 0.31584956 0.09462679 0.19782609 0.0362426
0 0.3223713 0.1408546 0.2173913 0.03106509
0 0.31639304 0.19115046 0.21630435 0.03994083
0 0.32400173 0.24662383 0.22934783 0.04289941
0 0.32454521 0.29285164 0.24130435 0.04363905
0 0.31856695 0.34536644 0.23586957 0.03920118
0 0.32291478 0.40046999 0.22934783 0.05325444
0 0.32780608 0.45964158 0.25434783 0.05621302
0 0.32454521 0.5158546 0.26521739 0.06213018
0 0.31095825 0.57354691 0.27065217 0.06508876
0 0.60389304 0.10350253 0.21956522 0.05843195
0 0.60171912 0.15416821 0.21086957 0.04733728
0 0.61856695 0.19854691 0.22282609 0.03994083
0 0.61639304 0.25143152 0.2076087 0.04363905
0 0.61639304 0.30209721 0.21630435 0.04585799
0 0.63378434 0.35904987 0.225 0.05473373
0 0.64302347 0.41748182 0.24782609 0.0591716
0 0.63704521 0.47036644 0.23804348 0.04659763
0 0.63867565 0.52510016 0.25434783 0.03772189
0 0.64139304 0.58279247 0.25543478 0.05547337
