0 0.20064299 0.41634505 0.21576087 0.03476331
0 0.20797995 0.45942936 0.19184783 0.02884615
0 0.2073006 0.50260614 0.20081522 0.02866124
0 0.21586038 0.54208469 0.20326087 0.02773669
0 0.2135506 0.57906694 0.18342391 0.03809172
0 0.22007234 0.62788351 0.21603261 0.03698225
0 0.2180343 0.67226221 0.2076087 0.03957101
0 0.22903973 0.71220303 0.22798913 0.03180473
0 0.22224625 0.76610466 0.21440217 0.03901627
0 0.23325169 0.81843454 0.22119565 0.05454882
0 0.42577886 0.41116753 0.17581522 0.0329142
0 0.43583321 0.45175555 0.19918478 0.02977071
0 0.44153973 0.49336058 0.20298913 0.02866124
0 0.4461593 0.53487315 0.21059783 0.03698225
0 0.45702886 0.58017641 0.20244565 0.03587278
0 0.46789843 0.62335318 0.23179348 0.03494822
0 0.45702886 0.67050555 0.19755435 0.0379068
0 0.45784408 0.71959948 0.20081522 0.03735207
0 0.45322451 0.76379327 0.20516304 0.03846154
0 0.45512669 0.81381176 0.23016304 0.03901627
0 0.65634951 0.40987315 0.17663043 0.03661243
0 0.66382234 0.44842715 0.1736413 0.02718195
0 0.67971908 0.49178883 0.18586957 0.03402367
0 0.67822451 0.53367123 0.2236413 0.03531805
0 0.6867843 0.57731028 0.2076087 0.03125
0 0.69860495 0.62196635 0.22201087 0.03439349
0 0.70458321 0.66569786 0.21277174 0.02718195
0 0.70322451 0.71395969 0.20679348 0.02940089
0 0.70009951 0.75611945 0.20380435 0.03753698
0 0.71287125 0.80974371 0.23858696 0.04308432
