0 0.52057092 0.82611196 0.20666667 0.03875
0 0.22473759 0.77986196 0.22166667 0.03375
0 0.53723759 0.77548696 0.25 0.0325
0 0.80723759 0.76986196 0.21666667 0.03125
0 0.25057092 0.72361196 0.26333333 0.03125
0 0.80557092 0.71736196 0.20333333 0.02875
0 0.51640425 0.72111196 0.205 0.03125
0 0.50640425 0.66673696 0.185 0.03
0 0.22723759 0.66548696 0.22333333 0.0325
0 0.81140425 0.66298696 0.21833333 0.03
0 0.81473759 0.60861196 0.22166667 0.02875
0 0.50223759 0.60923696 0.17666667 0.03
0 0.21640425 0.60861196 0.19833333 0.02875
0 0.80807092 0.55298696 0.20166667 0.0325
0 0.20723759 0.55111196 0.17 0.02875
0 0.50640425 0.55111196 0.18166667 0.03125
0 0.80390425 0.49736196 0.19333333 0.02875
0 0.49807092 0.49298696 0.165 0.0325
0 0.21473759 0.49298696 0.18833333 0.03
0 0.79890425 0.44111196 0.18333333 0.02875
0 0.51223759 0.43673696 0.19 0.0325
0 0.22640425 0.43611196 0.20833333 0.03375
0 0.79223759 0.38298696 0.17 0.03
0 0.53057092 0.38236196 0.21666667 0.02875
0 0.23473759 0.37861196 0.22166667 0.03125
0 0.80640425 0.32798696 0.19833333 0.03
0 0.53390425 0.32361196 0.23 0.03125
0 0.25473759 0.32298696 0.26166667 0.0325
0 0.79557092 0.27361196 0.17333333 0.02875
0 0.50890425 0.27236196 0.17333333 0.03375
0 0.24557092 0.26673696 0.23666667 0.03
0 0.80973759 0.21861196 0.19833333 0.02875
0 0.53473759 0.21423696 0.22166667 0.03
0 0.21307092 0.21048696 0.17166667 0.03
0 0.79640425 0.16361196 0.17833333 0.02875
0 0.50723759 0.15861196 0.17 0.03125
0 0.21973759 0.15361196 0.17833333 0.03375
0 0.81557092 0.11048696 0.22 0.0275
0 0.22890425 0.09986196 0.19666667 0.02875
0 0.79807092 0.05986196 0.17833333 0.03125
0 0.21723759 0.04361196 0.17 0.03125
0 0.52473759 0.05111196 0.195 0.04125
0 0.52390425 0.10423696 0.19 0.0375
0 0.20390425 0.83736196 0.18 0.04375
0 0.82140425 0.82611196 0.23833333 0.03375
