0 0.95325002 0.34572994 0.09349996 0.0375
0 0.72066671 0.29572994 0.29833333 0.0375
0 0.69733338 0.24510494 0.255 0.03375
0 0.94825002 0.19885494 0.10349996 0.03375
0 0.69150004 0.19760494 0.24666667 0.03875
0 0.37316671 0.19572994 0.26333333 0.0375
0 0.94658336 0.15322994 0.10683329 0.0375
0 0.35733338 0.14322994 0.23833333 0.0375
0 0.94491669 0.10760494 0.11016662 0.03375
0 0.34400004 0.09885494 0.20166667 0.03625
0 0.36316671 0.24197994 0.25666667 0.0375
0 0.35066671 0.29197994 0.23833333 0.0375
0 0.35566671 0.34697994 0.23833333 0.0325
0 0.36566671 0.39760494 0.27833333 0.02875
0 0.35900004 0.45385494 0.26166667 0.03375
0 0.36150004 0.50572994 0.27666667 0.0375
0 0.36483338 0.56322994 0.28 0.0375
0 0.72316671 0.34635494 0.29333333 0.04125
0 0.69400004 0.09760494 0.24833333 0.03875
0 0.69483338 0.14760494 0.25 0.03875
0 0.70816671 0.39572994 0.27 0.035
0 0.70483338 0.44760494 0.28 0.03625
0 0.71066671 0.50447994 0.26833333 0.0325
0 0.74066671 0.55760494 0.325 0.03875
0 0.94908336 0.24510494 0.10183329 0.03875
0 0.95408336 0.29447994 0.09183329 0.035
0 0.95908336 0.39510494 0.08183329 0.04125
0 0.95575002 0.44822994 0.08849996 0.0375
0 0.95908336 0.50072994 0.08183329 0.0375
0 0.96241669 0.55510494 0.07516662 0.04625
