0 0.10620279 0.40092428 0.21166667 0.03875
0 0.10786945 0.59404928 0.205 0.0375
0 0.41620279 0.58529928 0.225 0.035
0 0.12286945 0.52904928 0.23166667 0.035
0 0.41120279 0.52092428 0.215 0.03125
0 0.13953612 0.46592428 0.255 0.03375
0 0.41036945 0.45967428 0.21333333 0.03125
0 0.42120279 0.39717428 0.22833333 0.03375
0 0.73786945 0.39092428 0.27833333 0.03875
0 0.72536945 0.33717428 0.25 0.03375
0 0.10870279 0.33967428 0.21 0.03375
0 0.40786945 0.33654928 0.20833333 0.0325
0 0.12453612 0.27842428 0.225 0.03125
0 0.41120279 0.27779928 0.21166667 0.0325
0 0.71453612 0.27529928 0.24166667 0.0325
0 0.12620279 0.22217428 0.22166667 0.03375
0 0.69203612 0.21654928 0.19666667 0.0325
0 0.13120279 0.16092428 0.22833333 0.03125
0 0.68370279 0.15779928 0.18333333 0.03
0 0.40620279 0.15904928 0.20166667 0.0325
0 0.68370279 0.09967428 0.18333333 0.03125
0 0.12120279 0.10092428 0.20833333 0.03375
0 0.41870279 0.09904928 0.23 0.03
0 0.10703612 0.04467428 0.17333333 0.03375
0 0.69953612 0.04467428 0.21833333 0.03375
0 0.40120279 0.04592428 0.195 0.03625
0 0.76036945 0.45654928 0.32333333 0.0375
0 0.76870279 0.51904928 0.36666667 0.04
0 0.78286945 0.58092428 0.355 0.03875
0 0.40120279 0.21967428 0.20166667 0.03625
