0 0.19054131 0.46566857 0.18666667 0.03875
0 0.19470797 0.40316857 0.19166667 0.04375
0 0.20887464 0.33691857 0.22333333 0.04875
0 0.22304131 0.27691857 0.24833333 0.04875
0 0.20970797 0.21441857 0.225 0.04375
0 0.19804131 0.15566857 0.20166667 0.04125
0 0.49637464 0.10441857 0.225 0.05125
0 0.19304131 0.09504357 0.20833333 0.05
0 0.20387464 0.53129357 0.21666667 0.0525
0 0.19387464 0.59129357 0.21666667 0.0525
0 0.19887464 0.65004357 0.21666667 0.0525
0 0.49137464 0.16191857 0.225 0.05125
0 0.49470797 0.22316857 0.225 0.05125
0 0.48970797 0.28316857 0.225 0.05125
0 0.49804131 0.34691857 0.24166667 0.05375
0 0.50804131 0.40816857 0.24166667 0.05375
0 0.49804131 0.46816857 0.24166667 0.05375
0 0.48970797 0.52441857 0.24166667 0.05375
0 0.49137464 0.58691857 0.24166667 0.05375
0 0.49804131 0.64566857 0.24166667 0.05375
0 0.78304131 0.12254357 0.24166667 0.055
0 0.78304131 0.18066857 0.24166667 0.05375
0 0.78304131 0.23566857 0.24166667 0.05375
0 0.78137464 0.29566857 0.24166667 0.05375
0 0.77804131 0.34941857 0.24166667 0.05375
0 0.78470797 0.40941857 0.24166667 0.05375
0 0.79137464 0.46816857 0.24166667 0.05375
0 0.79137464 0.52316857 0.24166667 0.05375
0 0.78637464 0.58441857 0.24166667 0.05375
0 0.77637464 0.64316857 0.24166667 0.05375
