0 0.2682897 0.69165841 0.24 0.0425
0 0.54995637 0.68540841 0.25333333 0.0475
0 0.82245637 0.67790841 0.23833333 0.0425
0 0.26662303 0.62915841 0.23666667 0.0425
0 0.54412303 0.62603341 0.245 0.03875
0 0.81745637 0.61665841 0.235 0.0375
0 0.2657897 0.57478341 0.235 0.04375
0 0.54245637 0.57103341 0.245 0.04125
0 0.8232897 0.56790841 0.25 0.0475
0 0.8157897 0.51040841 0.23833333 0.0425
0 0.26412303 0.51603341 0.235 0.04375
0 0.5432897 0.51228341 0.24666667 0.03875
0 0.81245637 0.45540841 0.23833333 0.04
0 0.26162303 0.45478341 0.23 0.04375
0 0.5382897 0.45228341 0.24 0.03875
0 0.8057897 0.40228341 0.22833333 0.04125
0 0.53412303 0.39853341 0.23166667 0.03625
0 0.2607897 0.39665841 0.235 0.04
0 0.80245637 0.34915841 0.225 0.0375
0 0.25412303 0.34478341 0.22166667 0.04125
0 0.54245637 0.34228341 0.24833333 0.04625
0 0.80162303 0.29353341 0.22333333 0.04375
0 0.53162303 0.28603341 0.23333333 0.03875
0 0.2607897 0.28478341 0.23166667 0.04125
0 0.80245637 0.24040841 0.23166667 0.035
0 0.5282897 0.22540841 0.23 0.04
0 0.2657897 0.22915841 0.245 0.04
0 0.7932897 0.18915841 0.22666667 0.04
0 0.25412303 0.17228341 0.22833333 0.03875
0 0.51912303 0.17415841 0.235 0.045
