0 0.48852457 0.9445413 0.23666667 0.03625
0 0.21852457 0.9389163 0.25666667 0.0425
0 0.02759562 0.9276663 0.05519123 0.0375
0 0.49102457 0.8895413 0.23833333 0.03375
0 0.20519123 0.8776663 0.22666667 0.035
0 0.02176228 0.8701663 0.04352457 0.035
0 0.49269123 0.8282913 0.235 0.04375
0 0.20769123 0.8239163 0.225 0.04
0 0.03092895 0.8126663 0.0618579 0.04
0 0.49352457 0.7745413 0.23666667 0.04375
0 0.21019123 0.7664163 0.23 0.04
0 0.03009562 0.7645413 0.06019123 0.03625
0 0.21352457 0.7120413 0.23666667 0.03375
0 0.49102457 0.7114163 0.225 0.04
0 0.03092895 0.7082913 0.0618579 0.03875
0 0.4993579 0.6607913 0.24166667 0.04875
0 0.2043579 0.6557913 0.215 0.03875
0 0.03009562 0.6482913 0.06019123 0.04125
0 0.02759562 0.5907913 0.05519123 0.03875
0 0.50102457 0.5945413 0.23833333 0.04125
0 0.21852457 0.5932913 0.24 0.03625
0 0.5043579 0.5401663 0.23166667 0.04
0 0.02676228 0.5395413 0.05352457 0.03625
0 0.21352457 0.5357913 0.22666667 0.04125
0 0.02426228 0.4820413 0.04852457 0.03625
0 0.50519123 0.4770413 0.23333333 0.03875
0 0.21769123 0.4776663 0.235 0.0375
0 0.02676228 0.4232913 0.05352457 0.03375
0 0.50102457 0.4195413 0.225 0.04125
0 0.2193579 0.4157913 0.23833333 0.03875
