0 0.51465634 0.33330782 0.21333333 0.035
0 0.50548967 0.28143282 0.195 0.03375
0 0.513823 0.22893282 0.21166667 0.03625
0 0.03649483 0.22955782 0.07298967 0.0375
0 0.216323 0.22705782 0.16 0.04
0 0.02732817 0.17393282 0.05465634 0.03375
0 0.51298967 0.16955782 0.20666667 0.03
0 0.238823 0.17268282 0.205 0.03625
0 0.508823 0.11455782 0.205 0.0275
0 0.0431615 0.12080782 0.086323 0.0375
0 0.22798967 0.11580782 0.18666667 0.035
0 0.50548967 0.06143282 0.19833333 0.02875
0 0.236323 0.06080782 0.20333333 0.03
0 0.00732817 0.06018282 0.01465634 0.03125
0 0.50048967 0.01165391 0.19166667 0.02330782
0 0.223823 0.00977891 0.18166667 0.01955782
0 0.0381615 0.00977891 0.076323 0.01955782
0 0.0356615 0.29018282 0.071323 0.03625
0 0.228823 0.28518282 0.185 0.03625
0 0.25215634 0.34268282 0.23166667 0.03625
0 0.523823 0.39330782 0.225 0.04
0 0.53048967 0.45143282 0.24166667 0.03875
0 0.52215634 0.50830782 0.225 0.0375
0 0.528823 0.56455782 0.215 0.04
0 0.233823 0.40205782 0.195 0.0425
0 0.22298967 0.45768282 0.17333333 0.03625
0 0.24298967 0.51330782 0.21666667 0.03
0 0.24048967 0.56330782 0.22166667 0.04
0 0.0306615 0.34768282 0.061323 0.03375
0 0.02982817 0.40518282 0.05965634 0.03875
0 0.03482817 0.46018282 0.06965634 0.03125
0 0.03649483 0.51768282 0.07298967 0.03625
0 0.02149483 0.57768282 0.04298967 0.03375
