0 0.21794613 0.42826053 0.19433333 0.0445
0 0.20844613 0.48376053 0.19 0.049
0 0.20627946 0.54188553 0.18566667 0.04125
0 0.1976128 0.59838553 0.171 0.04575
0 0.2071128 0.65438553 0.20133333 0.04675
0 0.2121128 0.71751053 0.22333333 0.0445
0 0.21494613 0.77563553 0.22633333 0.04125
0 0.1816128 0.83701053 0.16833333 0.0425
0 0.1816128 0.90451053 0.171 0.0445
0 0.19527946 0.96363553 0.20433333 0.04575
0 0.51777946 0.42501053 0.232 0.051
0 0.50994613 0.48538553 0.22166667 0.04775
0 0.50977946 0.54138553 0.216 0.04675
0 0.52577946 0.59788553 0.25666667 0.04475
0 0.50694613 0.65663553 0.22766667 0.04025
0 0.49894613 0.71476053 0.20566667 0.0455
0 0.50844613 0.77776053 0.22733333 0.05
0 0.50844613 0.83551053 0.23333333 0.0435
0 0.4976128 0.89951053 0.21766667 0.0435
0 0.4926128 0.96101053 0.213 0.049
0 0.80277946 0.44201053 0.20733333 0.05
0 0.8186128 0.50176053 0.23633333 0.0455
0 0.8121128 0.55551053 0.232 0.038
0 0.81777946 0.60776053 0.232 0.0445
0 0.8301128 0.66913553 0.25666667 0.05225
0 0.78894613 0.72401053 0.177 0.036
0 0.80627946 0.78001053 0.209 0.0455
0 0.80994613 0.84188553 0.22166667 0.04775
0 0.80627946 0.90338553 0.22033333 0.04875
0 0.8281128 0.96051053 0.26666667 0.0435
