0 0.08067083 0.81505759 0.16134166 0.04
0 0.0923375 0.76568259 0.184675 0.04625
0 0.31550833 0.64880759 0.20166667 0.0425
0 0.29634166 0.60193259 0.16666667 0.03625
0 0.08650416 0.59380759 0.17300833 0.0425
0 0.09067083 0.65005759 0.18134166 0.04
0 0.09400416 0.70193259 0.18800833 0.04625
0 0.08150416 0.86255759 0.16300833 0.04
0 0.0823375 0.91255759 0.164675 0.04
0 0.0848375 0.96568259 0.169675 0.04375
0 0.32050833 0.70568259 0.215 0.04625
0 0.31884166 0.75443259 0.215 0.04625
0 0.31884166 0.80943259 0.215 0.04625
0 0.31550833 0.86318259 0.215 0.04625
0 0.312175 0.91443259 0.215 0.04625
0 0.33050833 0.96818259 0.215 0.04625
